/*--------------------------------*- C++ -*----------------------------------*\
| =========                 |                                                 |
| \\      /  F ield         | OpenFOAM: The Open Source CFD Toolbox           |
|  \\    /   O peration     | Version:  2406                                  |
|   \\  /    A nd           | Website:  www.openfoam.com                      |
|    \\/     M anipulation  |                                                 |
\*---------------------------------------------------------------------------*/
FoamFile
{
    version     2.0;
    format      ascii;
    arch        "LSB;label=32;scalar=64";
    class       scalarField;
    location    "0.003/lagrangian/dsmc";
    object      Ei;
}
// * * * * * * * * * * * * * * * * * * * * * * * * * * * * * * * * * * * * * //


5160
(
9.510096048e-21
6.484026768e-21
9.895639396e-21
1.814776763e-21
1.486311834e-21
2.10730773e-21
6.412592532e-21
6.105912603e-22
2.599397578e-21
1.019412625e-22
7.60199925e-21
2.783567177e-21
1.422327754e-21
3.748365902e-21
7.415931853e-22
4.958634916e-22
1.512603453e-21
1.167422337e-21
7.608282376e-21
3.522796839e-21
3.168360395e-21
1.869069973e-20
4.890999858e-21
1.09939126e-20
3.963810908e-21
4.702282854e-22
5.372341479e-22
3.557753403e-21
2.295286845e-21
1.275793072e-21
9.77081483e-21
4.927747474e-22
1.08102451e-20
1.446716349e-20
3.546977389e-21
1.590706709e-22
2.494492419e-21
1.446449857e-21
5.782618998e-22
2.466090996e-21
2.451641995e-21
1.304848283e-21
2.944722159e-21
5.806883196e-23
2.061146628e-21
5.989434526e-21
1.178075023e-22
4.626048238e-21
4.970365101e-21
6.195629797e-21
9.133919556e-21
3.827883465e-21
3.435208366e-21
1.268630891e-20
1.024289775e-20
2.2472923e-21
1.521141035e-20
4.258469326e-21
3.133026728e-21
3.414700793e-22
4.514786663e-22
1.334526512e-20
8.172446461e-21
4.60384535e-21
1.815294414e-21
2.587006286e-21
5.257928312e-22
9.102248382e-21
2.42869165e-21
2.139811997e-21
1.005877244e-21
2.059856188e-22
7.064160746e-21
4.618005841e-21
5.555580716e-23
4.197357912e-22
7.059817401e-22
3.61497275e-21
2.330455984e-21
9.114145624e-21
1.537608213e-21
2.185950818e-21
3.351482638e-21
2.276512667e-21
1.075251948e-20
1.594111494e-21
3.117358923e-21
3.750100821e-21
9.195510221e-21
1.508027873e-21
8.53741837e-21
8.148096264e-22
1.36898855e-22
4.267390208e-22
2.058437627e-21
1.316262096e-21
1.148090831e-21
3.26645606e-21
3.002014087e-21
1.380741223e-21
1.343941702e-20
5.363512813e-21
1.093063961e-20
5.440562772e-22
5.150436634e-21
1.574400448e-21
7.601398924e-23
1.484713343e-21
5.609385321e-21
1.064873749e-20
1.832768821e-21
2.253936459e-22
5.791164096e-22
3.594296809e-21
2.982306166e-21
1.615315789e-21
3.418149075e-21
2.882254179e-21
2.774144116e-21
1.241716685e-20
9.164794928e-23
3.289480284e-21
6.22944881e-23
2.623256065e-21
4.204051093e-21
9.701802161e-22
1.02362169e-20
2.704579364e-21
6.888332542e-21
1.449338453e-21
1.230281623e-21
9.151779496e-22
4.858832906e-21
2.517210695e-21
4.324140145e-21
1.19611279e-21
3.149194578e-21
8.5016337e-21
1.958254989e-21
1.192101419e-21
5.716679872e-21
1.648269313e-20
1.224199607e-20
1.473122057e-21
1.473039927e-21
1.918303338e-20
1.001995531e-21
2.594274753e-21
1.850126299e-22
9.774136455e-22
1.873778829e-21
2.827580602e-23
4.052583648e-21
1.097289813e-21
6.763037721e-22
8.671888036e-22
5.776553864e-22
3.112248198e-21
7.763924816e-21
2.558762085e-22
1.845247838e-21
1.020868095e-20
1.32897824e-21
1.596026586e-21
1.00840295e-20
1.876038735e-20
1.71536323e-20
1.661124057e-20
6.799689424e-22
3.759656557e-22
8.952897426e-22
2.68455965e-21
5.868602776e-21
9.776957342e-21
3.355329727e-21
1.478337711e-21
2.571795823e-21
3.777450629e-21
2.034484255e-22
7.945753629e-22
2.178399642e-20
8.762914368e-21
4.011790329e-21
4.511528304e-21
4.857884119e-21
6.212127371e-22
6.329363198e-22
1.289423371e-20
3.095299665e-21
4.24944311e-22
1.271048429e-20
3.472580565e-21
3.828110607e-21
1.103592742e-21
2.221079428e-22
1.571952714e-21
6.160348877e-21
9.751321866e-22
4.673834854e-22
2.686219299e-21
4.093783734e-21
2.095860474e-21
4.378198779e-21
1.112545922e-20
1.086257114e-20
8.748907627e-21
3.119228601e-22
1.964958708e-22
4.192611757e-22
2.381420307e-22
4.880806075e-22
7.072094698e-21
1.870946222e-21
6.718065554e-21
2.895744479e-21
2.124715634e-20
3.567751648e-21
1.214966849e-21
1.340716978e-21
1.82545249e-21
9.989028532e-22
2.741878822e-21
1.186269954e-21
1.589449369e-21
2.357143594e-21
6.773855471e-22
2.811885413e-21
2.42786164e-21
1.971170604e-21
4.73421251e-21
3.965451027e-21
7.897270948e-22
4.368060022e-22
1.197932317e-20
3.696826748e-22
1.17208927e-21
1.954936676e-21
2.603611976e-21
9.824242098e-21
1.569045034e-20
4.313113148e-21
6.75217339e-22
7.864460522e-21
4.859676133e-22
3.721113575e-22
9.570994347e-21
6.359648161e-21
4.751640376e-22
4.052081454e-22
4.866413163e-23
5.050270807e-22
9.346659112e-21
3.634980452e-21
9.409602308e-21
2.525215645e-22
3.937542497e-21
1.461021999e-20
6.250124315e-22
8.123525787e-21
8.097270313e-21
4.746014276e-21
1.153995935e-20
6.15644743e-21
3.051051127e-21
4.017830242e-21
3.602912202e-21
4.57151058e-21
2.040399868e-21
2.895122718e-21
1.599971461e-20
1.167580707e-21
1.280464522e-21
3.147506388e-21
3.621399957e-21
5.666841187e-21
8.279968427e-21
4.906931427e-22
5.743526143e-21
4.108595889e-21
1.934215293e-21
1.046757605e-20
8.724373346e-22
6.200887533e-22
1.706912956e-21
3.6083029e-21
1.264161765e-22
1.830088444e-21
3.126541034e-21
8.711518577e-21
1.079719832e-21
4.369657177e-21
2.217465268e-21
2.649618657e-21
1.305315471e-21
8.32116306e-22
5.382695321e-21
2.894253761e-21
3.784435362e-21
4.254698023e-22
7.684337264e-21
8.009178391e-22
4.322515096e-23
4.762125833e-21
1.042172615e-20
1.356773876e-21
1.958982227e-21
2.587681016e-21
2.570056425e-21
9.963241447e-21
8.623111617e-22
1.739038545e-21
5.689301609e-21
5.552723819e-22
3.881089523e-21
3.162641749e-21
5.525815346e-21
1.979599213e-21
1.622236201e-21
3.03241144e-21
1.328432269e-21
8.230628127e-21
2.90902137e-21
2.552487844e-22
1.83456747e-21
5.15089456e-21
1.114652303e-20
7.409764591e-21
2.579325232e-21
8.492358753e-21
5.047645529e-21
2.47788631e-22
2.821840691e-21
1.690987307e-21
4.015786681e-21
3.514284823e-21
9.000869303e-22
4.576210809e-21
2.159561591e-21
1.95412676e-21
5.986988908e-22
7.323311138e-21
1.144724374e-21
4.98532864e-21
2.577799667e-21
9.167176693e-22
3.738315638e-22
3.299248459e-21
9.908977109e-22
1.046500669e-22
4.78496653e-21
1.365030618e-20
8.186367578e-22
5.843016021e-22
3.676484376e-21
1.437159927e-21
5.354305065e-22
2.267802905e-21
1.776461137e-21
4.33855091e-21
8.740999755e-21
4.920659292e-21
6.007668139e-21
3.448508886e-21
5.726315791e-22
7.421068539e-22
2.730510989e-21
6.18914626e-21
4.371879021e-21
2.133187708e-21
4.486846095e-21
2.273007371e-21
6.466559707e-21
1.428466918e-20
4.193072107e-21
1.223459206e-20
8.823556556e-22
5.801251856e-21
2.261496932e-22
2.222094038e-21
3.199665407e-21
5.886187599e-21
2.086156498e-21
1.403873248e-21
2.193427751e-22
9.578346173e-21
6.81393966e-22
2.048972467e-21
3.973231789e-23
7.055735145e-22
1.781858859e-23
1.400019945e-21
1.503648593e-20
2.68988209e-21
1.875296608e-22
6.359103739e-21
3.923925146e-22
3.049606564e-21
6.162911023e-21
2.534480675e-21
2.351926422e-21
4.9273252e-21
6.274399144e-22
8.965198276e-21
8.373539213e-21
1.127653724e-20
6.566462654e-21
2.942337446e-21
4.424126175e-21
2.116748993e-21
4.05873284e-21
2.501068384e-21
4.368135475e-22
9.84110875e-22
2.206379633e-21
4.71260107e-21
8.083188055e-21
8.112182416e-21
2.018584906e-21
3.814058861e-21
1.743306124e-21
3.596851062e-21
1.238165182e-20
1.05143125e-21
9.408068641e-21
6.395154662e-21
3.066282206e-21
8.331426895e-21
3.161526546e-21
1.185273283e-20
7.054211258e-21
1.572125297e-21
3.566555038e-21
1.028408243e-21
1.759792411e-20
8.703232639e-21
3.314528478e-21
2.251092736e-21
6.56913775e-21
3.451036202e-21
9.616407667e-23
1.663742339e-21
8.606929037e-22
1.983090708e-21
1.185830174e-20
1.677843894e-21
1.381637514e-21
2.604816352e-21
1.094596868e-21
1.813093606e-21
1.417872264e-20
9.884942941e-22
4.59392753e-21
1.104533705e-20
6.370277774e-21
1.383091248e-20
1.26267171e-20
5.939381216e-21
1.926949848e-21
1.022260127e-21
2.449335995e-21
5.798421119e-21
1.408028396e-20
2.558295579e-21
1.658208845e-21
5.559133397e-21
5.299501486e-21
6.379047471e-22
8.511840058e-21
6.365745876e-21
2.998668938e-22
2.732849335e-21
4.070777027e-21
6.87670645e-21
8.678709375e-23
2.806573705e-21
1.486722699e-21
2.624257169e-22
8.076730079e-21
2.28328009e-21
5.778694518e-21
1.024879729e-22
1.51904995e-21
6.655028381e-21
2.674498786e-21
1.655815318e-21
2.932240848e-21
2.289295243e-21
2.415814353e-21
6.230483294e-21
2.39468557e-21
3.392702521e-21
1.292013271e-21
2.582605553e-21
6.011584287e-22
1.743166524e-21
1.391142304e-20
5.920580855e-21
5.670680971e-23
5.675019746e-22
9.593230706e-21
2.548734264e-20
3.766715132e-21
6.592880893e-22
3.206405697e-21
3.133281089e-21
1.275843744e-20
1.094073147e-20
1.454351181e-20
1.376082726e-21
3.722249575e-21
1.209945839e-21
1.619523082e-21
9.954143329e-22
1.224644927e-21
2.186051415e-21
1.897014101e-21
7.593637949e-22
1.823750857e-21
8.069301159e-21
3.245583486e-21
1.420893124e-20
2.970985808e-22
1.74108969e-22
1.280866778e-21
5.173065531e-21
3.21743033e-21
1.797578882e-21
2.430522952e-20
1.132889839e-20
1.798118723e-21
1.12702399e-20
1.25399922e-21
8.097570651e-21
6.305386758e-22
2.159783136e-21
5.633150213e-22
3.969651464e-21
2.939194137e-22
1.560213713e-20
4.405679544e-21
1.230123685e-21
8.931149239e-23
5.330684924e-21
4.464333019e-21
3.315639519e-21
1.414233512e-20
1.088314494e-21
2.972363876e-21
1.33362781e-21
2.315649972e-21
4.176007401e-21
8.473911532e-22
4.506885302e-21
3.654792782e-21
2.769352213e-21
2.01875877e-21
2.861028521e-21
5.845127057e-21
3.51207286e-22
7.382015874e-21
1.001193442e-20
5.423591561e-21
2.037512738e-21
9.769557604e-21
2.960702412e-22
2.799152445e-22
5.786671212e-22
2.251988765e-21
8.856770421e-21
1.882014641e-21
9.443072732e-22
4.56463858e-21
1.284014059e-21
3.879218227e-21
7.691322456e-21
1.452020722e-21
4.98408361e-21
9.369207435e-22
3.383841226e-21
5.751965114e-21
5.418608705e-21
4.49177111e-21
2.050523794e-21
8.599076563e-22
2.57173739e-21
5.957875072e-21
4.142723486e-21
3.093792209e-21
3.541134419e-21
2.943593952e-22
1.546139276e-21
5.90817723e-22
2.187440415e-21
1.129550787e-21
7.039489251e-22
8.039431461e-22
2.75235385e-21
5.546824519e-21
1.355726921e-23
5.30906421e-21
2.505928247e-20
1.885081182e-21
5.507268077e-21
5.307966433e-22
4.505317551e-21
5.865782163e-21
4.187067114e-22
3.447346986e-21
1.1238228e-21
1.295358102e-21
7.994865962e-21
3.007773259e-21
1.832092593e-21
9.104363748e-21
1.146282155e-22
1.583109565e-21
1.85103219e-20
1.005318742e-21
5.631804819e-21
1.708384932e-21
1.032221471e-20
4.065665275e-22
9.296751241e-22
3.001783011e-21
1.074149152e-21
1.388218483e-21
3.85896868e-23
6.794137816e-21
4.540281635e-21
1.648987163e-22
5.097528309e-22
5.420976269e-21
2.90001231e-21
9.383458423e-23
1.053410836e-21
4.507734443e-21
9.090450257e-22
2.696996826e-22
3.844649531e-21
4.321050463e-21
1.06665974e-20
1.175601897e-21
9.888313323e-22
1.071782675e-21
4.27282532e-21
4.75449061e-22
1.208161617e-21
7.721735626e-22
8.789136581e-21
6.982191768e-21
1.943576776e-21
1.607106966e-20
3.857556127e-21
1.293085958e-21
1.097957985e-20
2.215940855e-21
3.180873521e-21
3.805927712e-21
1.063056414e-21
5.361691276e-21
1.425141046e-22
1.718607311e-21
3.578251928e-22
3.14851572e-21
3.62282234e-21
2.608865362e-21
3.305069555e-22
9.926038862e-22
1.275189466e-21
1.796736897e-22
2.57378944e-22
1.622792792e-21
8.145813309e-22
1.850756276e-21
3.591323737e-22
9.916399683e-22
2.149995945e-21
8.357688114e-21
4.819511385e-21
4.417332088e-22
8.193763314e-21
2.689247891e-22
1.576264391e-21
6.472114291e-21
1.641924491e-21
1.541541953e-21
1.291584776e-21
3.254292323e-22
2.320958934e-21
1.652721969e-22
1.815710876e-21
2.685933299e-21
1.443725543e-20
4.385063021e-21
6.354445551e-21
1.396146537e-20
9.670128288e-22
1.800049039e-20
3.980257012e-21
3.609874686e-22
3.046568988e-21
5.141086589e-22
5.64905068e-21
1.032302261e-20
7.760283772e-21
1.328085048e-21
3.486724514e-21
3.449728669e-21
7.508484703e-22
4.322283904e-21
3.789265026e-22
1.437630665e-21
6.906787977e-21
1.009435671e-21
4.868863277e-21
1.41670584e-21
3.72008597e-21
2.703574961e-22
8.566134964e-21
9.367187111e-21
1.285478058e-21
1.810317322e-21
4.867572221e-21
4.334581059e-21
1.493749503e-22
3.37961818e-21
3.283651208e-21
6.944763398e-21
6.898764533e-22
1.936596204e-21
1.901205558e-21
1.40513552e-21
1.550607897e-21
4.282465041e-21
3.189447538e-22
5.455238983e-21
1.316324223e-21
1.11023317e-21
4.277679472e-21
4.387102135e-21
2.784509051e-22
1.472188015e-21
1.455935417e-21
7.665434152e-21
4.152818825e-21
1.107484519e-21
2.994716812e-21
4.365507086e-21
4.350059074e-21
6.535190488e-21
4.225522398e-22
3.81817785e-22
8.195139478e-22
1.969947475e-21
4.027405517e-20
1.909257496e-21
9.118709521e-22
2.94387869e-21
1.187166961e-21
2.698607135e-21
6.074026893e-22
3.847667401e-21
4.209326121e-21
7.028107976e-21
8.934947976e-22
6.294850154e-21
3.229793632e-21
8.900373193e-21
9.344254051e-21
1.284206632e-20
6.227694686e-21
1.428509017e-21
7.998112047e-21
6.314227206e-22
3.160690183e-21
5.135141136e-21
5.827283654e-21
2.022692966e-20
1.960603388e-22
2.578092984e-22
2.331445475e-21
1.413074027e-21
3.191123241e-22
2.090255204e-20
4.803452412e-21
2.566597751e-21
1.631164625e-21
6.180976591e-21
5.997308638e-21
2.792408444e-21
1.205709452e-21
1.281545042e-20
1.981492466e-21
2.978774213e-21
1.208242327e-20
2.670697612e-21
4.174608149e-21
9.739626619e-21
3.133145856e-21
4.22306083e-21
7.10502878e-22
5.909099411e-21
1.501368854e-21
4.365942731e-22
3.251484451e-21
1.630650694e-21
9.107836646e-21
1.023080251e-20
6.430323386e-22
8.169217108e-21
3.047839284e-21
2.587780052e-21
5.685629089e-21
2.838905211e-21
1.324732852e-20
2.304656365e-20
1.297737954e-21
6.178696234e-21
2.578044847e-21
5.298907252e-21
3.351175972e-20
8.845680255e-22
8.092086183e-21
1.209636502e-20
2.025642527e-21
1.655007507e-21
3.610199372e-21
9.295682575e-21
2.051727511e-21
2.546703995e-21
1.642188112e-20
4.382567191e-21
1.69922751e-22
1.966981929e-22
1.794672964e-21
5.380930937e-21
2.714327372e-21
4.932129723e-21
4.729860277e-21
1.188455396e-20
3.412209345e-22
2.096413771e-21
7.215539362e-21
2.03250733e-20
1.151614927e-21
6.775283425e-21
1.936906271e-21
6.23125498e-21
1.189236548e-21
4.751028127e-21
1.214038791e-20
9.950015664e-21
6.225830756e-21
4.703821061e-21
1.257838312e-21
8.488304287e-22
6.766040352e-22
2.423606859e-21
7.394785196e-22
2.749581569e-21
1.251680084e-20
2.227433032e-21
9.2001335e-21
5.842178842e-21
8.899816897e-21
9.624622616e-21
1.918869981e-21
2.707879583e-21
2.051332488e-22
2.330971124e-22
6.542559912e-21
1.54073154e-21
3.910662583e-21
1.196267774e-21
2.468533261e-21
1.874564094e-20
1.338113727e-21
2.846910351e-21
1.776059763e-21
3.845860428e-21
1.354078913e-22
1.179287709e-20
7.884009369e-21
6.923299012e-21
7.250181997e-21
8.365645154e-21
1.771601478e-21
8.229498763e-21
1.846891789e-21
1.098012833e-21
2.830032679e-22
1.461583627e-21
3.057948499e-21
2.999506704e-21
3.819262105e-21
4.000519981e-22
7.129511667e-22
6.66418969e-21
2.402233714e-21
6.046400282e-22
1.888566958e-21
2.828753123e-21
1.032565055e-20
4.545007892e-21
5.058573518e-21
3.914368817e-21
7.479130783e-22
3.251197063e-21
2.260081212e-21
6.022004557e-21
2.595988681e-22
4.701545242e-21
3.11839556e-22
1.818407634e-21
4.426873598e-21
4.048617241e-21
1.258384284e-21
6.408563671e-22
9.995184289e-21
1.139200054e-21
8.58081217e-22
2.513044908e-21
1.511884565e-20
1.466568738e-21
7.431307929e-22
1.22753417e-22
2.102953735e-21
7.016832539e-21
8.746122004e-22
5.123205877e-21
2.222777618e-22
3.346077501e-21
1.225700787e-20
3.606749432e-21
4.074082075e-21
7.503481012e-21
7.904942172e-21
4.624880259e-22
1.013396725e-20
6.625110073e-21
9.493037281e-21
4.657700314e-21
3.963917591e-21
1.009502974e-21
1.790006858e-21
4.551858795e-21
2.307800066e-21
5.874639915e-22
1.919419586e-21
8.687404583e-21
6.516918173e-22
1.825489593e-21
4.513331497e-21
4.496430273e-21
1.318818797e-22
3.322396572e-21
4.754540379e-21
6.317255613e-21
3.110185038e-21
3.264043703e-21
3.034526917e-22
3.102617423e-21
5.232861763e-22
2.077682014e-21
3.708940493e-21
7.971408872e-22
2.56678979e-21
9.632392221e-22
3.591386936e-21
6.738408992e-21
1.22783574e-20
2.054966198e-21
1.657452721e-21
1.555660183e-20
7.404557596e-21
6.062429056e-21
1.176139564e-20
8.376701889e-21
8.723563396e-23
9.963894674e-21
8.667368361e-22
8.407456757e-22
3.527123132e-21
7.567316018e-21
1.291022636e-20
4.410427176e-21
3.651621066e-21
4.663695113e-21
3.724584465e-21
1.702550064e-20
2.662809572e-21
2.58091452e-21
1.051742135e-21
7.327243996e-22
2.117582988e-21
1.687905218e-21
2.494413066e-21
5.656414757e-21
1.653263767e-22
1.447266377e-22
4.39759907e-23
1.980448156e-21
1.091620176e-20
1.183321174e-21
4.098640132e-21
3.709012224e-21
7.686391798e-22
2.298263126e-21
1.346725236e-21
2.698143323e-21
4.818400844e-22
4.800913936e-21
7.010935399e-21
1.461859673e-20
4.08137944e-21
9.006376469e-21
3.198179542e-21
6.294942615e-21
2.371979343e-20
1.201011667e-20
4.606263268e-21
1.472584478e-21
1.530590903e-22
1.345279715e-20
2.139939198e-21
1.368035948e-21
2.398652974e-21
4.684415162e-21
2.688257901e-21
7.42814085e-21
6.566723615e-21
1.777628407e-21
1.4119499e-20
2.693848927e-21
1.399905133e-20
7.113583106e-22
2.273845741e-21
5.852434004e-22
1.036588537e-21
3.189880218e-21
4.763086291e-22
1.535981138e-22
1.014076912e-20
1.492685185e-21
6.861010502e-21
1.019313191e-21
9.026627362e-22
6.521514702e-21
5.781745812e-21
7.670269102e-22
2.650459998e-21
8.595585891e-21
5.736713366e-21
1.143340782e-21
1.900148466e-22
3.834034771e-21
1.238115028e-20
7.192182816e-21
2.534364975e-21
1.133245456e-20
7.099081143e-21
1.676234751e-22
2.407126815e-21
2.595677746e-21
5.104577959e-22
8.340333944e-21
2.34442309e-21
3.019171696e-21
1.86905015e-21
4.415426572e-21
1.41786035e-21
4.040849312e-21
7.165912367e-22
9.062480109e-21
2.679257687e-22
1.391636326e-21
3.752631289e-21
2.422096005e-21
5.683296698e-21
3.668485427e-21
1.376764585e-21
4.814183337e-21
2.407363048e-22
1.138862137e-20
8.096936002e-22
1.662110089e-21
1.01230356e-20
1.403467579e-21
3.165046874e-21
3.137531319e-21
1.096136612e-21
1.191934438e-21
8.412939812e-22
7.572592317e-22
1.33937138e-21
1.636663202e-22
1.743777098e-21
1.108290097e-21
3.935031351e-21
2.974225311e-21
1.604353851e-21
3.257898907e-21
5.792067294e-21
2.504157284e-21
7.817838292e-23
3.429831277e-21
9.642422599e-22
2.751104681e-21
8.731304921e-22
3.086838213e-22
3.79001795e-22
1.478356464e-21
8.250921774e-21
6.808002054e-22
3.899400351e-21
1.63665579e-21
9.159412243e-21
4.299736186e-21
2.944431311e-21
1.403650327e-20
1.487635541e-20
6.544782087e-21
7.970256971e-21
1.101180929e-21
2.761408045e-21
1.440119275e-20
3.007595973e-21
1.93910623e-21
8.191935241e-21
1.536542249e-21
1.756795801e-21
3.634709741e-22
7.059170004e-22
1.213475763e-21
7.955488022e-21
5.575976494e-23
5.292567431e-22
7.889009145e-21
2.365121041e-22
7.758766378e-23
5.20196325e-22
6.116785377e-21
2.691918696e-21
6.13089908e-22
5.745901048e-21
5.586231613e-21
3.079716487e-21
4.347130337e-21
1.52743641e-21
4.643017155e-22
9.973143021e-21
1.481949388e-21
3.334429165e-21
8.051071557e-22
5.79882344e-21
1.826492819e-20
2.674434614e-22
2.405194291e-21
5.281070622e-21
7.70195104e-21
1.434355122e-21
9.465721283e-21
1.241308578e-21
8.857898029e-21
6.084725731e-21
7.697600776e-21
7.046543156e-22
9.723641732e-21
3.747883823e-21
3.783701295e-21
5.021154766e-21
7.675245111e-21
6.007798729e-21
9.43793196e-21
2.083399701e-20
1.621973513e-20
8.437485969e-22
1.399069059e-20
8.141607126e-23
2.052218433e-21
7.919385426e-22
8.028765424e-22
1.29059154e-21
3.582960617e-21
1.395909035e-21
1.228874281e-21
1.004808362e-21
1.108164118e-21
2.208384876e-21
2.559112469e-21
3.938164802e-21
3.807928232e-21
1.034859806e-20
1.38593325e-21
6.416183237e-21
2.216807066e-21
1.662059054e-21
1.947512351e-21
5.133857951e-22
1.435952534e-21
9.08003536e-22
2.190840217e-22
9.822726127e-21
7.448647743e-21
8.11431122e-22
1.42148283e-21
2.498854073e-21
1.08473469e-21
5.418678747e-22
2.157966652e-20
2.149804282e-21
8.925732876e-21
2.39982366e-21
5.341104045e-22
6.306620271e-21
6.585196717e-22
1.040707048e-21
2.560392913e-21
3.646689872e-21
2.268424706e-21
5.815898237e-22
5.76198474e-21
1.120529377e-20
1.99975188e-21
3.540616915e-22
1.955802499e-21
4.963542269e-23
2.019099056e-21
1.157410813e-21
6.165122377e-22
3.211461468e-21
5.178272499e-21
4.191410535e-21
1.601526671e-21
2.856211936e-22
8.663552403e-22
1.092113409e-21
1.306073514e-21
5.717945865e-21
1.406436165e-21
4.221093837e-22
7.411369473e-21
9.057722336e-22
7.028235971e-22
1.264613356e-21
6.856239895e-21
6.224571894e-23
3.241551326e-21
4.404418774e-21
2.963176998e-21
7.446657769e-21
4.633392512e-21
5.827708701e-21
5.700389296e-21
1.693485617e-21
1.067965934e-20
5.898759759e-22
6.553449847e-22
2.411956938e-21
8.537913778e-23
1.940542567e-21
3.827605544e-21
5.894353186e-21
4.165853746e-21
5.510635616e-21
2.318797773e-21
1.290036537e-21
2.40561841e-21
1.027126065e-21
4.222361517e-21
1.487627983e-20
9.396685956e-22
5.68288334e-22
4.11118273e-22
2.398042403e-22
1.178460335e-21
1.981431691e-21
3.426100174e-22
6.354770623e-23
1.17722674e-20
9.008606113e-21
7.50634376e-22
8.415737022e-21
1.271426611e-21
1.231027445e-20
4.926532676e-21
4.684094783e-21
3.139238494e-21
2.715286515e-21
1.569785236e-22
2.872959928e-21
9.743517715e-21
1.808221907e-20
1.499086384e-21
3.225943838e-21
9.410346241e-22
1.495390411e-21
4.083680602e-22
3.562077982e-22
7.415191506e-21
2.82573241e-21
1.2030421e-20
1.019925871e-21
1.413508851e-22
1.353934898e-21
1.10954047e-21
1.305078488e-20
2.119404682e-20
5.422031694e-21
1.176591437e-20
2.558961549e-21
4.53045943e-21
5.876273197e-22
1.514460295e-22
1.038838648e-21
5.334932248e-21
1.795725658e-21
3.00140262e-21
3.194425955e-22
5.524538429e-21
5.056535344e-22
6.931515809e-22
3.766092221e-21
2.717875801e-21
9.188764626e-22
2.873715247e-21
7.773761966e-22
6.130407508e-22
1.608827748e-21
1.255954905e-21
5.074259437e-21
5.520530236e-22
8.842058846e-22
8.259975414e-21
4.92100414e-21
1.316507478e-21
5.139705319e-21
1.553612704e-21
5.927086122e-21
2.668973834e-21
7.871382018e-21
4.595642521e-21
8.817408352e-22
7.422569448e-21
7.061893919e-21
2.280209746e-21
1.78976541e-21
2.006381359e-22
2.420306124e-20
1.262852348e-21
1.688734735e-21
9.417434178e-23
3.408396793e-21
4.800847383e-22
4.136200695e-21
1.346782786e-20
2.40940078e-21
1.517369447e-21
2.769405931e-21
3.998738847e-21
2.796827304e-21
1.376061409e-20
4.126176399e-21
1.975735722e-21
1.531739495e-20
2.436126031e-21
2.829734732e-21
3.670842706e-21
6.020519759e-21
1.077687136e-21
3.938973459e-21
6.36840232e-21
4.336839049e-21
5.052666851e-21
3.039432697e-21
1.770063692e-22
2.033588224e-21
4.633324424e-21
5.719810084e-21
1.195231375e-20
3.50715737e-22
1.212802229e-21
1.690818749e-21
2.842493477e-22
8.985964978e-21
8.920526419e-22
4.551245321e-21
1.247742421e-22
6.94223488e-21
2.324680355e-21
2.269512352e-21
1.958836685e-20
6.889260484e-21
4.15854578e-21
7.282923964e-21
4.130220243e-21
4.113246172e-23
7.777618647e-21
2.928150531e-21
4.070928024e-21
1.219153924e-21
3.519603844e-21
3.718404553e-21
5.582083435e-21
2.799365973e-21
6.041848436e-21
1.61980765e-21
6.844329419e-21
1.823455305e-20
7.21964486e-21
5.108955045e-21
1.570340083e-22
2.607793906e-22
5.440085076e-22
9.080719698e-23
7.210441766e-24
1.082118774e-20
2.401671086e-21
7.004184782e-22
4.676011341e-21
5.950311035e-22
2.615347647e-21
5.814714292e-21
1.971164038e-21
3.657360826e-21
7.378096546e-22
1.634313223e-21
3.059416843e-21
1.908955007e-21
8.277291092e-22
3.509539236e-21
4.890618104e-21
1.090061698e-20
7.304232396e-22
7.809668506e-21
7.746689715e-22
1.189730148e-20
2.846836119e-21
6.794370543e-22
6.106687352e-22
1.377286037e-21
6.43400098e-21
1.365671605e-20
5.13425657e-22
9.739870708e-21
8.921075855e-21
1.734219856e-21
4.006769732e-22
3.659809622e-22
3.355075745e-21
7.194403583e-22
4.327888619e-22
3.927778796e-21
3.475946853e-21
2.503183803e-21
7.279588338e-22
3.935916684e-21
1.660016625e-21
5.724596106e-21
1.141790223e-21
4.730602686e-21
4.024096091e-21
8.438840236e-22
2.759719992e-21
1.345599926e-21
1.725214426e-21
8.553564127e-23
6.53837148e-21
5.10769537e-21
4.070378588e-21
2.337607904e-21
1.836565191e-22
5.362373499e-21
3.60427029e-22
9.499387259e-22
7.321485659e-21
1.91710991e-21
4.726840196e-21
1.97272847e-21
1.137051117e-21
1.593241655e-21
2.702543278e-21
6.517112521e-21
1.14946991e-21
1.592413784e-21
1.200697009e-20
5.848107109e-22
9.704113257e-22
9.974676297e-21
2.404968402e-21
1.677701056e-21
1.494902853e-22
2.826731678e-22
3.233318375e-21
1.725345163e-21
2.695009423e-21
2.999907484e-22
2.272988819e-20
3.967295052e-21
5.307670637e-21
2.110264518e-21
1.478874886e-21
7.823614055e-21
3.650605987e-21
6.239685888e-21
8.856591728e-22
1.623616566e-22
1.121161125e-21
8.567296805e-21
4.163986661e-21
5.024334905e-21
1.657053876e-21
3.043887141e-21
5.345971562e-22
8.751109747e-22
3.323011977e-21
2.247667876e-21
3.157765847e-21
4.799790291e-22
5.137166061e-22
5.427852273e-21
1.768872316e-22
6.301876215e-21
8.164391325e-21
4.211186695e-21
4.147380073e-21
3.410032425e-21
1.397684776e-21
7.949798776e-21
4.939053664e-21
1.48135867e-21
3.119189171e-21
2.384524435e-21
5.788675442e-21
5.390706438e-21
6.64430048e-21
5.82903519e-21
3.336496918e-21
3.037417066e-21
5.956278317e-21
2.076823468e-20
3.192561496e-21
3.87020382e-21
1.647339674e-21
1.115023123e-21
1.380067421e-20
8.326011814e-21
3.33104257e-22
6.008820411e-21
3.032602323e-21
2.536939298e-21
2.583078993e-21
1.401574716e-21
3.956796275e-22
4.085449048e-21
1.45179545e-21
2.059777979e-21
4.638711646e-22
1.623982874e-20
1.347714164e-21
1.068996506e-20
9.508908906e-21
2.429568342e-21
5.240872783e-22
9.877314335e-21
1.322547096e-20
2.827844967e-22
9.783801834e-22
5.314960844e-21
5.176915855e-22
1.289468147e-21
3.31921759e-21
4.262794192e-21
2.795674322e-22
7.848692023e-21
6.490736367e-22
5.002705734e-21
3.928706542e-21
3.758766945e-21
5.736135832e-21
1.085994093e-20
1.605411163e-22
1.223083777e-20
2.453027343e-21
2.520738282e-21
9.04999404e-22
4.089631002e-21
3.433927676e-21
5.791838087e-21
1.382071178e-20
4.997090553e-21
2.814031611e-21
1.258576483e-21
9.211076944e-22
6.518254337e-21
1.473641125e-21
2.707202155e-21
2.172465899e-21
6.629055885e-21
9.146256904e-21
3.10416512e-21
2.515331638e-21
1.160065342e-20
1.201117687e-21
6.425109384e-22
1.925653502e-21
1.183022211e-22
5.960637019e-21
2.930442553e-21
1.989362255e-21
1.459019057e-21
1.153250739e-20
4.639936821e-21
5.124923119e-21
7.693793457e-23
3.739413184e-21
3.906038455e-21
7.008206724e-21
5.987664854e-21
6.590428641e-21
1.886835713e-21
2.938461796e-21
1.14385779e-20
1.532470448e-20
6.477205703e-22
3.285794312e-21
2.171678002e-23
3.505629541e-21
5.108765106e-21
1.097490557e-21
1.434356044e-21
3.325980928e-22
4.508855215e-21
8.832047529e-21
5.791151195e-21
6.039400707e-22
1.598570793e-21
1.091105227e-20
3.751441531e-21
4.286472971e-21
6.346322191e-21
1.361399932e-20
5.648279239e-22
5.680222961e-21
2.695615698e-21
1.828990633e-20
1.61023055e-22
5.062180806e-21
6.039276124e-21
4.104287281e-22
1.55580139e-20
8.81650227e-22
4.352404301e-21
7.069425994e-22
3.043650219e-21
2.165998265e-21
2.089782834e-21
1.027278157e-20
1.702315039e-21
2.228725314e-21
6.718141124e-21
6.03763544e-22
2.330520473e-21
8.733810716e-22
8.47690013e-21
8.069295664e-21
9.108647128e-21
8.770755044e-22
2.033812419e-21
3.939096712e-21
1.563488231e-22
2.495908447e-21
3.719242389e-21
1.799947423e-22
3.458245522e-21
2.173168076e-21
1.57362758e-21
2.90752624e-21
6.619878225e-21
1.495846621e-21
1.830666394e-21
1.622867078e-21
1.306517101e-21
2.216298987e-21
5.356070164e-21
3.045362588e-21
4.903843666e-24
4.744338186e-21
4.758312127e-21
1.409883692e-21
7.27152749e-22
6.894986386e-21
2.145525669e-21
4.459723169e-21
2.181413064e-22
1.113425637e-21
3.048192779e-21
6.066722791e-21
7.99782576e-21
1.876498996e-20
8.394201514e-22
1.119990671e-21
4.357432769e-21
1.554605149e-22
1.641923919e-21
9.808725378e-22
1.307059555e-21
2.460538762e-21
3.429422605e-21
3.547354657e-21
4.566353782e-21
3.821902921e-21
3.837339421e-22
3.10881113e-21
2.746054555e-21
1.730044196e-22
3.621644676e-21
1.161145194e-21
2.489826347e-22
4.657653352e-21
2.631667853e-21
3.308698303e-21
3.798185386e-21
4.3581171e-21
5.119744264e-21
1.569214695e-21
1.693728751e-21
4.8268709e-21
8.072477997e-21
4.956431033e-21
8.142481619e-21
6.803001292e-21
1.826897511e-21
2.769947432e-22
8.393287873e-21
2.066652761e-21
6.35175075e-22
7.87902826e-22
2.691157361e-21
7.058812578e-22
3.646732544e-22
1.16870108e-22
1.561104081e-21
3.580649738e-22
1.726291143e-21
8.977719877e-21
1.426970746e-20
2.91932165e-21
4.140382746e-21
4.262543578e-21
4.912165238e-21
2.23951007e-22
2.259053784e-21
2.40587595e-21
2.118548723e-21
2.145880033e-21
1.093540685e-20
1.472185561e-22
1.157309125e-22
2.991913636e-21
1.671331857e-22
2.314935394e-22
3.614102634e-21
1.110938823e-20
4.713068667e-21
3.056852954e-21
1.933071592e-20
3.531254921e-21
3.492818445e-21
6.825741352e-21
3.263959406e-21
3.901756434e-22
8.846429838e-21
6.604323201e-22
2.257558537e-21
8.331615915e-22
2.273617396e-21
1.131255962e-21
6.00337451e-21
4.190539553e-21
7.09631723e-22
1.311137211e-20
4.094837019e-22
9.951401448e-22
6.774154854e-21
7.086759001e-21
1.188775538e-20
2.202233378e-21
2.684404936e-22
1.545648169e-21
4.734257717e-21
1.607322095e-21
6.524538434e-21
1.261057852e-21
1.534142407e-21
2.424606227e-21
1.382064831e-20
2.30587115e-21
1.101865838e-21
1.830940791e-20
1.05192102e-21
3.864521987e-21
9.130824378e-21
3.457628131e-21
1.223870694e-21
9.105014843e-21
8.959888139e-22
8.455845901e-22
2.321506089e-22
1.313057855e-20
9.807648778e-21
8.772699034e-22
2.211445833e-20
1.810825509e-21
7.407756193e-22
6.762692803e-21
7.457324468e-21
4.383483806e-21
2.567920845e-21
1.292819917e-21
2.66367566e-21
1.073483207e-21
6.641416371e-21
5.216594853e-21
2.819442269e-22
7.855945601e-21
5.194572176e-21
2.698805516e-21
1.316043273e-21
1.402115937e-21
6.317731109e-21
3.764292921e-21
3.478060378e-22
1.281232028e-21
3.837212034e-21
4.840838182e-21
7.258356637e-21
1.034685394e-21
7.308334298e-22
1.086522307e-20
2.242870289e-21
2.238454886e-21
3.294293359e-21
1.465137314e-21
3.437765544e-21
1.070963246e-21
1.051759983e-20
4.594552529e-21
3.464229329e-21
3.120525525e-21
4.782082847e-21
5.100268308e-21
2.299418928e-21
9.480864314e-22
3.695648109e-21
3.183882613e-21
3.043045449e-21
4.867311798e-21
8.579704442e-21
2.925828655e-21
9.24587197e-22
7.5979768e-21
4.317341562e-21
8.62610526e-21
9.513157315e-21
8.657457726e-22
5.143491211e-21
2.541033153e-21
2.244709921e-21
9.954313153e-22
1.024708951e-20
1.06778823e-20
2.137705649e-21
1.360482671e-21
5.672516248e-21
1.544419968e-21
4.078553014e-21
3.082739308e-22
6.861036264e-21
1.444950218e-21
2.124746521e-21
3.960554111e-21
6.158961578e-22
2.038054643e-20
1.193766541e-21
6.467253836e-22
4.233846862e-22
1.536454238e-21
9.287936122e-21
3.531866549e-22
1.774668956e-21
7.472877761e-21
3.261616664e-22
6.264195082e-22
1.469231198e-21
4.09998577e-21
7.842520328e-21
8.456696206e-21
4.814481931e-21
2.438475278e-21
1.811133492e-22
6.82358987e-21
1.807112155e-22
4.885883486e-21
4.571496808e-21
2.535338232e-21
3.691359258e-21
2.11837881e-21
1.155699187e-21
1.088692254e-21
1.337162053e-20
1.275402821e-20
3.247066253e-21
5.640603301e-21
1.085451914e-20
2.727240797e-22
5.003092833e-21
9.78332177e-22
1.843208201e-21
1.119158112e-21
1.241561526e-21
1.069291279e-21
1.25914856e-22
7.984120417e-22
1.451063147e-20
4.317153286e-21
2.474509846e-21
4.820398307e-22
5.102219887e-21
3.898744728e-21
1.589991965e-21
2.797469234e-21
3.750688998e-21
1.086453283e-20
1.069085038e-20
7.359931783e-21
5.667214015e-22
4.737997755e-21
1.005456555e-21
1.000312775e-21
3.177531714e-21
2.938248059e-22
4.943853702e-23
9.768068261e-21
1.184399714e-21
9.330152621e-22
4.256062198e-21
2.875482246e-21
8.248365669e-21
6.929134301e-21
1.077179027e-21
2.377964785e-21
9.726293328e-22
3.261823428e-23
2.120788794e-21
3.781130865e-21
1.059645213e-21
2.602771322e-21
3.182302334e-21
3.335554077e-21
4.07071474e-21
4.083899522e-21
5.152326608e-21
1.570866617e-21
1.337463309e-20
7.689642676e-21
2.110116302e-22
3.771185862e-21
1.130464235e-20
4.597641948e-22
1.632280493e-21
1.432815449e-21
1.802255215e-22
1.926721662e-20
1.091859837e-22
3.809117902e-21
4.93066465e-22
7.341905137e-21
3.655713354e-21
2.045060298e-22
4.521583738e-21
1.363553991e-21
1.650793631e-22
1.578942869e-22
1.424204105e-22
5.237725208e-22
6.881713285e-21
1.00957031e-21
3.602910827e-21
1.872997494e-21
1.960230679e-21
7.682225369e-21
2.245553812e-22
3.360332423e-21
1.846450825e-21
7.739070903e-21
3.83238657e-21
2.986420689e-23
7.456781614e-21
3.190330361e-21
7.524087987e-22
6.72651016e-22
9.21605714e-22
9.330392486e-21
3.700239931e-22
3.003846671e-21
4.866360474e-21
2.394121707e-21
2.523324845e-21
3.110241862e-22
1.501227184e-21
1.72186245e-20
9.863684215e-22
3.002102375e-21
2.078345229e-21
2.490526365e-21
1.074927865e-20
1.152942543e-20
4.284365315e-21
1.609458045e-21
9.855675947e-22
1.195725915e-21
3.090781032e-22
1.548358795e-20
6.469863731e-21
5.38230758e-21
1.259106573e-20
1.141011342e-20
5.583814248e-21
6.71190901e-21
1.535599443e-21
3.318119701e-21
3.276320576e-21
4.296236768e-22
4.130835285e-21
4.51968594e-21
5.584533172e-21
1.337773462e-21
8.57400379e-21
1.402216747e-21
5.464792752e-21
4.240435017e-22
9.240796298e-21
2.910064504e-21
6.634945821e-21
1.717732059e-21
3.144754579e-21
2.420362628e-21
2.010514482e-21
2.660157211e-21
2.890826869e-20
2.460558619e-21
3.846708063e-21
1.472488945e-20
9.054989085e-22
2.122258611e-21
3.196241443e-21
4.711610958e-21
1.380259822e-22
1.447472692e-20
7.297000626e-21
1.065330401e-21
1.912886337e-21
2.770562583e-21
1.122158297e-21
4.69298733e-23
2.677909603e-21
2.709824361e-21
1.311956367e-21
1.846956948e-22
9.878776739e-22
7.612416829e-21
3.465842133e-21
9.223702276e-23
1.481616413e-21
1.413390336e-20
4.696688124e-21
5.391499906e-21
1.85354051e-21
1.657049069e-20
2.563994449e-21
2.431002156e-21
8.805490265e-22
1.15113178e-20
1.475030582e-22
3.666091539e-22
5.652608052e-21
1.176608237e-21
2.866742024e-21
6.732612294e-21
1.17287745e-20
2.639780525e-21
3.32889541e-21
8.887049718e-21
6.069216975e-21
1.268628879e-21
5.671234725e-21
8.242892987e-21
1.403470188e-20
1.113673336e-21
4.03015875e-22
2.333708608e-21
6.575303361e-21
6.334627281e-21
2.342787653e-21
3.140427453e-21
8.696308671e-21
4.336022368e-21
9.415042821e-22
2.733868176e-22
3.915131849e-21
1.066928212e-20
3.144927983e-21
3.788059372e-21
1.017568161e-20
4.177955396e-21
7.537151696e-21
5.083746942e-21
4.337911203e-22
2.46921783e-21
2.186711322e-21
7.43374844e-21
2.419800512e-22
4.460142741e-21
1.577658985e-21
1.599980923e-21
5.069395236e-24
2.698701357e-21
6.632389022e-21
1.440402834e-21
1.136297712e-21
3.512758485e-21
4.141610076e-22
4.512525768e-21
2.188645005e-22
1.435418776e-21
1.386665679e-21
4.657021277e-21
1.047063765e-21
9.181819339e-22
2.907716246e-22
1.041456458e-21
2.129567819e-22
2.125339019e-21
7.888677336e-22
1.64979563e-21
5.944671855e-21
6.167127738e-21
2.764635839e-21
1.589250471e-20
3.806178452e-21
4.214899784e-21
8.043207641e-21
8.111939821e-22
1.101989673e-21
1.065126294e-21
5.775263452e-21
3.233610766e-21
3.611600988e-22
1.718175311e-20
7.238025017e-22
8.165006772e-22
6.625432008e-21
9.966951927e-22
8.769972914e-22
4.064719631e-21
7.562133048e-23
1.079101023e-20
9.659013161e-21
4.37556241e-21
6.94725294e-22
1.078459897e-20
2.659705869e-21
5.461744217e-21
7.828902577e-22
5.038384085e-21
3.062263449e-21
1.233045497e-21
7.212090574e-21
2.985176423e-21
3.753314753e-21
1.14665027e-20
7.294306836e-21
2.357871993e-21
4.787595607e-23
4.956932033e-22
4.30823611e-21
1.941682709e-22
1.370494484e-20
5.765560528e-21
3.300446288e-21
3.090762224e-21
1.308258232e-21
1.429673703e-21
1.604398785e-21
9.593605818e-21
4.277382393e-21
4.905997175e-21
4.066232727e-21
1.210020419e-20
5.540312746e-22
6.660406024e-21
9.297724098e-21
7.447754571e-21
8.414971948e-21
3.262204761e-22
5.758140054e-21
5.073753655e-21
9.687778612e-21
6.101453467e-22
5.856932832e-21
2.655660162e-21
5.049706315e-22
6.003861039e-21
1.069456037e-20
2.4519749e-21
4.592257492e-21
1.030142688e-20
9.896236035e-21
1.839734207e-21
6.201107305e-22
2.704459266e-21
1.800765998e-20
3.999529774e-21
1.290895454e-21
4.995331596e-23
6.838249888e-21
1.432611802e-20
7.168249876e-21
9.174356291e-22
2.40320105e-20
5.271951006e-22
3.964883174e-21
4.120909887e-21
5.055478648e-21
2.564740701e-21
8.69261551e-21
3.354682484e-21
2.575377594e-21
3.762388681e-21
7.326755652e-21
6.314680428e-21
5.104718987e-21
2.508164503e-21
1.830797046e-21
4.868109157e-22
1.126333139e-21
6.041742798e-21
7.284558448e-21
6.486053323e-21
6.911583925e-21
5.955562704e-21
1.116629012e-20
1.789322847e-22
2.300040739e-21
5.801462928e-21
9.09744115e-22
2.337592901e-21
7.712972478e-21
4.075108018e-21
6.296308209e-21
1.071948732e-20
1.279210333e-20
3.965034956e-21
1.114945599e-21
4.999739593e-22
6.360240495e-21
3.011712517e-20
6.593799614e-21
1.777118637e-21
2.889075421e-22
1.083306344e-21
6.603425513e-22
7.125019396e-21
1.368243576e-20
3.515792043e-21
9.022210826e-21
5.554928133e-21
1.707042891e-21
7.200795452e-21
2.816519108e-22
8.56922836e-22
5.095020206e-21
1.162622187e-21
8.454292266e-21
2.1479528e-21
9.951734784e-22
2.166020489e-21
5.747532847e-21
1.061984708e-20
1.316728754e-21
1.178738813e-20
9.003907642e-23
1.672003695e-21
4.38645997e-21
6.819715574e-21
2.399585156e-21
2.02313377e-21
1.47072834e-21
1.195637149e-21
2.218790227e-21
3.426831314e-21
1.105053897e-21
2.248834657e-21
1.092848979e-20
9.160921553e-21
2.132390505e-21
2.308332664e-21
5.660582777e-22
4.153823473e-21
1.094864346e-21
1.533997911e-22
1.01864315e-20
5.227046828e-21
7.37880034e-22
2.741842972e-21
2.011060714e-21
4.595316481e-21
6.689779079e-21
2.829217104e-21
9.327669091e-22
3.066652818e-21
4.216176957e-21
6.803128079e-22
6.592028832e-23
7.160243353e-21
3.042641819e-21
5.875998727e-21
1.110229871e-20
1.082731719e-21
3.334637925e-21
5.769073114e-21
4.992454856e-21
1.149189953e-21
6.39637521e-21
4.792226794e-23
8.08356415e-22
6.883241606e-22
4.579360663e-22
2.152475683e-22
3.120202795e-21
8.313466417e-22
6.63736086e-22
4.941641996e-22
6.7652798e-22
2.229863324e-21
3.526638529e-21
5.696701746e-22
8.516995938e-21
2.607575112e-21
1.177957123e-20
1.338777914e-21
3.137256452e-21
1.369390096e-20
3.930524515e-21
8.484656178e-21
4.844379758e-21
6.861745793e-21
1.321639405e-21
2.286960299e-21
3.225905651e-22
8.53576767e-21
1.214516881e-20
2.400605374e-21
3.805612707e-22
1.496102956e-23
3.195047979e-21
3.432513135e-21
9.744789168e-21
1.384171064e-21
6.524731077e-21
2.05453624e-21
1.146248454e-21
6.515866053e-22
5.22242572e-21
2.615017038e-22
3.390459552e-22
7.000280942e-23
7.985971581e-22
1.838835739e-21
3.593517867e-21
3.005674838e-22
2.273778756e-21
3.906833751e-21
2.622699444e-21
1.672348835e-20
8.791018464e-22
4.708955695e-21
1.161772876e-21
7.071574897e-21
9.894295687e-21
6.334428356e-21
1.691089788e-21
1.823397146e-21
1.762556528e-20
7.630020254e-21
6.631370473e-22
7.648033469e-22
6.123680898e-21
3.390368669e-21
7.376749339e-21
2.497782025e-21
4.96683828e-22
8.561414442e-21
4.005505616e-21
2.816271199e-21
2.022454231e-20
2.440810969e-21
1.226517954e-21
9.322499018e-22
4.065891597e-22
6.095787757e-21
5.569747512e-22
7.932462818e-21
1.79825394e-20
1.773766218e-21
3.361504861e-21
7.602489065e-23
2.607216309e-21
3.598306882e-21
5.106373826e-21
6.313694846e-21
1.125529342e-21
7.080021511e-22
9.117493003e-22
4.023568961e-21
7.828243926e-22
1.01814609e-20
1.434447744e-21
4.607914907e-21
4.085661794e-22
3.768823019e-22
1.537234465e-21
8.238183387e-21
4.301326555e-21
1.653510324e-21
7.221438538e-21
4.211550966e-22
3.70069967e-22
2.736425545e-21
9.047554913e-22
3.335390225e-22
8.8731924e-21
7.775015543e-21
2.361308386e-21
1.431815246e-20
4.625788949e-21
3.200552938e-22
4.08791961e-22
6.626949196e-21
2.645707834e-21
8.416706794e-22
5.245258664e-21
8.400524276e-21
3.32871705e-22
4.844764817e-22
8.608773127e-22
9.749897029e-22
6.935966003e-21
3.82645911e-21
3.835404515e-21
4.169079121e-21
4.80309924e-21
5.458419654e-21
2.501556828e-21
9.822057356e-23
6.729462046e-22
5.896427768e-21
2.895143373e-21
6.558665105e-21
1.329000415e-21
2.264520072e-21
2.484960992e-21
1.969779306e-21
7.057625911e-21
4.245813931e-21
3.543271183e-21
1.185853661e-20
4.039149038e-21
5.074334323e-21
2.149329879e-21
2.042234324e-20
4.40589518e-22
4.562645873e-21
1.121030068e-21
1.082055685e-21
3.770714966e-21
2.631212661e-21
1.451736443e-20
3.942649005e-21
2.912782557e-21
2.473396527e-22
7.119234143e-22
6.046873065e-21
1.152263102e-20
2.475047242e-21
5.916747427e-21
1.723625012e-20
2.656239143e-21
1.571654891e-20
3.843525428e-21
9.359687234e-21
2.961829747e-21
6.463255477e-21
3.676366316e-22
7.244784733e-22
1.602377641e-21
5.259150546e-22
2.460765682e-21
6.586871906e-21
5.416115123e-22
2.492118517e-21
5.203681835e-21
1.76691075e-22
1.644912485e-20
2.358080929e-21
1.16393995e-20
3.158376205e-21
3.596661068e-21
4.123115887e-21
6.563109082e-21
1.65801043e-21
1.411358019e-21
3.068563925e-21
1.74508528e-21
4.017398858e-21
2.308857581e-22
1.663628043e-21
6.518079555e-22
5.45895819e-21
1.320933871e-20
7.346614398e-22
3.155229e-22
1.728821137e-21
8.810481832e-21
2.548083737e-21
7.137943486e-22
3.593035809e-21
1.142054257e-20
1.408956343e-21
5.004998102e-22
3.111826807e-21
4.049914099e-21
4.701596447e-21
6.307001737e-21
1.14615775e-21
3.54770643e-21
9.373906678e-22
2.337563468e-21
4.967465771e-22
1.196069568e-21
4.692638489e-21
5.299825065e-21
2.964974188e-21
5.421042941e-21
4.409134797e-23
2.444711383e-20
1.050126239e-21
4.955090009e-22
7.890502485e-21
1.789321369e-21
5.089865941e-21
3.601694972e-21
4.372303083e-22
1.765148018e-20
1.420845503e-22
6.797783556e-21
1.898928902e-21
1.340774948e-20
4.348655261e-21
1.061870725e-20
6.529085761e-22
1.118198898e-20
2.417443166e-21
1.796325485e-21
1.098591194e-20
2.092951611e-21
3.77513965e-21
8.529737976e-22
3.629627567e-21
1.187312787e-22
2.255901181e-21
2.543485423e-21
1.185912893e-21
4.564290933e-22
5.992111012e-23
2.506684006e-21
2.138591648e-22
1.186863803e-21
2.408611193e-22
1.370381683e-20
2.82658951e-22
1.421144819e-20
1.321844979e-20
2.662647901e-21
7.115643971e-21
4.985701093e-21
2.954752154e-21
4.15529622e-21
1.189844935e-21
4.655687744e-21
1.726818671e-21
8.380182446e-22
3.660009786e-21
3.53200313e-21
2.972527386e-21
2.724197163e-22
2.052822605e-22
1.51657294e-21
1.560989054e-21
3.49462682e-22
7.646133425e-22
1.233118746e-21
5.071961656e-22
6.992370993e-22
1.392786141e-21
5.366180274e-21
3.954201758e-21
5.45988441e-22
1.528659587e-20
8.214281711e-22
6.103410237e-21
3.098856337e-23
6.887408026e-22
1.840076528e-21
7.256315367e-21
1.973822684e-21
2.605318536e-21
1.85606861e-21
6.867416498e-21
2.463213181e-22
1.366467843e-21
6.319754571e-21
1.54590873e-22
3.830623011e-23
1.151520596e-22
2.233227029e-22
8.524557249e-21
4.175386793e-21
1.045851594e-21
9.421966975e-22
2.715478966e-21
1.135145313e-20
2.901338888e-21
3.275206227e-21
6.244591886e-21
4.815820695e-22
2.227912583e-21
3.151432586e-21
2.102581217e-21
1.03357448e-20
1.071012924e-20
1.586256704e-21
6.086649931e-22
2.985215776e-22
1.118116838e-20
2.276492247e-21
3.48875285e-22
2.679404378e-21
6.980927745e-21
2.504174958e-21
5.28705446e-22
6.392678784e-21
3.096749572e-22
5.795457395e-22
2.942995155e-21
8.264563784e-21
9.859576757e-22
2.524481316e-21
2.576417167e-21
1.914053897e-21
3.217441141e-22
1.47339668e-21
1.228030203e-20
7.045794259e-22
1.011288288e-20
1.131222122e-21
1.601899521e-21
7.713203156e-21
4.410005058e-21
3.447427831e-21
4.71215423e-21
5.045087109e-21
5.812682927e-21
1.575952559e-21
1.341795709e-20
4.650469011e-21
2.682566417e-22
6.352525734e-22
8.211710545e-21
9.506393973e-23
3.725251124e-23
2.521637881e-21
9.422336131e-21
3.773112898e-21
1.131676502e-21
8.466064318e-21
3.328939718e-21
5.085493643e-22
4.485046562e-21
4.200054175e-21
4.361108599e-22
7.019127356e-21
3.999928004e-21
1.603775754e-21
9.752668528e-21
3.20771967e-21
5.645527097e-22
8.569325298e-21
1.505864158e-20
3.219329495e-21
3.023332231e-21
9.539522519e-22
3.268217855e-21
5.574544382e-21
4.766139147e-21
1.729170133e-21
6.646493452e-21
2.135778681e-21
4.316392155e-21
1.271228957e-21
3.950723826e-21
4.778070699e-23
3.970217375e-21
1.35992669e-21
8.241415067e-22
2.866397091e-21
7.441938943e-22
8.394311666e-21
1.017710576e-20
4.358122015e-21
2.372253002e-22
2.848719033e-21
1.463767412e-21
1.754917976e-21
1.579972632e-21
5.191502151e-21
8.588732436e-21
4.353423656e-22
2.694328834e-21
4.175247859e-22
1.375197051e-22
8.729547375e-21
1.821946941e-22
4.469597685e-23
5.923127687e-21
1.209256225e-20
8.169106776e-22
8.879427585e-21
1.584181089e-21
1.261731353e-21
5.277305709e-21
9.3907814e-21
3.587070745e-21
1.813621625e-21
6.640703093e-21
1.326414752e-21
3.280365377e-21
4.78965852e-22
2.637934663e-22
4.239056117e-21
9.563659758e-22
4.697029325e-21
1.676664878e-20
2.227268508e-21
2.803314623e-21
2.835887948e-21
4.389591069e-21
2.096328747e-21
3.564967257e-21
9.240360644e-22
2.332892341e-21
8.721522595e-21
6.595661932e-22
3.970261281e-21
7.564155348e-21
8.476981767e-21
3.029785863e-21
5.837592741e-21
3.197643187e-21
1.632777463e-21
1.011321517e-21
3.559832836e-22
1.149390469e-20
2.033635138e-21
1.37158229e-20
5.118498638e-21
3.381520258e-21
4.294728075e-21
1.825818092e-20
8.260868665e-21
6.932176384e-23
3.584754462e-21
2.152694371e-21
1.195498097e-20
2.236784824e-21
8.476349343e-21
3.424128694e-21
4.102251988e-21
1.946550767e-21
9.727934098e-21
2.743130168e-21
1.581023048e-21
2.011652084e-21
5.080112242e-21
1.065779834e-20
3.975899762e-21
7.994670361e-21
5.929956699e-21
4.588052257e-21
1.628001479e-21
1.631490333e-20
9.466593623e-21
4.717408712e-22
4.628407837e-21
5.522514108e-22
1.962839265e-21
3.898296365e-21
2.407702507e-21
1.229135169e-20
4.907147235e-21
1.049202339e-21
6.441300276e-22
1.084516526e-21
5.934992032e-21
5.722548439e-22
1.373545379e-20
9.766223211e-22
8.257425563e-21
1.861551193e-21
2.649586187e-21
9.090943376e-22
5.462235029e-22
4.022441205e-21
1.340155989e-20
1.48528227e-20
6.973711927e-22
2.908392013e-21
6.231533186e-21
1.600187469e-21
1.294402384e-21
4.181712217e-21
3.545664403e-23
8.352665379e-22
3.378683473e-21
1.70631641e-21
1.878650607e-21
1.14632873e-20
1.673213409e-21
8.048638553e-21
2.266213965e-20
5.227464063e-21
5.872078516e-21
7.523674325e-21
5.321275661e-21
5.12643531e-21
1.813113698e-21
7.496767745e-21
1.084993168e-20
3.288033734e-22
1.218859993e-20
2.031560586e-21
4.925180285e-21
6.997639569e-21
1.416857006e-21
1.03037554e-21
2.954345859e-22
5.334233494e-21
4.519069258e-22
8.123006305e-23
1.767073438e-21
3.207375994e-21
1.174316695e-21
4.591341823e-21
1.165590603e-21
3.99850597e-21
8.013389818e-21
1.038990593e-21
8.044903162e-22
3.200752814e-21
2.854336731e-21
4.014591955e-21
2.645392776e-23
3.486804327e-22
4.599279614e-21
1.784273429e-21
3.74827793e-21
2.887746005e-21
1.143180642e-20
3.668759386e-21
2.122361533e-21
1.036696907e-21
1.152901731e-21
1.211149577e-20
1.081351808e-20
4.880579627e-22
2.688983108e-22
9.40711094e-22
9.789977037e-21
4.138615812e-21
8.228513545e-22
1.71359914e-21
4.895180015e-21
1.724386325e-20
7.083199006e-21
4.519137343e-21
1.545101868e-21
3.679998832e-22
8.576980724e-22
2.939020759e-21
1.312414854e-20
4.804726848e-21
1.805172733e-20
6.901880783e-23
1.439603525e-21
3.557859961e-22
2.084258614e-21
3.229892267e-21
5.14629519e-21
3.509021172e-21
2.706461289e-21
4.561711476e-21
2.12818524e-20
1.447811373e-22
6.267126165e-21
1.498885399e-20
2.88987301e-21
1.09582552e-21
8.043629494e-24
8.213616245e-22
3.225027745e-21
9.776516446e-21
3.228106202e-21
2.108640138e-22
5.258561263e-21
6.102203316e-22
3.040470635e-22
1.344220993e-21
6.676656124e-21
6.005154927e-22
5.766534802e-21
1.654668893e-21
2.398682297e-21
8.752068053e-21
1.040935117e-20
7.360688737e-21
9.42833392e-21
5.973550323e-21
8.151736242e-22
6.958878702e-21
1.39678467e-21
3.629265867e-21
4.33522326e-21
4.736043856e-22
1.826761295e-22
2.865163297e-21
1.928387389e-21
1.106099655e-20
1.425704791e-21
9.467388004e-22
8.099603985e-22
2.197708567e-22
5.690116627e-21
5.203283357e-21
4.381188369e-21
1.16086165e-21
1.662636278e-21
1.190282862e-21
9.754316334e-22
2.478624149e-21
2.340596416e-21
5.970460849e-21
1.536042303e-21
6.526963782e-21
1.376832906e-21
7.344201986e-21
5.946334731e-21
1.025387453e-20
8.571062638e-21
7.944217173e-21
5.48457076e-21
3.08394319e-21
3.29831031e-23
6.38942401e-21
6.194653452e-21
1.431708616e-21
2.179879466e-21
1.253722202e-20
1.677831817e-21
1.931868021e-22
1.650070133e-20
3.450763658e-21
1.412730876e-22
2.231475588e-21
2.169038425e-21
2.805150465e-22
7.173977482e-21
5.703812546e-21
7.077831882e-22
6.30871278e-21
1.319636104e-20
5.677735727e-21
6.869331213e-21
1.741182665e-20
4.610487657e-21
7.638501998e-21
5.339185049e-21
1.657374123e-20
3.092099992e-21
1.84764673e-21
5.072997979e-21
1.979149202e-23
7.346929352e-21
1.6587151e-21
8.127345186e-23
5.85736881e-21
5.19044611e-21
2.190067202e-21
2.280471864e-21
2.263034429e-21
1.023741458e-20
3.720380584e-21
1.586117586e-20
1.503406123e-20
5.672815814e-21
6.985108529e-21
1.228364589e-21
7.387467352e-23
2.178810135e-21
1.659890266e-20
2.683340949e-22
8.425819597e-21
5.536863928e-21
2.656568531e-21
8.39872536e-21
1.280569351e-21
5.521971813e-21
5.663050809e-22
1.86765143e-21
1.113649369e-21
4.120236699e-21
2.058867355e-21
1.510669493e-20
2.004278684e-21
3.412105623e-21
1.764523574e-21
2.084949619e-21
1.634818437e-20
5.945764531e-21
5.040842011e-21
2.704692886e-21
1.199380546e-20
3.314596898e-23
3.718560213e-21
2.890311105e-21
3.762596928e-21
1.100328368e-22
5.606573355e-21
4.734517457e-22
4.298231591e-21
1.389743833e-21
5.784144349e-21
2.143191176e-21
1.347645994e-20
2.324556954e-22
5.482938012e-21
1.77663437e-21
5.324447086e-21
1.05253064e-20
8.07207281e-21
4.290852072e-22
2.31766305e-21
1.875828488e-21
2.82060584e-21
6.811393914e-21
5.693933388e-21
1.359009315e-21
1.814922391e-21
8.548429219e-21
6.31882237e-22
4.035052992e-21
5.241159719e-21
1.070939021e-20
3.932873657e-21
9.109865122e-21
8.597659637e-21
1.797802587e-21
6.462475417e-21
7.496217694e-22
1.566078321e-21
4.010136623e-22
1.448485124e-21
3.416741677e-23
1.755950323e-21
2.551179551e-21
4.446764936e-21
1.920954801e-22
8.877259404e-21
1.153525675e-21
5.54728982e-21
4.022976082e-21
8.203097501e-21
9.340096581e-21
2.4235393e-20
6.511579367e-21
5.01770113e-21
1.556498462e-21
4.996997484e-21
1.933287116e-21
1.118465105e-21
5.30267452e-21
2.753721054e-21
8.872234906e-21
3.768925349e-22
1.391805931e-20
5.391484068e-21
9.701778434e-21
3.46288991e-21
1.385513877e-21
4.103167271e-21
2.910424725e-21
3.572861166e-21
6.600157528e-22
1.483108586e-22
4.257582991e-22
1.365500143e-21
1.708117021e-21
1.659092465e-21
4.506432354e-21
1.802323035e-21
2.008121869e-22
8.042771606e-21
9.354024705e-21
4.762578725e-21
6.483223824e-23
7.970264646e-22
2.309671483e-21
7.097744228e-22
5.808853208e-21
2.615001925e-21
2.553395431e-21
3.527758584e-22
3.002323516e-21
8.551616225e-21
4.898305314e-23
8.588825555e-21
4.843305674e-21
4.123764211e-22
2.74060028e-21
6.379371827e-23
3.331017082e-21
5.45168261e-21
3.925767246e-22
1.429340823e-21
8.551060458e-22
2.009422082e-21
5.629707087e-21
1.257382592e-20
3.954497045e-21
4.307122787e-23
3.544697432e-22
1.476542758e-22
1.356668275e-22
9.755403583e-21
3.62544541e-21
1.278867932e-20
1.434985217e-21
1.005352527e-20
4.213139107e-21
1.785751392e-20
3.274419379e-21
3.632008482e-21
8.321464837e-21
4.002941437e-21
5.367467706e-21
5.604442583e-23
1.644402441e-20
6.721411577e-21
3.254594092e-21
1.822729401e-21
3.386894219e-22
4.530548708e-21
2.433926567e-21
6.644284625e-21
5.278669007e-21
3.119890901e-22
2.213515252e-22
4.119567382e-22
2.014145651e-20
8.178092856e-21
6.523759323e-21
1.897578748e-21
2.338043138e-21
5.311772433e-23
2.154471286e-21
8.535684102e-21
2.861865775e-21
7.528715142e-21
2.36346434e-21
1.09469233e-21
7.928653296e-21
6.188015119e-22
8.201291294e-21
4.124623515e-22
2.121167398e-21
1.332030213e-21
1.745899022e-21
2.610841505e-21
1.771693892e-20
2.219861935e-21
6.647464592e-21
6.364910292e-21
1.693634292e-21
8.788281198e-21
3.499417543e-21
7.118818043e-22
4.448571375e-21
3.148358701e-20
8.050530465e-21
1.072942636e-20
7.252740439e-22
1.034102454e-21
9.297874153e-21
1.490755214e-22
4.211880511e-21
1.281130111e-21
6.342197021e-22
1.82801691e-22
1.075448392e-21
1.512737277e-21
3.22605519e-21
1.941081573e-21
6.217118731e-21
9.144360868e-21
7.92865757e-22
5.453379991e-21
8.930725365e-21
1.323170305e-21
2.565154095e-21
1.136673331e-21
1.557801159e-21
9.357301498e-21
2.972909306e-21
9.123471473e-22
1.637030869e-21
3.900590521e-21
1.064035119e-21
9.117842501e-21
8.996537219e-22
2.916938222e-22
6.558222349e-21
2.972155207e-22
3.111429868e-21
1.44549921e-21
2.543077055e-21
3.326504658e-21
1.619164394e-22
1.575441015e-20
2.751649697e-21
3.968351511e-22
6.965407463e-21
1.141765252e-21
2.81739425e-21
8.406897322e-22
1.273720075e-20
2.255467259e-21
6.832804847e-21
3.21592851e-21
1.539179835e-21
1.722103312e-21
1.557181853e-21
1.35082801e-21
2.380944623e-21
2.451393105e-21
1.18305632e-21
1.287009461e-21
1.131099674e-21
4.544519099e-21
4.106437522e-21
8.130785629e-21
4.528624213e-21
1.013835717e-20
5.375669681e-21
1.749241382e-21
1.396898162e-22
4.057455255e-21
1.441114673e-20
4.80280891e-23
1.776696036e-21
9.937698825e-22
9.986578339e-22
1.3332044e-21
2.640464391e-21
6.302342964e-22
2.414128697e-21
2.933977148e-22
1.816365525e-21
1.105964927e-21
1.749812629e-21
1.806750087e-22
6.030281536e-23
3.536512803e-21
3.623763737e-21
8.112821409e-21
2.771135331e-21
1.889438955e-21
1.532393613e-21
6.701836855e-21
2.375875237e-21
4.227921268e-21
5.749667778e-21
4.52346887e-21
3.445210585e-21
7.252613009e-21
3.891827068e-21
1.1696584e-21
2.710426115e-21
2.924272474e-21
1.199885471e-20
1.584516274e-20
9.413537587e-21
9.830722585e-21
6.33341473e-21
5.418335235e-22
4.3378575e-22
1.382137243e-21
3.479051416e-21
6.489401814e-22
1.150155441e-21
3.919395161e-21
3.459074399e-21
3.948438017e-21
1.465881308e-20
2.507236801e-21
8.042251115e-22
7.659917115e-21
1.097442599e-20
2.247938776e-21
3.185981493e-22
4.762082207e-21
3.15817957e-21
7.802501956e-21
3.011147452e-21
9.831093749e-21
1.480424432e-20
6.970895296e-21
9.737390513e-23
4.783800386e-21
1.823945725e-22
1.121090965e-21
2.494355887e-21
1.201529127e-20
8.401090087e-22
2.968749281e-21
1.377775362e-20
3.723067333e-21
9.096006381e-21
9.583240564e-22
3.042577752e-21
3.931088834e-23
3.292653656e-21
1.707364773e-20
1.971323946e-21
7.931056926e-21
1.047501646e-20
2.714304509e-21
5.479840842e-21
1.015785144e-21
4.671715941e-21
2.282566451e-21
7.967601806e-21
4.534786979e-21
1.978208318e-21
3.441128631e-21
1.54590054e-21
5.807775937e-21
3.170365947e-21
3.589723866e-21
8.654868668e-21
2.085776106e-22
1.420846308e-20
6.304302387e-22
1.232625126e-21
4.967621019e-21
2.963651513e-21
4.965658133e-21
2.002099088e-21
1.082950571e-21
1.973158657e-21
3.630324272e-21
5.213473435e-21
5.668630981e-21
3.595419496e-21
7.459401433e-22
1.58492694e-20
4.377300588e-21
4.891226061e-22
2.135461274e-23
1.217783485e-20
1.45753358e-21
8.442943869e-21
5.857914613e-21
2.161384508e-24
5.470679338e-21
3.053742401e-21
1.382697303e-21
8.122418896e-22
3.633978767e-21
9.509436127e-21
6.450250441e-22
6.571682429e-21
1.832508469e-21
2.733748184e-21
3.716924533e-22
2.083164512e-20
3.289171267e-21
9.816758644e-21
1.479300754e-21
9.990277253e-22
7.72937076e-21
1.07124352e-20
4.306643623e-21
1.961456031e-21
4.876515568e-21
5.578261168e-22
1.109793498e-20
4.545404244e-21
9.068589368e-22
4.857647383e-21
1.086121972e-21
5.312267184e-21
2.322802386e-21
7.272197999e-21
4.238585958e-21
6.880697659e-21
1.184158648e-21
3.062462062e-21
1.119008727e-21
1.245424503e-20
7.978902974e-22
1.366572326e-20
2.339550152e-21
5.900104061e-21
2.003581571e-22
1.143713215e-20
2.452522145e-21
2.301101906e-21
5.958801764e-21
2.103091647e-21
8.062956123e-21
4.245673234e-21
5.304556796e-21
4.411023054e-21
1.772056269e-21
3.660723251e-21
5.327171481e-21
5.609158224e-21
5.080869474e-21
2.723015835e-21
5.839634169e-22
1.763314975e-20
8.453116243e-21
9.982913474e-21
8.568107535e-21
7.069207236e-22
1.236136011e-21
4.498710031e-21
6.667235214e-22
1.030767036e-20
1.133246954e-21
1.095178001e-20
7.527540871e-21
6.490507823e-21
1.056810953e-22
2.183480374e-21
5.443368762e-21
2.551090156e-22
1.736825511e-21
6.014206568e-21
2.016705334e-21
7.716706486e-21
1.20486548e-21
5.024719411e-21
7.109017954e-21
1.526033018e-21
1.968404747e-21
1.16019784e-22
4.290832927e-21
9.618203702e-21
2.184562839e-21
2.57086613e-21
9.909105262e-22
1.245548256e-22
1.45333859e-21
4.478030346e-21
1.637521468e-20
8.942865112e-21
4.18562246e-21
1.094855507e-21
4.509463021e-21
1.198900226e-22
1.610338465e-20
1.612760681e-21
2.282848563e-21
7.391129946e-21
2.331830407e-21
1.363736011e-21
5.937789456e-21
4.356205972e-21
8.697235089e-22
1.088824524e-20
8.792582067e-22
3.189118802e-21
2.076889732e-21
2.061912403e-21
2.896201186e-21
1.958187489e-20
7.538010234e-22
2.394744044e-21
1.298691735e-21
7.51104689e-21
4.46961362e-21
2.125099102e-21
4.33531238e-21
5.984922308e-21
1.120493745e-20
2.270807596e-21
3.495195983e-21
7.483083415e-21
2.667818047e-21
7.57790424e-22
1.911575407e-21
2.521890479e-21
4.957598e-21
1.147915405e-20
7.648063723e-21
1.289490913e-20
1.529970369e-21
1.348963153e-21
6.63248122e-22
1.483682269e-21
7.166605577e-22
5.93692098e-21
1.189800889e-21
1.505370331e-20
9.144805363e-21
6.460328473e-22
4.73075046e-21
2.156788368e-23
5.403188902e-21
4.276481529e-21
1.001624044e-21
3.622947914e-21
4.136168836e-21
1.588770695e-21
2.390352239e-22
2.758010193e-21
8.480627579e-22
1.190203043e-20
6.183577933e-21
3.586303193e-21
9.501857767e-21
4.437817895e-21
5.824514296e-21
3.627170113e-22
2.961540468e-21
3.849631014e-21
1.250740927e-20
2.540621179e-21
2.835478674e-22
3.673345695e-21
1.547652254e-21
1.253464387e-22
6.696600474e-23
4.300526492e-22
1.00796437e-20
9.027348261e-21
1.92539561e-21
2.924052868e-21
6.04349963e-22
1.492762389e-21
2.510498317e-21
1.522520858e-21
9.154305893e-21
8.797246499e-21
3.803416617e-21
1.066886931e-21
2.923977017e-21
1.732997652e-21
4.982434407e-22
2.023157338e-21
9.208240774e-22
6.424890142e-21
3.929852311e-21
1.344109656e-21
3.198874615e-21
3.417696372e-21
1.329607969e-20
9.135281665e-21
2.276362802e-20
9.015408507e-21
3.376301787e-21
4.774802257e-21
9.991208783e-22
6.770272355e-21
1.634869176e-21
1.008361083e-21
8.532222559e-22
4.537964292e-23
1.397175442e-21
1.628814764e-21
6.085948484e-21
3.006562367e-21
1.699039861e-21
1.182673073e-21
4.974129903e-21
4.882301138e-22
7.740664027e-22
5.819648167e-22
2.749178022e-21
1.361769856e-20
1.526708769e-21
3.217658929e-21
1.300616406e-21
1.480827188e-21
1.007351823e-21
1.114620963e-21
1.380720138e-21
1.163044688e-21
4.994205183e-21
1.489830088e-21
2.914661323e-21
2.295556708e-21
4.771372119e-21
4.954128481e-22
3.627748003e-21
3.440018006e-21
5.378946197e-22
1.684508195e-21
7.956730663e-21
1.736232097e-21
2.458661448e-21
7.338428943e-22
2.08841431e-21
2.65124003e-21
4.339472587e-21
1.536796722e-21
2.445078738e-21
1.027660336e-20
6.051190718e-21
1.413365966e-23
6.84165722e-21
8.958272183e-21
2.456943083e-21
8.305304022e-21
8.765946539e-22
3.96592075e-21
8.597163307e-21
2.13375328e-21
1.054254407e-20
8.43059143e-21
2.778307509e-21
3.950110179e-21
3.515229272e-21
8.104311908e-21
3.14464338e-21
1.276523509e-21
3.565691107e-21
7.700206838e-22
1.042294849e-21
1.65459627e-22
2.789947654e-21
9.909489471e-22
3.163637137e-21
5.203033677e-21
1.655526051e-21
1.03079313e-20
7.188135925e-21
4.539400534e-23
1.380699237e-21
2.04353793e-21
2.384787481e-21
2.155413994e-21
3.728469276e-21
9.060228512e-21
1.734334557e-21
1.801568065e-20
3.794243093e-21
1.572029365e-21
1.277837301e-20
5.692583207e-21
7.53684511e-22
7.727713518e-22
2.539149118e-21
2.855763335e-22
2.272967335e-21
4.485364189e-22
9.894643768e-21
7.534950567e-21
3.213797636e-21
2.32886665e-21
9.656170135e-21
1.284568004e-21
9.643759659e-22
1.219736034e-20
1.441718876e-21
1.056054857e-21
1.077513061e-20
3.76801848e-21
8.894669044e-22
2.307400262e-21
1.017963653e-20
8.974724321e-22
2.501488788e-21
3.039295376e-21
1.145475873e-21
1.643459495e-21
1.962269062e-21
2.560293115e-21
5.941580522e-22
3.894988876e-21
5.702270581e-21
1.242664524e-21
1.717265115e-21
1.288661218e-21
2.350987549e-22
3.442474977e-21
1.825282188e-21
2.523037743e-21
6.541808698e-22
6.260688274e-21
7.407771776e-22
4.355029018e-21
5.764210883e-21
9.35597765e-21
2.773841866e-22
9.559728456e-21
3.713622099e-21
2.713794293e-21
1.329906646e-20
1.450445461e-21
4.625306863e-21
4.030967917e-21
3.93704747e-22
9.531034811e-21
1.401859995e-21
1.088708699e-22
1.257280941e-21
1.170219765e-20
1.966855884e-21
5.26634623e-21
1.35685051e-20
7.086798338e-21
2.918516228e-22
3.244961317e-21
1.161914548e-21
1.243683786e-21
6.645586228e-21
9.522526486e-22
2.831344467e-21
1.85008414e-21
3.315562786e-21
4.533647679e-21
2.164824037e-22
5.402742652e-21
4.360853512e-21
1.532518883e-21
2.472585158e-22
3.289165249e-21
4.273362589e-21
8.988883644e-22
3.868413226e-21
1.776762629e-21
1.466195998e-20
1.671478784e-21
4.581631868e-22
2.506274041e-21
3.259723344e-22
3.348461717e-21
3.709917307e-22
6.339699561e-21
5.181475591e-21
1.592725539e-21
3.93841932e-21
3.931579401e-21
1.804978448e-21
8.52095313e-22
1.359065431e-21
8.323092085e-21
2.344982644e-21
7.024529568e-21
1.666056854e-21
1.210563484e-20
4.818771879e-21
8.708324174e-21
5.872062579e-22
1.686495844e-21
5.796588784e-21
9.90403105e-21
1.420735921e-20
2.301328061e-21
5.614241475e-21
3.367919216e-21
2.070798361e-21
2.774413511e-21
1.934871382e-21
1.094762441e-20
2.101266314e-21
5.309097049e-21
1.104720599e-21
2.139995827e-21
7.087571088e-23
3.860302728e-21
7.360016561e-22
3.303778553e-21
9.403978796e-21
6.170939038e-21
2.566989803e-21
7.073815383e-21
6.729387002e-21
1.16669069e-21
7.080597358e-21
9.948338e-21
1.089211389e-20
3.293570804e-21
5.808304805e-21
3.808472383e-21
5.121995595e-23
5.38090112e-22
3.414501931e-21
9.574248404e-22
2.926407963e-21
1.738109915e-20
1.339490744e-21
2.644655916e-21
1.366049134e-21
9.260499906e-22
2.45587033e-21
5.160490769e-22
7.104127863e-22
1.432377803e-21
4.532265183e-21
3.43361645e-21
3.501375864e-21
1.640810504e-21
2.671193626e-21
6.177776751e-22
6.873449728e-23
4.734711171e-22
4.292495094e-21
4.636214692e-21
1.71997393e-20
2.689026962e-22
4.11579208e-22
2.333949367e-21
3.290922758e-21
5.270783377e-21
1.343606616e-20
1.063756148e-21
1.39971841e-21
2.638111277e-21
9.341791914e-21
2.5439161e-21
3.083776629e-21
6.8198287e-22
7.428104566e-21
3.250853516e-21
3.401949412e-21
4.824156965e-21
8.634555746e-22
2.255585983e-21
1.548486545e-21
4.788312622e-21
1.807804575e-21
7.605318409e-21
2.203374259e-21
3.258656015e-21
3.689405274e-21
8.754860853e-21
4.101284674e-21
1.390619433e-21
1.947900558e-21
1.366517112e-21
5.370290417e-21
5.514132099e-21
2.166218626e-20
1.944500365e-21
4.152458581e-22
4.617404065e-22
8.591546209e-22
8.394735607e-22
4.272927868e-21
6.119002526e-21
3.254913359e-22
1.822474432e-21
2.231904132e-21
5.102968228e-21
9.726775988e-22
1.963370549e-21
5.621144284e-21
2.674439192e-21
1.235577733e-20
1.057538856e-21
4.235561785e-21
2.459962945e-21
1.990085976e-21
3.133191212e-21
1.685983589e-21
2.889333779e-21
2.124525728e-22
1.166818266e-20
2.160443562e-21
3.632469736e-22
2.927530853e-21
3.261804502e-22
8.638158934e-22
1.022193666e-20
1.734991005e-21
1.038725587e-21
1.450311231e-21
1.147581663e-20
2.614081308e-21
2.362294853e-21
2.566917738e-21
1.871826431e-21
2.582094006e-22
1.654784968e-21
1.386972074e-21
2.269180635e-21
1.014522079e-20
1.798131058e-21
8.361214242e-21
5.61729916e-21
7.871948791e-21
2.4794626e-21
6.176615304e-21
5.949293571e-21
1.702970011e-21
1.203842634e-21
5.548849248e-21
1.616213926e-21
1.132126689e-20
4.103766541e-22
3.962200911e-21
5.79691663e-21
1.762972883e-21
9.459209437e-21
4.883102352e-21
7.795500387e-21
7.90138058e-22
6.141585199e-21
8.468026171e-21
1.393225606e-21
3.852203501e-21
2.14983255e-21
9.56055852e-22
2.772425757e-21
1.220523377e-21
7.929612958e-21
4.939866942e-21
3.227696829e-21
1.317870506e-21
5.549988513e-21
4.35880774e-21
5.354873303e-22
1.065599909e-20
2.443391074e-21
1.17414925e-22
5.41058346e-21
2.401915724e-22
7.328667422e-22
3.68053807e-21
2.38652854e-22
1.667962829e-21
4.55808044e-21
7.104152548e-22
1.62352409e-21
1.098670177e-20
3.631804566e-22
5.914269082e-21
2.730872457e-21
4.36569136e-21
3.449078856e-21
5.740059592e-21
3.813807105e-21
1.082817214e-21
7.853362765e-21
1.903244288e-21
3.789804809e-21
3.201728749e-21
5.638507899e-21
1.06282638e-20
2.010939046e-21
1.604541441e-20
3.539579984e-21
2.382586994e-21
7.709515242e-21
6.227242443e-21
1.235252402e-21
1.005759099e-20
4.787348331e-21
4.516218515e-21
3.846984266e-22
7.36942137e-21
1.357630164e-22
3.190571941e-21
2.811878698e-21
9.196199089e-21
1.26903681e-21
2.50808566e-21
2.438175063e-21
1.403639449e-20
2.25742687e-21
1.675022582e-21
4.103555187e-22
1.322113525e-21
5.054358612e-21
4.170274702e-21
2.00218092e-21
4.932113801e-21
5.279907469e-22
4.569633077e-21
4.540438754e-22
7.231658846e-22
1.752621166e-21
7.476794618e-21
6.640065511e-21
4.727150637e-21
8.635930634e-22
5.153691516e-22
6.043618362e-21
2.30301249e-21
8.727942999e-22
7.902214937e-22
2.7990685e-21
9.293706101e-22
6.503241619e-22
8.504692959e-21
7.584838431e-22
1.888703592e-20
2.662850747e-22
3.915160826e-21
1.853156856e-21
7.634386181e-21
7.279629196e-22
3.924009705e-21
7.34818441e-21
6.799644434e-21
1.859374272e-21
2.041934689e-21
4.209681848e-22
5.918778521e-21
2.661351759e-21
8.597100016e-21
2.072107805e-21
5.877377124e-22
3.60174805e-21
1.566427754e-21
2.381530367e-21
2.776357217e-21
8.654346766e-21
8.087336807e-22
1.446456201e-20
3.418466398e-21
1.011644928e-21
3.898207605e-21
8.188251662e-21
4.588864125e-22
3.179690792e-21
5.63397092e-21
6.760988994e-21
2.955147291e-21
2.52183409e-21
4.692641584e-22
1.762407544e-21
1.016755121e-22
2.870745265e-21
7.266913726e-22
3.370845661e-21
9.078288864e-21
4.113510573e-21
1.872384578e-21
5.338059247e-22
1.12355642e-20
2.524179613e-21
1.714012974e-21
3.430771322e-21
1.046074167e-21
6.755568857e-21
1.084482375e-21
4.344603899e-21
5.581882457e-21
1.606383056e-21
1.567856152e-21
5.578322968e-21
9.779885644e-21
3.209777562e-21
1.595759251e-21
6.452173574e-21
2.62358077e-21
2.16255831e-21
6.616582769e-21
2.838800984e-21
1.305304098e-20
7.706374279e-22
2.452791121e-21
1.174564298e-20
5.370789768e-21
6.925944818e-21
9.18353487e-21
4.139754516e-21
8.70726536e-22
2.819645409e-21
1.850986071e-21
5.322582578e-21
4.6414246e-21
2.722483572e-21
3.089239036e-21
4.087739551e-21
6.711540257e-21
5.554535072e-21
2.694120177e-21
3.050248964e-21
3.258015845e-22
9.403192967e-21
2.986814155e-21
1.090880412e-21
1.25419038e-21
9.171721914e-21
3.269229651e-21
1.14807033e-21
2.93155495e-22
3.031270401e-21
1.218946526e-21
1.657803667e-21
8.985295089e-24
7.368435418e-21
6.244410948e-21
2.788938297e-21
1.090212911e-20
1.506774289e-20
1.569089435e-20
2.227379081e-21
2.848551617e-21
3.658705846e-21
2.042777825e-21
2.562173841e-21
9.68417179e-22
8.729383073e-21
3.888849587e-21
2.502699775e-21
6.650626726e-21
5.700051721e-21
7.407245573e-23
3.043739052e-21
3.459706321e-21
8.58831408e-21
2.12759033e-21
5.690726158e-22
9.574955372e-21
4.118124643e-21
3.250748079e-22
1.728346938e-21
6.461087987e-21
1.263890313e-21
1.875279843e-21
2.632633622e-21
1.106056221e-20
2.207091359e-21
4.119510705e-21
6.262412882e-21
1.079430931e-20
7.454222777e-21
5.628525873e-21
5.418919955e-21
1.035226183e-20
1.766383079e-21
2.260208599e-21
5.194168218e-21
1.06406796e-20
6.195370564e-21
8.225904264e-21
7.048877622e-21
4.633446702e-21
2.275006685e-21
8.918295564e-23
1.498909752e-21
4.092170147e-21
6.080045206e-21
2.31667969e-22
3.149604371e-21
1.457210429e-21
8.66562494e-21
2.416620288e-21
7.348158927e-22
1.904030837e-21
8.016429262e-21
9.538552722e-21
1.06503795e-21
1.126157638e-21
3.391001628e-21
2.99554693e-21
2.646722696e-21
5.491325859e-21
1.324038705e-20
3.725935208e-22
1.244317092e-21
2.163627003e-21
8.482576438e-21
4.97206151e-21
3.268139368e-21
1.134389822e-21
2.200034984e-21
5.303647331e-21
3.087482443e-21
1.334164711e-21
2.143902262e-21
7.045643199e-21
9.582823543e-21
2.707710996e-21
1.983098738e-21
5.78463087e-21
2.465583189e-21
1.094498495e-20
2.587161428e-22
3.753731543e-21
9.839014859e-21
1.948012151e-21
1.2075143e-22
4.695779558e-22
1.780531714e-21
7.904423733e-22
2.680240128e-21
1.358951252e-21
4.690647099e-21
1.864163592e-22
1.854928127e-21
2.173207189e-21
1.037850017e-20
2.914082836e-21
5.332294054e-21
7.542228153e-21
1.045950324e-21
5.747506821e-21
2.56762112e-21
1.952593942e-20
2.06988171e-21
1.15142002e-21
4.428260313e-22
3.713722395e-21
5.411441009e-21
4.916391362e-21
3.407289456e-22
1.125195125e-20
4.004002171e-22
7.467264811e-21
1.626101889e-21
7.84145217e-21
2.646633062e-21
4.274823682e-21
3.071590241e-21
1.037053624e-20
6.338326727e-22
1.067365842e-20
6.158393355e-22
2.472484077e-21
1.005901559e-21
1.094325096e-20
2.082367162e-23
4.752464607e-21
3.098834256e-21
1.560239508e-21
4.388405621e-22
5.424116399e-21
4.227040598e-21
4.840919886e-21
4.041352436e-21
5.346652678e-21
1.822142083e-21
3.804667559e-22
5.473266207e-21
1.504748985e-20
3.017319052e-22
1.088333033e-21
3.239187324e-21
9.059612975e-22
3.881812701e-21
1.346736142e-20
7.847673784e-22
1.377670993e-21
4.826958228e-21
1.375860063e-21
5.539974165e-21
1.083261602e-20
4.465853956e-21
9.790654301e-22
1.700910978e-22
2.629814566e-21
3.963404903e-21
2.570752775e-21
1.138176874e-20
2.632961584e-21
1.029352217e-20
5.213981337e-21
1.606464735e-21
1.147034891e-21
5.392036772e-22
1.101950718e-20
5.270482515e-21
7.600408837e-23
7.96465084e-22
1.208438225e-21
1.354102624e-21
4.074672024e-21
3.024078409e-21
1.310092724e-21
4.791879957e-22
1.797241228e-20
4.671244997e-21
4.627183449e-21
3.946206327e-21
2.038954121e-21
8.967957838e-21
7.805789036e-21
1.85295892e-21
3.03359459e-21
6.6306928e-22
1.30077962e-21
3.030823303e-21
4.591109067e-21
2.518015844e-21
9.528448034e-22
8.276949629e-22
2.937138715e-21
1.252618853e-21
6.044417401e-23
6.563523265e-22
2.467392262e-21
3.632527255e-21
1.647944958e-20
3.17388192e-21
1.43249092e-21
4.224567995e-21
4.306714104e-21
9.065713892e-21
1.081602911e-20
1.385544177e-21
1.261868742e-21
1.656189524e-21
1.179404899e-21
9.123245756e-21
2.264052839e-22
7.449523144e-23
1.254159407e-20
1.6149443e-21
3.721591747e-21
6.779690025e-22
3.650422851e-21
1.027904766e-22
7.726824281e-22
1.827487704e-20
6.427881563e-22
2.447400259e-21
1.057350202e-20
5.826537563e-21
5.487661059e-22
2.449712502e-21
4.987970895e-22
3.088524068e-21
5.076811074e-21
3.288883985e-21
1.444550977e-22
2.36542684e-21
1.457524139e-21
3.285341954e-22
9.062014602e-23
3.438078681e-21
9.041666017e-22
2.787241263e-21
2.118741697e-21
6.928532705e-21
5.19795991e-21
2.005508553e-22
1.885207807e-21
6.287861035e-21
1.038690941e-21
2.880185956e-22
1.204719288e-20
3.660810502e-21
3.196769668e-21
1.562178954e-20
3.555128645e-22
1.250069666e-22
1.092742332e-20
2.424721154e-21
8.776075059e-21
1.566130979e-21
1.346253984e-21
2.525730455e-21
1.146868205e-20
8.635295559e-21
4.677823837e-21
3.314734191e-22
4.540645859e-21
9.13355689e-21
1.964117332e-21
1.106172896e-20
5.378838881e-21
4.622315931e-21
5.666154185e-21
3.459795195e-21
1.856362339e-22
5.304713194e-21
3.74089463e-21
2.687306803e-21
6.101505e-22
2.72677115e-23
1.8740659e-22
3.973177686e-21
6.307926919e-21
2.274856774e-21
8.889428331e-22
3.219878469e-21
6.934404539e-22
1.456269034e-20
1.313490963e-21
1.634451202e-21
1.174003228e-20
1.896671669e-21
5.049417513e-21
6.130029194e-22
1.959928282e-21
7.339555093e-21
6.074319338e-22
1.13784047e-20
2.427863954e-21
1.698684449e-20
2.096112418e-21
1.003780994e-20
1.459380189e-21
6.081253249e-21
1.231523996e-20
1.227084406e-21
1.866855094e-20
2.117582772e-21
6.452233748e-21
1.276319484e-21
1.898621402e-21
2.281478716e-21
8.466987131e-22
2.511637622e-22
1.157334948e-20
5.108245643e-21
2.421934322e-21
2.896694627e-21
1.237056771e-20
3.457526611e-21
4.834418403e-21
5.22630078e-22
2.103998152e-21
4.388859433e-23
1.173929688e-21
1.233337255e-20
3.581672541e-21
7.2916287e-21
4.570898857e-21
8.124066028e-21
3.163397619e-21
3.103072244e-23
6.087925498e-21
5.128410659e-21
6.535754975e-21
9.447120449e-21
4.838186369e-21
2.230457628e-21
5.32726113e-21
6.735295333e-21
2.316233426e-21
7.264779124e-21
2.643128497e-21
9.847794798e-21
3.223711177e-21
4.089405194e-21
5.693977543e-21
9.424431612e-21
3.101030065e-21
1.277454942e-20
9.365352568e-22
9.677251406e-22
8.618485926e-21
7.225778192e-22
3.067333554e-21
1.200942279e-21
8.762665763e-21
3.372587004e-21
4.73685239e-21
5.933697102e-21
7.674415379e-22
7.794774053e-22
8.571276104e-21
1.419556008e-20
5.154914473e-21
5.951801335e-21
4.235783478e-21
1.120480244e-20
4.222566664e-21
6.380444339e-22
4.864603212e-21
7.179986761e-21
2.851713184e-21
9.021258447e-21
6.435446818e-22
2.123405274e-21
6.134305434e-21
6.41465803e-22
6.667506348e-22
5.453911694e-21
1.066303974e-20
8.472461083e-22
2.773423607e-21
1.356633484e-21
2.443045866e-20
1.843545899e-21
5.954037709e-21
7.447798828e-21
1.093903325e-20
5.362718527e-21
6.240448613e-22
1.694469748e-20
1.258167021e-21
5.790873219e-21
1.253410883e-20
1.615044762e-20
7.756422809e-22
1.314971432e-21
2.562825901e-21
4.267422855e-22
4.273648029e-21
2.161134312e-21
1.010604892e-20
1.734942529e-21
1.162008814e-20
1.724041173e-21
6.697460655e-22
8.285596842e-22
5.420735193e-21
1.385894028e-22
2.428185837e-21
1.949506694e-21
8.239715889e-21
8.614338941e-21
1.76305508e-21
4.822653703e-21
2.668484502e-21
3.324023648e-21
1.069817252e-20
9.004413136e-21
1.186581644e-21
1.757981316e-22
3.072839437e-22
6.322915205e-21
1.238897228e-21
6.60943642e-21
4.548667373e-21
2.037866261e-21
4.373977388e-23
2.989351888e-22
8.346127456e-21
6.356804054e-21
6.576743268e-21
3.716537369e-21
1.143469513e-21
1.3380265e-21
4.790402065e-21
4.597675237e-22
2.234912753e-21
1.501223818e-21
1.248942114e-21
1.77530092e-20
4.378943757e-21
4.323425319e-21
5.863542806e-22
5.481600707e-21
5.639955877e-21
1.188491018e-21
1.547297165e-20
7.873451853e-21
2.171261311e-21
1.362660111e-21
6.960785951e-21
3.205679026e-23
1.614181176e-21
3.523607339e-22
2.42414613e-21
7.365415089e-21
2.333652551e-21
1.216172472e-20
8.94545027e-22
3.784700199e-21
2.503034352e-21
5.957619779e-21
5.362097217e-22
6.425482409e-21
4.460364269e-23
2.646128565e-21
1.085040712e-21
7.59538693e-21
1.292927515e-20
1.185600699e-20
5.401048518e-22
6.109213518e-21
4.796875514e-21
9.824838182e-21
3.273066386e-21
5.926656395e-21
8.453518662e-21
1.337643648e-21
1.127272066e-20
4.502469263e-22
3.769915381e-21
3.837015524e-21
7.162963074e-21
1.054972643e-20
3.983311779e-21
9.268803236e-21
3.912156868e-21
4.834234196e-21
3.333035918e-21
4.266029046e-21
6.736384962e-21
7.29265776e-21
1.459993261e-21
8.975354816e-22
1.227943213e-23
2.236864178e-20
7.61501021e-22
5.874788654e-21
5.04517902e-21
1.349577318e-20
2.404937139e-21
8.603588535e-22
1.014313796e-21
7.739047147e-21
1.004456896e-20
1.27860767e-20
3.924578355e-21
3.840543981e-21
3.882410871e-21
3.672956089e-22
1.922492483e-21
4.446310856e-22
9.97952335e-21
1.316288397e-20
6.044497638e-21
4.82306817e-21
6.067825128e-21
6.507912946e-21
1.279055701e-20
1.860073706e-20
2.565548197e-22
7.299221379e-21
1.081732203e-21
7.609417799e-22
1.974560701e-21
5.853706802e-22
9.185512494e-22
1.062955855e-21
9.76279752e-22
8.168295213e-22
1.30300943e-20
8.645052308e-22
9.102331285e-21
3.874124244e-21
2.097604443e-20
4.699325418e-21
6.872325234e-21
6.297942161e-21
5.139464685e-21
3.726752426e-21
2.734586282e-21
4.505214134e-21
2.468810389e-21
5.244232846e-21
1.047572403e-21
3.499146868e-21
1.042795639e-20
5.305347741e-22
2.67906364e-21
4.555879005e-22
5.416577132e-21
2.29810384e-21
6.077923211e-21
9.670409271e-21
5.237623285e-22
4.00070042e-21
3.959782302e-22
2.825812695e-22
3.996253642e-21
5.27539755e-21
2.051269132e-21
7.468931365e-22
2.777309495e-21
2.149380114e-21
1.486813056e-21
6.157244548e-22
1.448526667e-21
7.247740004e-21
9.860667595e-21
8.925813254e-21
6.999459284e-21
9.670394987e-21
2.828176342e-23
6.037512831e-21
4.373796072e-22
8.585464201e-22
5.649649507e-21
5.614720248e-23
2.726658344e-21
7.139592608e-22
1.11123442e-20
1.377100287e-20
5.31714411e-21
8.255908837e-21
2.593235323e-21
4.949493491e-21
3.252204494e-21
3.995717e-21
1.575855052e-20
8.364791206e-21
1.869934322e-21
3.379496923e-21
1.116778622e-21
6.75449419e-23
9.591730079e-21
1.695478862e-21
2.298500235e-21
5.453829756e-21
1.893719559e-21
2.294489035e-21
7.616526552e-21
2.537822592e-21
1.052373192e-20
2.154408563e-21
5.29110464e-22
5.584862653e-21
9.613700613e-22
3.161087697e-21
2.783070235e-21
3.299524496e-21
4.286024037e-21
3.482262874e-21
7.376858983e-22
6.275654605e-21
3.399904486e-21
5.479580549e-22
6.154001161e-21
1.05955845e-21
8.509597941e-21
1.331976986e-21
1.521279525e-21
4.942750253e-22
5.132640958e-22
1.58250883e-21
2.247858288e-21
6.97511102e-21
1.743245885e-21
3.84411312e-23
5.546221489e-21
2.07495019e-21
2.437173339e-21
8.979863952e-21
4.916969092e-21
1.774823901e-21
1.763900258e-21
1.024153193e-21
9.517009322e-22
1.568288841e-21
2.335075468e-21
3.173398849e-21
4.456030007e-21
8.081564418e-21
7.990796495e-21
9.573574788e-22
9.804143728e-22
1.817904294e-21
7.870410975e-21
7.636116834e-22
7.248329284e-21
6.549935541e-22
3.336476613e-21
1.380360916e-21
1.144400908e-21
7.048477158e-22
2.150184298e-22
3.775045178e-22
2.92288849e-21
1.265128206e-21
2.890257126e-22
4.914959183e-22
1.658191001e-20
3.177309891e-21
2.149614562e-21
1.217523831e-20
2.984792213e-21
4.482630443e-21
5.196638256e-21
4.288162535e-21
7.805522635e-21
6.036204783e-22
2.160668955e-22
2.770257778e-21
2.243885394e-21
3.122637884e-21
2.166459785e-22
1.39021956e-21
6.156807706e-21
3.281506652e-21
4.235415178e-23
4.794382824e-21
1.03560972e-21
2.917853077e-21
1.914052287e-22
7.439391041e-21
2.676115506e-21
1.138081802e-20
3.46562301e-21
4.234220573e-21
7.250499397e-21
1.236542814e-21
1.904642492e-22
7.655649903e-21
2.251869108e-22
5.467679361e-22
2.715543875e-21
2.794262662e-22
6.011224228e-21
5.154015475e-21
2.231453104e-20
9.937478834e-21
6.409293333e-21
3.148568448e-21
1.081762567e-20
1.753262988e-20
3.982528772e-21
2.590076778e-21
3.751433506e-21
1.383509438e-21
6.549666821e-22
3.957856087e-21
1.149205565e-21
2.463854386e-21
3.596008559e-22
9.117208099e-21
4.166407512e-21
8.658658308e-21
5.242393306e-21
4.05194421e-21
2.481135744e-21
7.528827802e-24
2.807749243e-21
5.82816056e-21
6.619936211e-22
2.433729591e-21
4.607982411e-21
1.694291466e-20
3.083023775e-21
1.034861284e-22
6.089371553e-21
1.816760128e-21
4.527780664e-21
8.267569046e-21
1.094533623e-22
2.970183132e-21
4.476291876e-21
6.512667924e-21
1.034923262e-20
2.725987749e-21
3.713548223e-22
1.699693504e-21
5.359852989e-21
4.002494468e-21
1.810462232e-21
5.039084687e-21
5.73061796e-22
4.951183658e-22
2.380591143e-22
3.310763764e-21
1.284674636e-20
9.261786513e-22
1.4481155e-20
1.067160153e-22
4.283923667e-21
1.795915727e-21
2.603256267e-20
6.443301074e-21
1.177085822e-21
1.680942835e-21
3.184132074e-21
1.002238198e-21
2.865036132e-21
9.316373629e-21
1.384013219e-20
3.034739648e-21
2.537484367e-20
2.01320274e-21
1.688770349e-22
6.422154269e-21
4.626265246e-21
4.148530556e-21
3.636501181e-21
2.449392356e-22
7.16814397e-21
1.354125575e-21
4.521079936e-21
1.888781652e-20
4.395377442e-21
1.086190505e-21
3.593876917e-21
2.169326313e-21
2.455572513e-21
6.712197504e-21
3.818639448e-23
6.958277483e-21
7.650672676e-22
2.111589404e-21
1.108991438e-21
2.580213368e-21
7.541590012e-21
2.57505667e-21
4.881902895e-22
5.712146616e-21
2.194478165e-21
2.228195203e-22
1.192815662e-21
1.728574e-21
1.3016945e-20
2.605705329e-22
1.457932846e-21
9.159026562e-21
3.021609106e-22
2.098265038e-21
4.607635123e-21
6.809198346e-21
1.717787047e-23
1.895567605e-21
8.127793008e-21
6.791024136e-22
1.039313767e-21
4.381632721e-21
1.919218669e-21
3.133733256e-21
1.797866468e-21
1.627401891e-20
3.099830498e-21
9.451920598e-22
1.622334564e-21
1.51191958e-20
3.049908294e-21
1.87102133e-21
7.017730407e-21
6.79673161e-21
4.895931095e-21
4.061231619e-22
8.351652107e-21
6.975312723e-23
4.566448842e-21
6.803357387e-22
4.399510652e-21
8.170902765e-22
1.686562612e-21
1.787707164e-21
9.400178051e-21
5.558657958e-22
6.784681396e-22
6.66064169e-22
7.626445063e-22
1.79190954e-20
1.056905447e-20
1.736621951e-21
5.945783404e-21
3.453846404e-21
2.338840051e-21
3.259352623e-21
5.996917181e-21
3.917871173e-21
1.059957243e-20
9.642047766e-21
9.978026985e-21
3.412272811e-21
4.203505562e-21
7.098548688e-21
3.750737017e-21
9.645395805e-22
3.793153273e-21
3.876415037e-21
1.291114173e-20
2.971363009e-21
3.180303706e-21
7.221709638e-22
1.895027947e-20
2.871711454e-22
9.477809253e-22
9.721814111e-21
2.124094484e-21
3.535749411e-21
2.528692019e-21
1.98471997e-22
1.845864238e-21
3.174705847e-21
7.830691803e-21
1.951945405e-21
1.318115828e-21
8.797458998e-22
9.118487996e-21
3.855695706e-22
7.553141428e-21
1.600889826e-21
1.509100903e-21
1.199642807e-21
6.828469674e-22
4.199636647e-21
3.930140933e-21
3.190394591e-21
3.10636006e-21
3.014442352e-22
3.340653625e-22
1.473081911e-21
4.042693807e-21
2.509564098e-21
4.459412825e-22
4.510505046e-21
2.815153655e-21
1.893854359e-21
1.742986124e-21
3.792836861e-21
4.350499816e-21
2.551076654e-21
1.983847151e-21
4.631893667e-21
4.369111316e-21
8.487286807e-21
1.372885667e-20
3.938981216e-21
7.837417931e-22
2.087024904e-21
2.952511283e-21
1.372688086e-20
5.454550109e-21
7.488289723e-21
5.142325025e-21
1.456041524e-21
2.40104403e-22
4.60675728e-21
3.917305891e-21
7.202800117e-21
1.265401947e-21
2.143173022e-21
2.623207312e-21
1.28933285e-20
5.010254956e-21
1.691687437e-21
3.111074669e-21
9.776659104e-21
3.014333865e-21
2.255802799e-21
1.376004446e-21
1.23886186e-20
4.62424806e-21
9.907330628e-21
3.627341975e-21
1.066966418e-21
4.508328417e-21
5.294548214e-22
2.727345491e-21
1.373224472e-21
2.040561357e-21
4.91186179e-22
3.742371311e-21
4.045639988e-21
2.129508731e-22
3.447776825e-22
8.703051232e-22
7.033110199e-21
2.218573658e-21
2.045131099e-21
2.096941897e-21
1.085803138e-20
3.394619848e-21
7.964469265e-21
6.06221299e-22
1.911496055e-21
2.972592537e-22
2.63598472e-22
1.434111407e-21
4.024787944e-21
2.34914453e-22
6.459868889e-23
9.571389561e-21
3.109371463e-21
4.066642102e-21
4.047064743e-21
4.417690088e-23
1.985025621e-21
7.703473448e-21
2.665070029e-21
7.985864012e-22
2.001272356e-22
1.129528497e-20
3.634449885e-21
6.592637501e-21
6.231469477e-23
2.951937937e-21
8.796154166e-21
3.950038452e-21
1.954529136e-21
1.024188903e-21
5.661881598e-21
5.873145874e-21
3.036349158e-21
6.534341652e-21
2.719539028e-21
1.876956762e-21
7.459805782e-21
7.451039457e-21
6.901427098e-21
8.824107976e-22
1.534873476e-21
8.383108482e-21
1.046852995e-20
4.694400989e-22
1.582378702e-20
9.445642926e-22
6.178569528e-21
1.419830787e-20
1.551635247e-21
4.038128303e-21
4.28601115e-22
1.796783714e-20
9.882436884e-21
2.58415133e-21
7.852830865e-21
1.104549326e-21
1.508539782e-20
1.276444276e-22
3.532933002e-21
7.074163865e-22
2.074293808e-21
4.335123976e-22
3.874189568e-21
7.583593486e-21
2.91594276e-21
2.910495627e-23
1.147907482e-20
1.571276991e-20
8.161616842e-22
1.633264406e-21
1.84214906e-21
5.457335189e-21
2.425628517e-21
1.37671627e-20
)


// ************************************************************************* //
