/*--------------------------------*- C++ -*----------------------------------*\
| =========                 |                                                 |
| \\      /  F ield         | OpenFOAM: The Open Source CFD Toolbox           |
|  \\    /   O peration     | Version:  2406                                  |
|   \\  /    A nd           | Website:  www.openfoam.com                      |
|    \\/     M anipulation  |                                                 |
\*---------------------------------------------------------------------------*/
FoamFile
{
    version     2.0;
    format      ascii;
    arch        "LSB;label=32;scalar=64";
    class       volScalarField;
    location    "0.011";
    object      dsmcRhoN;
}
// * * * * * * * * * * * * * * * * * * * * * * * * * * * * * * * * * * * * * //

dimensions      [0 -3 0 0 0 0 0];

internalField   nonuniform List<scalar> 
654
(
21
16
22
10
11
22
17
23
17
19
18
18
19
19
17
20
14
7
16
8
7
22
15
16
20
12
16
12
20
14
16
20
11
9
7
8
5
7
14
5
10
16
9
15
9
15
10
12
24
21
19
13
19
21
15
6
5
14
4
6
13
13
14
5
13
15
9
13
11
11
11
15
11
15
13
15
16
14
13
13
18
12
11
16
6
9
10
6
6
8
10
7
11
5
4
5
13
9
14
18
9
9
11
12
8
14
9
18
9
18
19
13
19
11
12
10
10
14
6
6
8
10
8
8
11
14
4
11
10
11
14
10
11
18
6
12
12
12
14
14
11
16
10
22
9
6
7
7
8
5
12
10
10
6
6
7
8
12
12
10
7
11
8
10
6
11
18
15
10
7
14
14
13
17
6
8
8
6
13
11
13
9
6
11
6
12
8
8
11
8
9
9
6
12
8
11
6
11
12
12
8
10
19
15
8
6
5
9
9
9
13
6
9
7
11
7
11
10
7
9
8
7
11
5
4
9
10
12
8
13
14
7
7
9
5
9
9
10
11
12
4
4
10
5
13
7
13
4
10
9
9
5
5
10
12
11
5
9
7
13
16
14
15
8
8
8
8
12
12
14
11
7
7
8
11
8
8
7
4
7
4
7
7
6
4
8
11
12
12
10
7
8
8
9
12
10
7
7
11
10
6
8
8
7
14
7
12
5
6
4
8
7
6
7
8
7
8
6
7
9
8
7
10
8
7
8
5
6
18
9
6
8
11
3
8
13
12
11
12
8
11
11
10
3
7
7
4
14
7
11
5
10
12
12
13
8
15
6
8
10
10
10
6
16
9
4
9
4
12
5
9
5
5
15
8
14
6
4
13
8
9
4
5
12
7
7
9
12
15
12
10
7
8
6
11
5
5
13
5
6
6
9
10
9
9
11
4
9
9
10
10
4
10
8
9
7
13
11
10
5
8
9
10
7
7
8
7
9
12
5
7
4
6
15
7
8
6
11
10
13
6
11
9
5
3
11
15
6
9
10
9
4
8
10
8
13
12
4
8
8
6
6
15
11
5
6
7
0
10
3
8
4
8
18
17
7
9
6
5
11
6
9
7
11
9
9
4
5
8
10
15
9
8
9
12
7
11
12
5
6
10
5
5
9
6
9
13
10
8
8
11
4
8
12
10
8
13
12
8
8
6
4
4
9
7
3
3
8
14
9
8
7
5
10
6
8
6
7
8
9
8
7
4
9
11
11
9
5
12
8
7
8
7
7
4
5
7
2
8
10
11
6
11
9
8
10
12
6
10
1
9
10
10
9
7
7
12
13
9
6
6
6
11
7
3
6
7
7
5
10
13
10
6
8
7
4
15
8
8
5
5
8
11
4
7
10
9
7
5
10
9
6
11
5
9
6
5
4
7
5
8
5
13
6
6
6
8
7
11
12
6
8
8
6
6
9
6
6
8
10
2
8
7
11
5
9
6
9
7
4
9
4
9
5
)
;

boundaryField
{
    flow
    {
        type            zeroGradient;
    }
    obstacle
    {
        type            zeroGradient;
    }
    frontAndBack
    {
        type            empty;
    }
    procBoundary3to1
    {
        type            processor;
        value           nonuniform List<scalar> 
36
(
15
29
18
14
14
14
16
17
23
22
25
13
13
18
13
10
11
17
17
10
10
7
5
10
12
12
11
8
8
12
8
3
13
13
13
13
)
;
    }
    procBoundary3to2
    {
        type            processor;
        value           nonuniform List<scalar> 
19
(
14
6
6
6
10
13
11
9
8
8
10
11
7
11
7
10
7
11
8
)
;
    }
}


// ************************************************************************* //
