/*--------------------------------*- C++ -*----------------------------------*\
| =========                 |                                                 |
| \\      /  F ield         | OpenFOAM: The Open Source CFD Toolbox           |
|  \\    /   O peration     | Version:  2406                                  |
|   \\  /    A nd           | Website:  www.openfoam.com                      |
|    \\/     M anipulation  |                                                 |
\*---------------------------------------------------------------------------*/
FoamFile
{
    version     2.0;
    format      ascii;
    arch        "LSB;label=32;scalar=64";
    class       volScalarField;
    location    "0.009";
    object      dsmcRhoN;
}
// * * * * * * * * * * * * * * * * * * * * * * * * * * * * * * * * * * * * * //

dimensions      [0 -3 0 0 0 0 0];

internalField   nonuniform List<scalar> 
546
(
26
22
25
28
24
34
24
14
24
27
22
27
21
24
27
28
21
25
27
19
25
20
25
15
20
18
16
21
20
13
26
29
25
16
19
25
27
20
28
24
33
16
23
28
23
28
24
20
22
18
15
16
27
14
23
19
10
17
15
12
26
22
17
18
14
21
18
26
20
26
21
19
32
21
17
13
22
21
16
23
20
18
23
11
17
23
20
16
17
9
27
24
26
23
21
16
28
16
24
26
16
20
21
18
15
13
16
17
19
16
18
22
21
17
15
10
15
19
17
8
29
25
24
23
23
19
12
22
14
27
15
15
17
15
18
19
10
17
19
20
26
24
17
11
16
19
18
16
17
17
21
18
23
22
21
23
25
24
16
17
24
21
22
14
18
17
24
14
22
17
19
18
12
21
21
11
11
12
17
13
11
21
17
25
23
22
25
26
31
26
15
24
18
23
16
8
22
26
19
27
23
18
15
16
14
16
13
14
23
23
23
24
26
15
18
28
14
21
28
24
14
22
18
17
17
20
22
25
11
16
19
10
13
22
21
18
13
23
17
20
7
12
20
11
19
17
18
24
19
21
14
19
16
19
22
16
17
24
26
21
14
28
18
13
26
27
20
18
13
10
15
10
10
21
17
13
9
19
25
25
22
19
14
15
14
19
18
14
15
21
24
15
20
17
18
24
14
14
18
22
14
10
13
10
21
17
19
21
21
17
12
16
21
24
15
22
20
17
18
22
15
18
15
19
16
18
18
23
22
20
9
9
14
7
13
17
13
15
13
10
22
16
17
13
15
18
22
17
15
27
22
22
24
16
19
17
13
19
15
21
11
13
15
9
16
15
17
11
10
14
13
18
18
21
7
16
14
18
13
24
24
15
15
19
24
14
23
17
14
11
4
8
13
17
8
10
9
11
16
14
9
17
15
21
16
12
16
21
27
18
15
18
15
20
22
17
23
14
12
13
12
11
6
8
11
10
10
14
14
13
16
19
9
13
12
15
21
20
22
14
16
24
17
24
21
20
20
19
10
14
13
6
11
13
7
4
9
10
14
12
18
18
9
20
16
20
13
14
12
17
11
14
17
16
19
20
20
17
15
11
11
16
7
8
13
9
10
10
13
14
12
9
11
9
16
20
14
16
29
19
25
18
19
17
13
8
10
9
6
13
7
7
8
4
10
15
10
12
13
13
10
11
19
8
12
8
7
9
11
8
12
10
3
8
10
14
6
17
15
12
6
10
4
8
8
11
)
;

boundaryField
{
    flow
    {
        type            zeroGradient;
    }
    obstacle
    {
        type            zeroGradient;
    }
    frontAndBack
    {
        type            empty;
    }
    procBoundary1to0
    {
        type            processor;
        value           nonuniform List<scalar> 
21
(
35
23
33
19
22
19
10
6
15
14
10
8
14
11
14
14
6
12
8
11
10
)
;
    }
    procBoundary1to3
    {
        type            processor;
        value           nonuniform List<scalar> 
36
(
16
23
13
15
16
21
22
17
11
23
13
23
18
7
13
10
12
22
15
12
12
10
10
5
7
17
8
12
11
10
10
10
12
9
8
7
)
;
    }
}


// ************************************************************************* //
