/*--------------------------------*- C++ -*----------------------------------*\
| =========                 |                                                 |
| \\      /  F ield         | OpenFOAM: The Open Source CFD Toolbox           |
|  \\    /   O peration     | Version:  2406                                  |
|   \\  /    A nd           | Website:  www.openfoam.com                      |
|    \\/     M anipulation  |                                                 |
\*---------------------------------------------------------------------------*/
FoamFile
{
    version     2.0;
    format      ascii;
    arch        "LSB;label=32;scalar=64";
    class       scalarField;
    location    "0.001/lagrangian/dsmc";
    object      Ei;
}
// * * * * * * * * * * * * * * * * * * * * * * * * * * * * * * * * * * * * * //


5122
(
3.775924293e-21
3.02158744e-21
6.386672606e-21
2.586091491e-21
5.473199686e-22
3.014928317e-21
2.141534359e-21
4.650028206e-21
9.024138222e-21
3.656549876e-21
8.744254131e-21
5.673768304e-22
1.204030792e-20
3.336524248e-21
7.624506129e-22
1.752889451e-21
9.518807722e-21
3.691274476e-21
1.141202369e-21
3.811722317e-21
2.040292418e-21
2.531959025e-21
6.878734655e-21
1.690948124e-21
3.586527544e-21
1.864209193e-20
1.505291229e-21
4.80511729e-22
1.435544757e-21
8.396599296e-21
1.097140101e-21
4.564642263e-21
6.754019631e-21
1.162204436e-21
1.222182093e-21
2.67325107e-21
1.255212083e-20
1.321418685e-21
4.111288314e-22
2.903941753e-21
5.730028769e-21
3.127877729e-21
6.53861876e-21
2.404807642e-21
7.256458705e-21
4.27016868e-21
2.75315785e-21
3.165640165e-22
9.703308549e-21
2.400277678e-21
1.106635522e-21
8.967155298e-22
1.412483829e-20
6.579042375e-22
5.83394844e-21
8.195864043e-22
6.237112836e-21
9.775376411e-21
2.022981696e-20
3.050410976e-21
5.745380893e-21
1.094218005e-20
1.490653644e-22
1.603605294e-21
3.48939942e-21
1.423784793e-21
1.544083063e-21
6.313364585e-22
7.452670903e-21
9.209629857e-22
1.183660843e-22
5.967370116e-21
1.487322831e-21
6.138047082e-21
3.178343845e-22
2.020701122e-21
1.525290427e-21
5.826815888e-22
5.586557805e-21
4.117366314e-21
1.840871664e-21
4.349007484e-21
1.127311278e-20
7.393186974e-21
1.060832841e-20
2.036099765e-20
6.533788206e-21
1.284343296e-21
7.654696773e-21
7.084866799e-21
5.072864163e-21
9.412242706e-23
1.716512211e-20
2.192440024e-21
2.835315211e-22
5.176164999e-21
5.775884853e-24
5.834226786e-21
1.004045598e-20
1.054065649e-21
5.774988442e-21
2.455405871e-23
1.341967194e-22
6.457905721e-21
1.254427813e-21
7.975117615e-21
1.260495015e-20
2.336666657e-21
8.613503993e-22
2.352312951e-21
4.838648235e-21
4.126619173e-21
5.141785412e-21
1.409612086e-20
5.997086574e-21
4.06414704e-21
1.04048896e-20
1.70783909e-21
1.071242867e-21
1.350747282e-21
5.601860879e-22
8.815788739e-22
2.933577478e-21
1.176861288e-22
9.277959097e-22
7.119049679e-21
2.120612269e-21
2.561957162e-21
6.660762452e-21
2.023675078e-20
2.111165602e-21
2.139605378e-21
1.118441315e-21
3.255962885e-21
4.565265345e-21
7.904655034e-22
1.079264631e-20
7.966553697e-22
4.008031935e-22
1.074331109e-22
2.094970966e-21
8.412290196e-22
5.145737092e-21
7.817864024e-21
4.053001546e-22
7.356177508e-21
2.695111205e-21
2.767470484e-21
5.11481766e-21
2.04665692e-21
2.588992117e-21
3.37543315e-21
7.188735015e-22
8.453553616e-21
9.640577338e-22
1.740163688e-21
4.663206862e-21
8.127260699e-21
1.444224091e-21
7.590133677e-21
7.011295382e-21
4.521291144e-21
1.334497558e-21
4.781868479e-21
4.481172287e-21
4.4782443e-21
2.830150948e-21
1.767631481e-21
3.505862149e-21
4.104625375e-21
5.232801098e-21
2.557111547e-21
2.228560317e-21
2.385856703e-21
1.682866077e-21
1.24189559e-21
7.482828903e-21
5.794644053e-22
5.133642624e-21
1.234151174e-21
1.362783961e-21
1.528809294e-21
8.999188259e-22
1.654848145e-21
2.032499864e-21
3.251818543e-21
7.534929661e-21
1.045165675e-20
6.557874152e-22
3.536177418e-21
1.325388983e-21
6.087951884e-22
1.290549845e-21
1.450290204e-23
1.848546621e-21
2.796477597e-21
1.017241375e-22
4.547980857e-21
8.337913841e-21
2.390317458e-21
1.98469841e-21
2.218795579e-20
1.515338757e-20
4.351090649e-21
1.40241748e-21
5.931116368e-22
4.782395284e-22
1.749598938e-20
2.029336448e-21
6.311290458e-21
6.693387516e-22
3.437166465e-23
3.383186169e-21
3.648912337e-21
3.731212402e-21
7.221485017e-21
4.158439771e-22
1.028654848e-21
5.740458948e-22
2.138070231e-21
3.722475384e-21
7.856465548e-22
1.102593897e-20
1.787169872e-20
5.859523096e-23
1.024376132e-20
3.282528973e-21
5.338206802e-21
7.512743331e-22
1.507665153e-21
9.704273015e-22
3.435219826e-21
2.056567771e-20
5.486915591e-21
1.616450874e-20
1.213335783e-21
1.052014966e-20
1.026259456e-21
5.400399367e-21
4.660173243e-21
1.460514481e-21
1.50929661e-20
9.931243545e-21
6.706775003e-22
1.290539262e-20
5.028222051e-21
6.103679824e-21
2.189985302e-22
2.322650233e-21
7.018818069e-21
1.282669077e-21
4.877620932e-21
8.956704486e-22
1.608156494e-21
3.447209364e-21
1.261617302e-21
1.209711566e-21
3.133742438e-21
6.525755837e-22
4.636183142e-22
5.60034759e-21
5.799682321e-21
1.94868904e-21
2.821158925e-21
5.142241615e-21
9.75483157e-21
6.080140826e-21
1.257063182e-20
3.269221972e-22
1.007197467e-21
1.075675381e-21
1.044469862e-21
1.408982883e-21
2.213221652e-21
1.775486106e-21
1.207096814e-20
1.940933291e-21
3.552712024e-21
8.576695763e-22
3.975679684e-21
1.146145419e-20
1.319770664e-22
1.210022307e-22
2.48017634e-21
2.828340576e-22
3.453989243e-21
5.62519691e-21
3.518024623e-21
4.535631301e-21
7.329656482e-21
4.052437738e-23
2.266900507e-21
4.545162911e-21
1.112664739e-21
9.778945092e-21
4.299837054e-21
1.45863615e-21
1.082242855e-20
3.302314161e-21
7.499505959e-22
1.612535805e-21
5.693099281e-21
3.393507879e-21
8.855828913e-22
3.146815824e-22
9.032824912e-21
3.635552901e-21
4.180613025e-21
1.230365478e-20
9.096406176e-21
3.866220402e-21
5.524664072e-21
4.957621625e-21
7.570989682e-24
1.237891212e-22
2.367938498e-22
1.127668515e-20
7.210400752e-22
5.369097175e-21
7.420672571e-21
6.190174826e-21
3.117843587e-22
3.010181109e-21
8.724511925e-22
1.738051311e-22
4.634184834e-22
5.338559657e-21
3.1090573e-21
3.319195634e-21
3.408170971e-21
3.626986761e-21
5.417744907e-23
3.031134735e-21
3.312852056e-21
1.494271986e-21
1.044741427e-22
2.236097847e-22
9.808371521e-22
3.572853431e-21
2.493322202e-21
8.263086238e-22
2.367617992e-21
9.264913393e-21
2.357223434e-21
4.883824415e-21
7.992845492e-22
1.766289877e-21
4.413903341e-21
2.830217038e-21
2.305240871e-21
1.61180106e-21
6.970524724e-21
1.815605036e-22
3.13049237e-21
1.670191924e-21
4.663762237e-21
5.474352853e-21
5.015210633e-22
3.401562103e-21
8.480081956e-21
3.612863005e-21
4.951268102e-21
5.82175659e-21
6.748555539e-22
3.737365113e-21
1.158221007e-21
4.378222433e-21
6.178900829e-21
9.938217478e-21
1.380682139e-21
1.581682993e-21
1.456039187e-21
2.624349198e-21
1.438515621e-22
9.723741654e-21
1.720455201e-21
3.892520873e-21
1.578378908e-21
4.716979283e-21
2.954751365e-21
1.790671773e-21
3.111825501e-21
3.007171214e-21
1.003881526e-20
3.113578324e-21
1.485802942e-21
8.998620509e-22
8.111083852e-22
5.373082482e-21
1.885474435e-21
1.009542283e-21
1.284817376e-21
5.836044752e-21
8.612051144e-24
2.957409194e-22
1.723183722e-21
5.660752705e-21
6.683915629e-21
6.098572485e-21
4.098337908e-21
7.197254783e-21
5.758945257e-22
4.942863316e-22
1.99721396e-21
2.090324663e-21
2.913293243e-21
1.136425345e-22
5.979374617e-22
4.590441448e-21
5.501840042e-21
6.979668971e-21
5.714833457e-22
1.380571604e-22
2.536472033e-21
1.570899493e-20
2.168557821e-21
1.920210647e-21
1.081939278e-21
5.918816039e-21
1.74874182e-21
5.128863165e-21
7.319216166e-21
1.372072833e-21
1.58382364e-22
3.776616897e-21
1.624106359e-21
3.445757262e-21
1.839680047e-21
4.817183437e-21
2.964953748e-21
5.429054393e-22
3.512980535e-21
2.462737552e-21
3.375451291e-21
5.89508873e-21
3.750205155e-22
8.916201112e-23
2.711648124e-21
2.734982963e-21
3.448087299e-21
1.740842076e-21
5.989173658e-21
4.4719257e-21
5.932289535e-22
1.634755926e-21
1.554727237e-21
7.094035086e-21
1.011802999e-21
1.323485584e-20
3.875224896e-21
1.161377374e-21
1.162098633e-21
1.862126725e-20
2.252454353e-21
2.309897645e-21
1.644092236e-22
6.243899826e-21
1.127503639e-22
1.134264184e-21
3.555005379e-22
4.450129913e-21
1.017047662e-20
2.063816343e-23
1.021951422e-21
1.736641227e-21
2.855876574e-21
5.247656783e-22
3.035194503e-21
6.674603983e-21
3.972635422e-21
1.215240395e-21
4.006572663e-22
1.671007863e-21
9.353391434e-21
2.476037786e-21
1.126872221e-20
2.423920256e-21
5.356544559e-21
9.526251506e-21
2.013673257e-21
3.53932676e-21
4.622118118e-21
1.188530548e-21
1.22200764e-22
1.984112721e-22
6.304012122e-21
1.063218788e-20
6.021952058e-21
1.912534485e-22
2.623032758e-21
7.134613204e-22
4.346735159e-21
3.055039183e-21
5.449331485e-21
3.726557907e-21
4.436900238e-21
2.713448508e-21
8.992885013e-22
8.401934262e-21
5.054164177e-21
4.050666892e-21
3.798762813e-22
7.67450389e-21
7.644717023e-21
1.093317316e-20
7.571287789e-21
3.180400754e-21
1.929246593e-21
3.608868354e-21
2.40496959e-21
8.534540585e-22
3.980364061e-21
1.709446803e-21
9.000548811e-21
1.633171503e-20
2.765658937e-22
2.640012061e-21
5.169230715e-21
5.204611491e-22
2.442785718e-21
2.114355762e-21
2.939764519e-22
1.291166128e-21
2.277530615e-20
6.882112235e-22
2.940991584e-21
1.084083508e-20
1.630573838e-21
1.041041477e-20
2.36644645e-21
5.778324099e-21
2.295841123e-21
4.064849613e-21
8.456160969e-22
2.093281834e-23
3.335573255e-21
2.685261192e-21
9.289840614e-21
1.728986801e-21
9.30237715e-21
1.077880753e-20
1.072784829e-20
1.181937146e-20
9.620449028e-21
9.219717327e-22
7.551642621e-21
1.98996282e-22
1.981203898e-24
3.197307214e-21
1.14591507e-21
9.041480195e-21
1.501766582e-21
3.084171325e-21
2.179376943e-21
1.280446518e-20
4.112668568e-21
2.142568348e-21
3.202957833e-22
1.01785039e-22
3.815616422e-21
2.783613415e-21
3.610764905e-21
1.957690966e-22
2.278934727e-21
8.992077479e-22
6.448081427e-21
9.262820404e-21
1.097100238e-20
2.5101631e-21
2.244429817e-21
6.776033564e-21
4.787081293e-23
2.019626744e-21
7.906110055e-21
5.104168849e-22
1.413098915e-21
1.316721974e-20
2.88363591e-21
2.56083491e-21
1.330650781e-21
1.150307425e-21
2.784062404e-21
4.581150656e-21
1.461346716e-20
4.633989175e-21
2.913541743e-21
1.84809062e-20
3.927234819e-21
2.013870472e-21
6.960382076e-22
2.788118611e-22
2.356168256e-21
3.452880024e-22
3.617240242e-21
1.027640937e-21
4.070963299e-21
1.248188194e-20
9.811101202e-21
5.75464619e-21
7.005506279e-21
2.380874065e-20
4.532132166e-22
1.653591021e-20
2.491055621e-21
3.241191738e-21
3.330273001e-22
7.163617838e-21
2.441575216e-21
4.277291145e-21
1.764397335e-21
5.63216706e-22
2.822581886e-21
5.220964892e-21
1.381079907e-21
4.017760963e-21
4.001269986e-21
1.709142478e-20
3.312200102e-21
4.267528721e-22
2.277389051e-21
3.722005366e-22
1.161931012e-20
4.540395595e-22
1.106947964e-20
2.819447383e-21
3.247824247e-21
7.012845371e-21
1.159213772e-21
4.932972116e-22
3.009410904e-21
4.78165031e-22
1.268572615e-20
1.32902181e-21
1.298326883e-20
6.677334009e-22
3.371785466e-22
1.542237685e-21
1.029774833e-21
3.628064525e-21
5.416259494e-21
1.200709825e-21
4.977490979e-21
3.801361342e-21
1.113218791e-20
5.126832346e-21
6.974502901e-21
8.812400157e-22
4.302892994e-21
6.113444594e-22
1.072122257e-20
3.859632883e-21
7.087863524e-21
9.439785866e-24
2.680290235e-21
1.838106858e-22
1.405395749e-20
4.751160202e-22
3.744971171e-21
5.44835481e-21
8.072984047e-21
3.809460661e-21
9.021091085e-22
1.585933741e-21
6.744419206e-21
7.11538037e-21
1.892717534e-21
6.785537275e-21
1.166542474e-21
2.525811632e-22
1.318640859e-20
1.218564149e-20
3.792129943e-23
1.339015887e-21
4.066904306e-21
4.639205405e-22
6.880284676e-21
1.076486816e-20
1.196434964e-21
1.970040316e-21
1.486321758e-20
4.760306014e-21
5.998091189e-21
7.590557904e-21
4.32227925e-21
5.334085097e-21
3.825191502e-21
3.101851772e-21
5.347279383e-21
1.640847874e-21
2.828992909e-21
3.266713159e-22
7.202013173e-21
6.852394539e-21
1.02693207e-20
1.453532308e-21
2.733160266e-23
6.158634284e-21
7.241416519e-21
3.979332432e-21
7.460607317e-22
4.609100032e-22
3.221006003e-21
2.510968407e-21
5.360400914e-21
2.870529048e-21
3.717180868e-21
7.401575981e-21
8.013782224e-22
2.537775013e-21
9.538250028e-22
1.200171033e-20
2.198412411e-21
5.101599761e-21
1.020358602e-22
4.845147169e-21
3.446560386e-22
3.578922458e-23
1.408204116e-21
1.478786589e-21
2.123735989e-21
8.106051581e-22
1.74637547e-21
1.200437506e-21
3.929752359e-21
1.15741853e-21
3.489566757e-21
7.129163983e-21
3.042331389e-21
4.75913435e-22
1.895576045e-21
1.554691211e-20
9.786649486e-21
3.835586519e-21
9.794735903e-21
4.819091241e-21
4.529986203e-21
1.449062707e-21
5.042298286e-22
1.997943045e-21
1.613803452e-21
5.46584373e-21
2.837514093e-21
5.562083106e-21
6.636951276e-22
4.136020921e-21
1.178754623e-20
9.162576096e-21
1.438195512e-21
4.503391994e-21
2.722410701e-21
1.326319338e-20
1.463825233e-21
6.266113938e-21
4.80376103e-22
1.454984277e-21
1.395247833e-21
2.361171427e-21
7.368604697e-22
2.514956843e-21
8.987906427e-22
4.753498933e-21
1.236788632e-20
1.305842684e-20
2.47529291e-21
2.528869762e-21
6.125711911e-21
2.002574242e-21
4.137967682e-22
4.680156598e-21
2.397110904e-21
6.611026801e-22
5.349364008e-21
1.539703161e-20
8.194636362e-21
2.648571927e-22
6.376843469e-22
2.2125633e-21
3.43853332e-21
2.618255118e-21
1.664136021e-21
5.332452313e-21
2.632764606e-21
1.379143274e-21
2.258781922e-21
5.846183381e-21
9.835221404e-23
2.210813939e-21
7.726281712e-21
1.526752349e-21
1.071748561e-20
4.071905449e-21
8.9812785e-23
6.151357353e-21
9.778398846e-22
1.333527947e-21
5.363682471e-21
2.925384405e-21
7.12889684e-21
5.802531309e-21
5.089282186e-21
3.297969569e-21
5.002270959e-21
1.895267026e-21
6.343653535e-22
1.166140024e-20
6.007072994e-21
4.465417811e-22
6.578270842e-21
3.35797153e-21
1.767376389e-21
5.626698006e-21
3.7517342e-21
2.064889716e-21
7.777549073e-22
1.05373834e-21
3.911431993e-21
9.881976705e-21
1.261977392e-21
6.044676058e-21
3.914266531e-21
3.28699001e-21
7.909542921e-21
5.738879214e-22
7.112299162e-21
5.196856601e-21
2.867530569e-21
7.489890263e-21
1.695979971e-21
3.104463411e-21
2.567945555e-21
3.412232351e-23
3.992515468e-22
7.788747254e-21
3.289361243e-21
7.212008934e-21
4.122724012e-21
1.486322427e-21
2.417916224e-22
1.152256538e-21
5.65433077e-21
1.121847028e-21
8.305191806e-21
8.302989625e-22
2.971390007e-21
5.115087795e-21
4.815113347e-21
9.937651282e-21
2.626451673e-21
7.722000054e-21
1.012813016e-21
2.147915608e-22
4.478646322e-21
1.706522553e-21
4.802577784e-22
4.152484688e-21
1.807172514e-21
7.909665452e-22
3.005645919e-21
2.916111497e-21
6.248583014e-21
1.506955389e-20
8.898910397e-22
1.398403472e-20
7.102094791e-21
1.13517913e-20
8.697593843e-21
4.357759807e-21
2.224343232e-21
2.607193556e-21
6.532547504e-22
2.060861489e-21
1.065549726e-21
6.153245938e-22
3.441501853e-21
6.238041681e-21
9.733617597e-21
7.518499238e-21
1.844367754e-21
1.487294478e-21
7.460581822e-21
2.295288685e-23
1.943583372e-21
8.931926797e-21
7.90368814e-22
5.44291892e-21
3.753679254e-22
9.742209279e-23
3.0005655e-21
2.470685688e-21
4.326530831e-21
4.207041174e-21
1.941342631e-21
8.417409957e-22
3.125148068e-21
2.005903205e-21
2.734619466e-21
1.6296142e-20
1.216039907e-20
2.622828183e-21
4.201558439e-21
1.106380581e-20
3.371544822e-22
1.606398882e-20
9.750931563e-22
4.22361363e-23
1.725591052e-21
5.74969696e-21
1.538458972e-21
1.637161305e-21
1.213447487e-20
1.997640333e-21
6.728864155e-21
5.955404984e-21
3.40989716e-21
1.485946956e-20
5.463792371e-22
1.373317834e-21
9.880842029e-22
5.412386422e-21
2.890380337e-21
4.90685899e-21
1.028238473e-21
7.335847864e-21
1.484409645e-21
9.741503411e-23
7.19633988e-21
2.424284985e-21
4.937554659e-21
1.610556307e-20
5.704903302e-21
1.385710668e-20
2.325198921e-21
1.724434442e-21
3.273255325e-21
1.237265664e-20
1.045354038e-20
3.885608376e-22
5.953918674e-21
2.189063766e-21
2.124770507e-21
2.442777036e-21
8.437020159e-21
6.712261147e-22
2.262237208e-21
1.523154887e-21
1.55288176e-21
6.902426133e-22
4.080650706e-22
5.67445887e-21
1.805019995e-21
5.004960958e-21
4.09148631e-21
4.237590472e-21
2.014341195e-21
3.384515069e-21
5.008810047e-21
1.311250969e-21
1.17956011e-21
3.411532726e-22
3.521809574e-21
6.240402457e-21
1.787445527e-21
6.053182311e-21
3.862272789e-21
2.084996277e-21
2.287568573e-21
3.393282162e-21
2.519228021e-21
7.1709879e-21
3.696574589e-21
5.993496059e-21
3.456481728e-21
5.879515808e-21
9.469806804e-22
9.980929911e-22
3.959163264e-21
1.539001352e-21
3.813767151e-21
4.760920236e-22
3.029053577e-21
4.288011172e-21
1.008796606e-21
3.016657395e-21
2.706969132e-22
4.66230919e-22
8.367535233e-21
1.012264448e-20
4.168377003e-21
5.132670959e-22
2.459107134e-21
1.8892488e-21
3.018972404e-21
1.764364427e-21
2.22523608e-21
4.038751665e-21
3.208241813e-21
1.083029033e-22
8.591679739e-22
2.651462384e-21
4.670839875e-21
8.618106157e-21
1.223848717e-21
8.030537288e-21
3.142655706e-21
1.006621462e-20
3.231465627e-21
2.5299643e-21
5.889411577e-21
4.975158327e-21
4.04519968e-21
2.649704024e-21
2.52550117e-21
1.363522273e-21
1.071764199e-20
5.034454941e-21
2.909504366e-21
9.101790254e-22
4.187768113e-21
1.164949559e-20
1.651991287e-21
1.610919399e-21
9.581278296e-21
2.034904347e-22
5.370788792e-21
2.050228965e-22
9.198850745e-22
1.497372378e-21
8.964034343e-22
6.54383482e-21
1.602656667e-20
1.140196025e-20
4.322674524e-21
8.355536335e-21
3.120849676e-21
5.37684333e-21
5.356039572e-21
7.455368897e-22
5.201876859e-21
1.202042229e-21
3.400173149e-21
9.703206791e-22
1.125983538e-20
1.453791896e-21
5.501548878e-21
1.434844003e-21
2.749153551e-21
5.229202402e-21
1.671541252e-21
1.420694207e-21
2.581728354e-21
8.00891945e-22
1.628279315e-20
2.219990531e-21
1.756708865e-20
4.903853205e-21
1.14177394e-21
8.583353589e-21
7.546450551e-22
1.008114333e-20
1.928452629e-21
3.449859963e-21
2.522098248e-22
8.291596992e-21
2.503907421e-21
1.145214649e-20
4.063983108e-21
7.321429299e-21
5.426013306e-21
5.657870906e-21
2.123066186e-21
1.136176001e-21
2.199897058e-20
6.093522733e-22
1.259326801e-21
5.272566365e-21
2.298856099e-22
6.785894462e-21
2.559269343e-21
3.688377768e-21
3.949584279e-21
3.02864752e-21
5.255593464e-21
5.399083149e-24
5.978248393e-21
1.130571353e-22
4.077730175e-21
4.463963122e-21
1.877938816e-21
7.472779691e-22
1.849885161e-21
1.255805576e-21
2.654712958e-21
5.630153107e-22
4.742795481e-21
1.022399654e-21
4.314433159e-21
2.626129034e-21
1.569043987e-20
2.659058062e-21
1.233892127e-20
6.432589183e-22
4.317074098e-21
3.347226324e-21
2.525365884e-21
8.809680077e-21
2.180379304e-21
4.603658279e-21
5.335319878e-21
2.786937308e-21
6.771819435e-22
1.200851451e-21
2.693911245e-21
3.769433779e-21
1.763014879e-21
1.29992857e-21
1.698463065e-21
3.519771315e-21
3.581739183e-21
5.862359474e-22
6.138685744e-21
7.859529481e-21
1.925462713e-20
3.495233154e-22
1.158379691e-21
2.686252954e-21
5.009867503e-21
9.864686661e-21
1.725734577e-21
2.678851504e-23
1.582004157e-20
2.809477463e-21
7.735841614e-21
1.104026546e-20
1.284220436e-21
2.046174433e-21
1.01913126e-21
4.411582569e-21
3.203316614e-21
3.596772351e-22
8.68138453e-22
3.223589811e-21
1.905762168e-21
6.610718059e-21
5.945997194e-21
1.754385487e-21
4.374183694e-21
6.310693005e-22
5.735271987e-22
1.213757618e-21
2.97611671e-21
3.783566845e-21
1.490620054e-21
6.774143524e-22
1.248603163e-21
2.815058831e-21
3.093234256e-21
1.668080015e-21
2.383098178e-21
1.132081725e-20
1.317309792e-21
2.72438182e-20
6.717056709e-22
1.007539849e-20
8.487270713e-21
1.333242501e-20
5.560691264e-21
7.033998794e-21
5.470363519e-21
1.191176439e-21
1.693217477e-21
3.496360202e-21
2.336770939e-21
1.108816102e-20
3.217033135e-21
8.957459542e-22
5.802611072e-21
1.160559757e-20
8.264094214e-21
2.293484265e-21
5.556365058e-22
8.101325743e-21
2.248656452e-21
8.897553096e-21
1.11499537e-20
6.609798092e-21
1.294881465e-21
9.643600178e-22
1.193831787e-20
7.77760869e-21
3.690848189e-21
2.598988639e-21
1.865231724e-21
6.289409017e-21
3.546931135e-22
4.856045523e-21
9.259726568e-22
7.334283982e-21
8.481832205e-21
6.352300303e-22
9.074745213e-22
8.91203696e-21
3.95363448e-21
3.265054169e-21
1.783733375e-22
3.223620855e-21
1.511423309e-20
8.06810407e-21
3.764619626e-21
2.259943966e-20
3.083183099e-22
2.001105082e-21
4.424887971e-22
2.722396788e-21
9.710937082e-21
3.521897871e-21
3.804642034e-22
7.111200163e-21
2.660364393e-21
1.909119885e-21
5.486061636e-21
3.510356524e-21
4.195698681e-22
4.432766745e-21
9.370296075e-22
1.413809709e-21
5.732991272e-21
1.940671711e-21
8.46914087e-21
4.113071761e-21
4.160640777e-21
2.098548794e-22
2.959537549e-21
6.388327802e-22
7.476485832e-21
8.991562753e-21
1.108116364e-20
1.581952249e-21
8.666462076e-21
1.911533318e-21
6.846904179e-22
2.106462778e-21
1.270380443e-20
7.025298222e-22
4.515379572e-21
1.241885171e-21
2.074861139e-21
3.941607739e-21
1.951114706e-21
1.638013163e-20
3.26864048e-21
2.347267105e-23
1.636695646e-21
2.33430757e-21
1.452431799e-21
8.250738842e-21
7.039103187e-22
9.848717001e-21
9.185004741e-21
1.124543286e-21
1.280168724e-21
7.597767451e-22
7.234011699e-22
1.01186694e-20
1.148198115e-20
1.060031383e-21
8.618632824e-22
7.825804341e-21
4.040254004e-22
3.293259502e-21
4.063633911e-21
1.52064816e-21
2.178144488e-21
1.064395627e-21
1.812898982e-21
2.618467389e-21
3.890262471e-21
6.589489068e-21
3.648887992e-21
6.051961486e-21
8.681769139e-21
6.886705447e-21
4.380647169e-21
3.489452586e-22
5.106796399e-23
9.880904624e-21
6.490526884e-21
9.712210304e-21
3.162038282e-21
3.472938456e-21
7.429513961e-21
4.165120347e-21
7.037517432e-21
1.831224691e-20
1.319147601e-21
3.213490325e-21
7.204934549e-23
7.049627308e-21
3.934796496e-21
1.939355057e-21
2.946539015e-21
3.392676845e-21
2.607577299e-21
1.717715453e-21
9.667502517e-21
2.287504608e-21
8.057308276e-21
6.574240016e-21
4.876600321e-21
1.844592745e-20
1.217035164e-21
1.348359478e-20
3.815007092e-21
3.186052147e-21
1.04491698e-20
3.767808807e-21
1.653399344e-21
3.448176715e-21
3.615803764e-22
4.566118274e-22
1.203638617e-21
8.609799045e-21
4.514390524e-21
4.021911557e-21
2.874840311e-21
1.158193023e-21
3.882579054e-21
1.199630319e-20
1.59255298e-21
9.01828696e-21
4.818884672e-21
1.180714335e-20
4.502773702e-21
3.484095545e-21
7.196119173e-21
5.617330062e-21
5.779340015e-22
1.553500895e-21
8.082146448e-21
1.012643818e-21
1.018078444e-20
1.105727337e-20
3.304172611e-21
1.441819153e-21
4.213089682e-21
4.729540778e-21
1.486651609e-21
3.28105796e-21
6.15503707e-21
3.747223293e-21
1.142029296e-20
5.982581291e-21
8.301629853e-21
4.374167158e-21
1.753605822e-21
7.542877431e-21
2.499986212e-21
4.259324165e-21
1.543688749e-21
3.070059344e-21
2.316083948e-22
4.818869231e-21
1.546640311e-22
7.322523077e-22
3.784564737e-21
6.393431335e-22
1.830135339e-21
5.688852766e-22
2.956583286e-21
1.854946563e-21
5.696568781e-21
2.205577872e-21
3.842976167e-21
3.935889544e-21
1.638796319e-20
4.050732853e-21
3.475128569e-21
7.643206391e-21
3.40574164e-21
6.809491735e-21
4.156860334e-22
2.931542204e-21
4.203150355e-21
1.702609987e-21
1.328410965e-21
6.282650401e-21
1.106884071e-21
1.090552036e-20
2.525750698e-22
5.871102512e-21
9.302657363e-21
2.511979891e-21
2.195957966e-21
1.114702029e-21
6.435152182e-21
2.329583345e-21
2.996345219e-21
2.566472655e-21
1.200762287e-22
1.322258961e-20
9.797585777e-23
2.067590232e-21
4.247868964e-23
4.272439794e-21
7.507836837e-21
3.054949974e-21
1.693513268e-21
2.734130863e-22
1.67835676e-21
1.568991596e-22
1.596451586e-20
4.947346879e-21
7.587106309e-21
2.22319964e-21
6.282380602e-21
2.640871166e-21
6.817005346e-21
9.238429726e-22
3.749370202e-22
4.273882392e-21
1.583963127e-22
1.923097421e-21
3.414540568e-21
8.974106632e-22
1.875370809e-22
3.920645791e-21
8.70220201e-21
1.602259743e-21
6.92630205e-21
1.258546933e-20
1.045200663e-20
1.314330291e-21
1.607751499e-21
7.225805145e-21
8.203595147e-21
1.751330041e-20
1.013275762e-21
8.716557953e-21
9.409314851e-21
7.852324018e-22
5.417804575e-21
4.122009501e-21
3.543107311e-21
6.190161651e-21
1.714883439e-21
2.004690806e-21
4.397813422e-21
1.775579502e-21
3.525953683e-22
1.26864732e-20
1.384375216e-21
6.190332126e-22
1.601299335e-22
3.000325232e-21
7.472120247e-22
6.502341816e-21
7.338686876e-22
2.167221868e-22
1.218227066e-21
2.938396127e-21
1.210129195e-22
4.126888468e-21
4.314105616e-21
1.166247099e-20
4.681402426e-21
1.100901345e-21
9.472878431e-21
2.978337236e-21
7.581101832e-21
7.027303626e-21
1.420963792e-21
3.954741238e-22
1.200535243e-21
3.282423084e-21
2.46104735e-21
7.010549341e-22
1.05901321e-21
7.165361143e-22
2.323703809e-21
8.550925606e-21
2.782295689e-21
7.490151476e-21
5.526116675e-21
3.186451329e-21
1.049156038e-21
3.19063201e-21
6.774663864e-21
2.960241717e-22
2.107588762e-21
1.471990541e-20
6.109187792e-22
3.211755572e-21
3.51555503e-21
4.543814216e-23
2.510798157e-21
7.126181014e-23
1.892022707e-21
1.134938176e-21
4.394646008e-21
2.226641876e-21
1.867584619e-21
1.091620004e-20
1.087468766e-21
1.435637801e-21
6.524877916e-21
1.328428788e-20
6.417446281e-21
1.119726438e-20
8.188478612e-21
2.152393271e-22
2.269832025e-21
1.548441214e-21
9.839922209e-22
4.132041291e-21
4.458072394e-21
8.918409174e-21
3.708377943e-21
1.20872107e-20
3.065019065e-22
7.878459657e-22
6.166582164e-21
3.399620891e-22
2.508086239e-21
7.850698129e-22
4.866533501e-21
3.712986632e-21
9.675047213e-21
1.931612986e-21
2.535212717e-21
2.929405638e-21
1.167066864e-20
1.882090709e-21
6.094113296e-21
4.770552489e-21
3.447581123e-21
1.503077242e-21
7.562271965e-21
1.07423602e-22
5.839690019e-21
1.209124424e-22
1.134129103e-20
1.366837582e-20
2.625705823e-21
3.662804648e-21
3.707694844e-21
6.088925343e-21
1.347571359e-21
1.055126995e-21
3.446537984e-22
5.342967521e-21
6.68349411e-21
2.41762166e-21
6.422103511e-22
8.640414174e-22
1.158095391e-21
2.702905488e-22
5.849059495e-23
2.63904212e-22
1.932351446e-21
6.575158638e-21
4.758546569e-21
9.485068682e-22
1.273934787e-21
5.619804178e-21
9.147542681e-22
2.766946365e-21
2.11712135e-23
2.571661191e-21
3.169070977e-21
3.95691932e-23
2.228443528e-21
4.232162747e-21
3.24545756e-22
3.064795827e-21
1.504104555e-21
3.385122039e-21
2.219397518e-21
1.10727441e-22
3.914172e-21
7.681971696e-21
8.672111615e-21
1.108128118e-21
4.559489545e-21
1.973367342e-22
1.841685499e-20
4.185236785e-21
3.542934036e-23
2.174950015e-21
2.765994079e-21
1.060107267e-21
3.154647648e-22
6.143650899e-21
5.363151968e-21
9.441511837e-22
2.17669994e-21
1.652146462e-21
4.534570812e-22
1.964624657e-21
4.176997548e-21
8.470313851e-21
4.921253468e-21
4.343966095e-21
6.289218118e-21
2.108378458e-22
1.034556929e-20
9.619410696e-21
8.115852043e-21
3.092011014e-22
1.540583212e-20
2.768038081e-22
4.85560158e-21
1.13421719e-21
4.601336625e-21
4.173769905e-21
7.101747051e-21
1.891030627e-21
7.203127515e-21
6.954932279e-22
7.719833606e-22
8.386386728e-22
3.123785975e-21
2.94538304e-21
2.082364956e-21
1.244066282e-21
6.138277976e-21
3.368718873e-21
2.300799811e-22
1.843352373e-21
2.803445677e-21
1.245738242e-21
9.324316454e-23
1.260476348e-21
9.58522369e-21
2.314808373e-21
5.486625217e-21
1.665401144e-21
2.114948491e-21
7.979751272e-22
4.92323164e-21
4.26925148e-22
1.348457089e-21
1.031983865e-20
5.721697315e-21
1.098828261e-21
2.906627279e-21
9.79131543e-22
1.28515764e-21
1.530699814e-20
1.689592031e-20
4.811747765e-21
1.911114005e-21
2.893702623e-21
1.536458004e-21
1.550185621e-21
1.15134822e-20
1.243914197e-20
1.81828259e-20
5.302555033e-21
4.513734985e-22
1.29758658e-21
3.933523887e-21
3.12749649e-21
8.708389085e-23
1.157041551e-20
6.4819389e-21
8.831051693e-22
5.747925106e-21
6.078317318e-22
3.490343109e-21
1.179969835e-21
3.670047676e-21
1.077930339e-21
5.053662148e-22
7.550776962e-21
6.810513035e-21
7.622165776e-21
9.117408142e-21
1.605280105e-21
1.263532004e-20
5.024792029e-21
8.177628628e-21
3.038258432e-21
5.546019633e-22
1.316952955e-21
1.160492511e-21
8.52861158e-22
1.950848708e-21
1.8145135e-21
3.511208259e-21
5.050800406e-21
8.878153363e-21
1.549043598e-21
4.834485222e-21
3.817578277e-21
5.542634534e-21
7.945219532e-21
1.663564747e-21
7.064941442e-21
2.300641604e-22
2.19232919e-20
1.852932076e-21
1.070667893e-20
4.738007191e-21
4.444232303e-21
9.983456056e-21
1.747991139e-20
1.417230933e-20
9.796323826e-23
8.922972993e-23
8.04734409e-22
2.023065521e-21
9.198174647e-21
6.502179133e-21
4.088346741e-21
1.600493773e-20
2.27475443e-21
1.039552408e-21
7.557681227e-21
1.311247452e-23
7.839289629e-22
7.950244792e-21
4.191338736e-21
2.030010642e-21
6.06878135e-21
3.073874738e-21
1.188229923e-20
1.095851801e-20
1.85156111e-22
2.373599174e-21
8.899263474e-21
3.389059233e-21
3.308012644e-22
3.527905125e-21
4.005609628e-21
7.636188106e-21
2.340825917e-21
1.54723827e-21
4.621007979e-21
1.513103324e-21
4.126762516e-21
4.235165439e-22
4.896102407e-21
3.702389779e-22
8.199158722e-21
1.11460434e-21
2.244845919e-20
6.704316137e-21
1.6248535e-21
5.649276282e-21
3.011572151e-21
3.353763859e-21
2.193491659e-21
1.103985507e-21
5.854938209e-21
4.387938176e-21
3.327423548e-22
7.049270372e-21
1.565578481e-21
8.185768749e-23
4.569043831e-22
3.570116524e-21
3.209577734e-21
1.089052092e-21
1.80356585e-21
4.882792552e-21
1.532221829e-20
1.57917736e-21
2.058626988e-21
5.445265176e-21
6.643299734e-21
6.146878693e-22
2.672673388e-21
1.612682004e-21
3.058803618e-21
2.596578386e-21
4.174233291e-21
4.30650686e-22
6.741722638e-21
1.752546977e-22
1.84144994e-21
1.9568625e-21
6.954622369e-21
1.00035001e-21
4.285742893e-22
6.762765755e-21
2.799542303e-21
8.730778049e-21
3.027179909e-21
2.485095225e-22
2.516948878e-21
6.434647075e-21
1.662273681e-22
1.389295903e-21
6.379936027e-22
1.120690204e-22
1.391500383e-21
1.251556395e-20
1.353090845e-21
6.978638559e-22
1.493982868e-20
4.991323923e-21
1.217827189e-20
1.179221537e-21
2.562749849e-21
1.842868469e-21
5.810523891e-21
7.833290009e-22
4.866058317e-21
6.995716216e-21
4.140155495e-22
6.051925318e-21
8.340078008e-21
3.085714534e-21
2.638336726e-21
5.38885227e-21
8.671438849e-21
7.319319836e-21
6.082568188e-21
3.668530952e-21
8.748571371e-21
1.698585194e-21
3.109820314e-22
5.830604162e-21
7.963475972e-23
5.089675602e-21
4.412303447e-21
2.445326169e-21
2.386319903e-21
8.475269048e-22
1.88444985e-20
5.2715284e-21
9.677500989e-21
1.644360589e-21
2.399757716e-22
1.683867998e-20
2.272171381e-21
9.919493029e-22
5.063469113e-22
1.302815214e-20
3.066523851e-21
4.006922626e-21
3.390283482e-21
4.822455617e-21
1.841413067e-21
3.994157886e-21
2.294191253e-21
4.281817544e-21
1.08337726e-21
9.96499007e-22
4.212966997e-22
6.806253245e-21
2.890864508e-21
2.473845221e-22
1.426779111e-21
4.866732081e-21
1.385765272e-21
2.618838858e-21
6.168248153e-21
1.789931022e-21
6.521355606e-21
7.429378589e-22
2.211173873e-21
9.842581766e-23
5.640843825e-21
7.85225727e-21
2.723837639e-21
7.991753209e-21
9.584836134e-22
1.436765805e-20
1.068568362e-20
2.535420839e-21
3.425470766e-21
2.119138433e-21
3.989732607e-21
2.017690486e-21
5.20691848e-21
6.311146868e-21
3.202710208e-21
1.040743425e-21
2.8840734e-21
6.876417561e-21
4.650806856e-22
2.164925371e-21
4.486698317e-21
1.192524542e-21
1.691144309e-20
5.679966831e-21
7.653311025e-21
1.023696441e-21
1.678510561e-20
1.348931557e-21
1.900601485e-21
9.6552302e-21
6.522686419e-21
2.142380404e-21
4.812046259e-21
1.01568586e-20
1.402924871e-21
6.720417759e-22
9.1480723e-21
4.157377711e-21
4.10281144e-21
1.18552656e-20
8.477812467e-21
4.648943e-21
1.355203996e-21
2.070382572e-21
2.340797409e-21
5.824399364e-21
5.761380035e-23
7.432042918e-22
2.253658692e-21
2.225613932e-22
5.649090652e-21
2.636063456e-21
3.976074849e-21
1.323113216e-21
1.828568182e-21
5.291404709e-22
6.472079179e-21
1.765148961e-21
1.883898785e-21
3.496075261e-21
3.628183558e-21
4.280391103e-22
1.72846227e-21
1.307480218e-22
8.006572798e-22
1.456492905e-21
9.785819504e-21
2.278008726e-21
5.217323071e-21
2.221853782e-21
6.30461092e-21
3.910757667e-21
2.473536327e-23
4.321706118e-21
3.377618834e-21
2.343463368e-21
6.034976865e-21
4.449336837e-21
1.604398552e-21
1.467468114e-22
7.940152181e-21
6.447672856e-21
3.141340071e-21
2.302281631e-22
4.586183224e-21
8.828547537e-22
6.465575209e-21
3.626658461e-21
6.833403399e-21
7.411105455e-21
3.705850615e-21
6.51055097e-21
1.259167442e-21
9.793596814e-22
1.200069743e-20
3.738767834e-21
4.803423405e-21
4.596172455e-21
5.10703097e-21
2.971795137e-21
1.43457044e-20
5.573192285e-21
2.495747125e-21
6.197680197e-22
1.235650491e-21
2.145808092e-21
1.60174205e-21
9.89537502e-21
1.733193851e-21
4.819023063e-21
1.622167023e-21
1.865357272e-21
4.300141986e-22
2.856381983e-21
1.051535608e-20
2.465758029e-21
9.230083041e-22
7.430997704e-21
1.304902359e-20
2.914675988e-21
1.494839874e-20
3.508582099e-21
3.791525485e-21
1.578179207e-21
2.278279923e-22
1.010822192e-21
2.693513127e-21
9.716450434e-23
4.189347278e-22
3.98354362e-22
1.170808625e-20
8.861325886e-22
5.064247628e-21
3.84897678e-22
5.960179853e-21
5.952004031e-21
1.666867288e-20
2.380111519e-21
3.206603619e-21
6.75528486e-22
6.126228927e-21
4.521401866e-22
8.16968857e-21
5.765778935e-21
5.599167634e-21
8.410221649e-21
7.225536011e-22
4.046979834e-22
4.669630918e-21
1.868867315e-21
2.486118325e-21
1.55748251e-21
1.935458933e-21
6.098011759e-21
8.140581316e-21
3.255230715e-21
1.382531323e-21
5.81938987e-21
1.493447946e-21
2.08895359e-21
1.144154375e-21
2.972877178e-22
2.188597956e-22
4.053378404e-21
5.983045861e-21
7.480378768e-21
1.671537947e-21
5.194518497e-21
1.048874641e-20
1.010721008e-20
1.400543375e-21
5.435112576e-21
1.274104564e-20
4.402105767e-21
1.490292708e-20
4.41628782e-21
2.438226759e-21
5.172734442e-22
4.798521853e-21
3.286154967e-21
7.794481204e-21
1.662254392e-21
1.065397082e-21
7.174369927e-21
1.419412124e-21
3.090143023e-21
3.411160647e-21
5.025996514e-21
6.977419506e-21
1.515207963e-20
3.791177923e-23
9.6120522e-21
4.33108306e-21
1.473357436e-21
8.407215178e-22
7.48864822e-22
2.767449801e-22
1.409006916e-21
7.435307187e-21
5.480391521e-21
2.089644569e-20
5.759638127e-22
4.220884939e-21
1.564036563e-21
9.619218068e-22
5.290041174e-21
3.620186156e-21
5.459888588e-21
2.735580023e-22
5.026739691e-21
1.67040168e-21
4.998097215e-21
5.867586084e-22
3.943609117e-21
8.150612238e-21
7.687586198e-21
2.411716472e-21
5.441345311e-21
1.043691082e-21
1.793282095e-21
2.992170625e-23
6.788375716e-21
3.521635417e-21
1.92595177e-21
3.965508594e-21
2.158420975e-21
3.633999076e-22
6.627944802e-21
6.489848215e-21
2.429331909e-21
8.839799771e-23
7.405818437e-21
5.384957431e-23
3.082100538e-21
6.730469624e-21
5.836321473e-21
7.233479717e-21
8.95697488e-22
1.327412178e-21
3.603799631e-21
1.192550587e-20
1.260412388e-21
9.751789554e-21
1.647263329e-21
3.742320752e-22
2.103261526e-20
7.640134214e-22
4.131827265e-21
1.611637601e-21
9.600739919e-22
1.01343908e-20
5.190173829e-21
9.4507542e-21
3.954731204e-21
1.234038915e-21
1.223958722e-20
2.578250332e-21
2.433297252e-22
1.69360309e-20
3.665701931e-21
4.484198946e-21
2.21239894e-21
7.058536642e-22
5.818731432e-21
6.464556319e-21
2.311037996e-21
1.608352001e-21
3.300761402e-21
4.093821361e-21
2.291958893e-21
4.014670875e-21
1.461227164e-20
9.672087235e-22
2.441530656e-21
1.633345309e-21
9.199199388e-21
5.436428824e-21
3.850351988e-22
2.445474296e-21
8.610021639e-21
8.982412078e-22
1.448312844e-22
1.456735002e-21
1.403510031e-21
4.667678722e-21
6.687102525e-22
9.377370735e-21
1.805514637e-21
8.634391313e-21
2.166898844e-20
1.50822994e-21
1.671260787e-21
8.427275518e-22
3.466482511e-21
1.078247762e-21
1.169727552e-21
9.06663361e-21
5.993026064e-21
5.086801133e-21
5.281246178e-21
3.584014422e-21
9.423182714e-21
1.6974535e-21
5.319448533e-21
7.122866475e-21
5.281932168e-21
1.075760552e-21
8.881166259e-21
1.882143658e-21
1.264837711e-21
3.712140137e-21
2.131372477e-22
8.115393265e-21
6.541155485e-22
1.204967085e-21
4.928117851e-21
1.119113054e-21
1.270380213e-20
2.389383661e-21
8.153005717e-21
1.832868244e-21
3.381204766e-21
7.259561325e-21
1.403159044e-20
5.907534234e-21
1.665410856e-21
3.395097795e-21
3.672133635e-21
1.118327858e-21
2.25435844e-21
1.243872931e-20
3.349681731e-21
1.095336648e-21
1.703401557e-20
2.115338916e-21
1.773476974e-21
1.353409939e-21
5.918400778e-21
6.359729021e-21
1.661569051e-21
1.009743804e-21
6.320192214e-21
2.085940634e-21
1.126348098e-21
8.774291668e-21
5.76792051e-22
1.141403102e-20
2.369956074e-21
3.698000758e-21
2.994625836e-21
5.85361685e-21
4.684666481e-21
7.636687871e-21
1.712928777e-21
1.0709588e-21
2.056089881e-21
1.997993951e-21
3.065997151e-21
1.221335051e-21
1.284366916e-21
4.02987866e-21
1.213724676e-21
6.381353488e-21
1.179230069e-20
9.662577822e-22
7.247500611e-22
1.076619501e-20
1.597567079e-21
6.489520318e-21
8.606369148e-22
4.609471256e-21
4.423243228e-21
4.944798435e-21
1.44381707e-20
4.876546229e-21
5.101217223e-21
2.261171151e-21
7.162703756e-23
1.677694273e-21
2.012747336e-21
8.879580054e-22
8.256323609e-21
4.003351295e-21
7.447902297e-21
1.078988575e-20
3.098355137e-21
6.623831438e-22
2.572519036e-21
1.011899832e-20
3.866167657e-21
2.188180715e-24
5.299705239e-21
1.032273183e-21
2.313772479e-21
6.726286412e-21
5.382059029e-21
1.578022806e-21
1.416012677e-21
4.927452892e-21
7.338378001e-22
2.970987379e-21
1.916370027e-21
3.785844543e-21
2.190904063e-21
7.250094493e-21
2.000800865e-22
8.754129545e-22
1.035473012e-20
7.49417274e-21
3.3280143e-21
2.352362423e-21
5.334822514e-21
6.162874703e-22
4.178872744e-21
3.617341152e-23
8.409818506e-22
3.706832596e-21
2.621669845e-21
1.215124455e-22
5.880570694e-21
2.655216283e-21
8.922436972e-22
1.02799517e-21
4.17910385e-21
4.648070867e-21
4.081055957e-21
1.410941695e-21
1.252156472e-20
7.971554272e-21
6.06545364e-21
1.42456918e-20
2.77146869e-21
1.034561199e-21
4.666015396e-21
8.747498776e-21
6.368683089e-22
8.984832497e-22
1.226756955e-21
5.834970562e-21
1.960118784e-21
3.467912773e-21
1.541272542e-21
9.421363831e-22
4.275712541e-21
1.345126143e-21
1.43180167e-21
5.650702622e-22
6.847001219e-21
1.389646174e-21
1.349980769e-21
6.99901004e-21
8.87048885e-22
7.33359299e-21
5.065766017e-22
1.265605514e-21
6.662704525e-21
8.538441374e-21
9.19597782e-22
4.776689781e-21
4.104838543e-21
3.812140837e-22
5.146981615e-21
3.513950002e-21
4.87919132e-21
1.891940429e-22
3.248713705e-21
2.103748683e-21
2.758845033e-22
1.200754348e-22
8.512479218e-21
3.900100617e-21
3.502483923e-21
2.535538922e-21
7.679756878e-22
1.032831038e-21
1.234592221e-20
7.894988901e-22
9.056493909e-22
1.09931581e-21
3.32012976e-21
2.53417252e-21
1.59405832e-21
7.026175477e-21
8.189702461e-21
1.900954697e-21
4.24259334e-22
1.576267067e-21
2.003114481e-21
1.906305402e-21
3.565157901e-21
6.389074076e-22
6.376684482e-22
1.934784381e-21
5.755402382e-21
5.366145365e-21
3.090703095e-21
9.787630337e-21
7.619091886e-21
8.566592689e-22
2.011590472e-21
2.453577631e-21
3.595589167e-22
5.206308227e-21
6.531589126e-22
4.91771461e-21
6.547935817e-22
1.758836326e-20
9.466081762e-21
9.23144195e-21
3.867632097e-21
7.536337645e-21
5.521449856e-21
1.31312264e-20
1.433647203e-21
4.957929854e-21
2.50173115e-21
5.226143466e-22
5.016257116e-21
6.112770349e-23
3.865503102e-21
4.041034815e-21
5.498381518e-22
9.750725265e-22
3.524884007e-21
8.164731439e-22
1.61457314e-21
1.851990008e-21
1.12949584e-22
7.800948367e-21
3.837206924e-21
6.542570183e-22
4.283424889e-21
1.431285527e-22
5.505133601e-21
3.065388212e-21
4.393376539e-21
2.128012082e-21
2.229174031e-21
5.013509132e-21
9.856773115e-21
3.560080985e-21
6.324197129e-21
1.670055887e-21
4.820672636e-21
1.037296238e-20
2.270382522e-22
6.012837417e-21
1.879007417e-21
5.130743282e-21
4.075198171e-21
1.559085298e-21
1.33258154e-20
7.252705296e-22
4.846657769e-21
8.094907853e-21
5.051141669e-21
1.783179876e-21
3.922117385e-21
1.769949965e-20
1.484155658e-21
1.176575482e-21
1.830227176e-21
2.50691734e-21
1.167781305e-20
1.004628896e-20
4.02369783e-21
1.397196143e-21
1.918421583e-21
5.696049125e-21
1.430449278e-21
1.359431285e-20
4.460895956e-21
9.768615708e-21
1.312548173e-21
3.999178247e-22
5.460443891e-21
9.345225576e-22
2.036529547e-21
8.284520977e-22
4.12320604e-21
2.232511891e-21
1.194419306e-20
9.04407775e-21
1.176507268e-21
6.330832059e-22
5.124059528e-21
6.024181503e-21
7.234015491e-21
1.034560181e-21
5.967896084e-21
3.019232267e-21
1.140628683e-20
9.276950776e-21
1.95997379e-21
3.075415041e-21
8.917314599e-21
5.923496192e-21
3.083595574e-21
5.278860614e-22
7.598610683e-21
6.690544148e-21
3.271667429e-21
7.374027783e-21
4.6490023e-21
1.774074786e-21
4.571311347e-22
1.487781684e-21
5.304802433e-21
1.132274065e-21
1.358071593e-21
8.8592536e-21
2.134228821e-21
1.225863556e-21
1.840160304e-21
8.752522403e-22
1.864039515e-21
2.986415035e-21
3.539564562e-21
7.578015638e-21
4.234096316e-21
8.188519972e-21
5.823893122e-22
2.43564678e-21
3.014669713e-21
9.580579182e-22
1.083367766e-20
7.73707387e-22
1.820283461e-21
2.125396806e-20
3.768940368e-22
7.970273841e-21
3.941560542e-21
3.588043236e-21
4.444171099e-21
8.678241025e-22
1.019045146e-21
7.948961647e-21
3.886486949e-21
4.03056106e-21
2.300665918e-23
3.269669404e-21
3.930927938e-21
2.040733952e-21
1.672823531e-21
1.340685296e-20
9.678072433e-21
2.105563002e-21
5.375734952e-21
8.070499051e-22
6.064793238e-21
3.132116868e-22
3.156522772e-21
8.215783088e-21
3.766141517e-21
4.1840053e-21
2.075731411e-21
2.596986866e-21
7.679150332e-21
4.152316003e-21
1.600134409e-21
3.59133155e-21
4.307478326e-22
3.990071075e-21
5.223571205e-22
3.503857743e-21
5.254021762e-21
9.736693151e-22
6.673250716e-22
6.385611087e-21
1.847719841e-21
3.094299145e-21
2.278886383e-21
3.272425008e-22
1.676978225e-21
1.468214935e-20
7.844686844e-22
5.135466628e-21
2.520220694e-22
2.232735744e-22
9.535521861e-22
2.235615456e-21
9.224510879e-21
3.236727455e-21
1.64034321e-21
1.12329805e-20
1.13400439e-20
1.395928788e-21
5.811721211e-21
8.743085159e-21
6.719808781e-21
4.455810687e-21
2.726122409e-21
3.257080472e-21
8.23223008e-22
1.469637626e-20
3.722217862e-21
1.709759441e-21
7.220558194e-21
1.639903551e-21
2.11311334e-21
3.970895127e-21
1.184578841e-20
4.553157059e-21
2.922825509e-21
3.60223028e-22
6.033657687e-21
3.673952604e-21
6.102735078e-21
2.502682397e-21
3.286129378e-21
1.762701496e-21
2.588031161e-21
2.369974431e-21
8.782198137e-21
9.488323907e-22
3.742901644e-21
1.227404634e-21
4.926601564e-21
9.256617739e-22
3.472489133e-21
1.377426088e-20
5.964854206e-24
2.733149051e-22
1.784746982e-21
1.250292348e-21
5.99560795e-21
1.098773513e-21
5.550380656e-21
5.348232158e-21
1.474645714e-21
6.90471833e-22
4.266300071e-23
1.493382905e-20
1.86436543e-21
3.889956771e-21
8.266962011e-22
5.243455206e-21
7.831126528e-22
9.347257832e-21
2.407838838e-21
4.506962504e-22
1.260193231e-21
1.477338028e-20
4.898418344e-21
3.621106023e-21
4.508397553e-21
1.06289285e-20
1.09784126e-20
2.342818088e-21
4.204498049e-21
1.333256906e-20
3.692677048e-21
1.090757199e-20
3.389111935e-21
3.843858958e-21
1.722230059e-22
5.910401904e-21
2.913440971e-21
3.617544777e-21
6.430330839e-21
4.06831542e-22
8.694154807e-21
1.602025174e-21
2.954323038e-23
1.296227464e-21
3.165569953e-21
1.234441916e-21
4.796665357e-21
5.419023032e-22
7.447618825e-22
2.514862376e-21
5.791259713e-21
4.888644532e-21
2.612701527e-22
7.175104481e-21
1.072255275e-20
8.895058793e-21
9.07986928e-21
4.306087264e-21
9.046796594e-21
3.335073989e-21
6.224362789e-23
4.544361612e-21
6.371635301e-22
6.485964225e-21
1.181760237e-21
5.124852843e-22
7.242923541e-21
1.016043034e-20
1.874515887e-20
6.643115047e-21
8.734323245e-22
2.829571936e-21
9.066763193e-21
7.164153226e-21
4.264357038e-21
6.434093039e-21
2.224889658e-21
3.870340291e-22
1.652856764e-20
2.108412353e-21
4.014362859e-21
2.849613648e-21
6.702726182e-21
3.002742867e-21
3.358572351e-23
1.793093768e-21
2.802435984e-22
1.739193399e-20
7.085004154e-22
5.253019274e-22
3.136362965e-21
8.413589422e-22
2.62813904e-21
4.186918061e-21
4.108169308e-21
6.957730684e-21
1.667049172e-22
6.142994475e-22
6.473391289e-22
5.475510075e-21
9.819761729e-21
3.57047896e-21
2.110524419e-21
6.926549099e-21
9.354357578e-21
1.637983195e-20
1.568229969e-21
1.247008618e-21
4.497153033e-21
1.10799884e-21
5.170843867e-21
1.35514639e-21
1.553870168e-22
1.12253594e-22
1.793233519e-21
7.75689103e-21
1.160573566e-21
3.192065797e-21
7.639949504e-22
1.110764847e-21
2.818765011e-21
2.504725799e-21
3.447580588e-22
3.053644364e-22
4.380989956e-21
8.78449941e-21
9.318712804e-21
4.190962395e-21
5.270601189e-21
6.698792718e-22
3.219202067e-21
1.536756703e-20
1.541890081e-20
2.046614656e-21
5.917488377e-22
1.701259002e-20
3.763731341e-21
9.798895852e-22
7.445779546e-22
1.314082642e-20
1.333078891e-21
9.202475019e-23
8.474510682e-21
3.206453695e-22
3.899199115e-22
3.230552578e-21
3.607601784e-21
1.920666749e-20
1.857159837e-21
7.160033655e-21
1.6462135e-21
3.109757049e-21
8.45134577e-22
2.482320101e-21
5.358629089e-21
1.538572574e-21
4.664032365e-22
5.134623408e-22
2.872187942e-21
1.470774937e-20
6.965220452e-21
4.434075895e-22
1.377102477e-21
6.624727668e-21
1.266389378e-21
1.876809202e-21
6.348647459e-22
1.931932658e-21
2.05958269e-22
4.710196153e-21
1.109918725e-21
5.982788917e-22
6.071358043e-21
2.808035672e-21
3.145262068e-21
4.156250166e-21
9.512253911e-22
5.001927417e-21
4.316300244e-22
2.667624674e-21
1.325745824e-21
1.334015413e-21
6.94039432e-21
8.630364667e-21
3.741600239e-21
1.149216819e-22
8.844612042e-22
3.633119413e-21
1.071149535e-21
4.031742039e-21
1.714103074e-22
7.564837713e-21
9.059423637e-21
1.93720258e-20
4.840702825e-21
1.845663927e-21
2.583515836e-22
6.85940028e-21
1.855160128e-22
3.950315759e-21
2.395979946e-21
1.600854644e-21
9.268108569e-22
5.40347048e-21
6.706777936e-22
8.157173049e-21
7.284404763e-21
9.934471246e-22
1.223596358e-21
5.456459892e-21
1.335472739e-21
1.345152037e-21
2.244166181e-21
1.783180304e-20
3.345761467e-21
1.491524959e-21
2.323882918e-21
6.724696393e-22
1.721572544e-21
4.640635622e-21
6.378973781e-21
6.846299874e-21
1.552931272e-21
6.005384404e-21
8.248194225e-21
5.413669024e-21
8.841679589e-22
1.904829209e-21
5.596610228e-21
9.840802083e-23
1.04785688e-20
2.527009769e-22
3.669179615e-22
6.790825695e-21
1.101557176e-21
2.981458735e-21
1.450379172e-20
5.716479146e-21
1.362362885e-21
8.481821623e-24
7.825287076e-21
3.714739072e-21
2.815047164e-21
3.956117429e-22
1.202431742e-21
1.49912361e-21
6.33754382e-22
6.560528585e-21
2.182660709e-21
4.073236484e-21
2.410525189e-21
4.806913542e-22
4.894444381e-21
1.74084107e-21
2.024286394e-21
9.303902576e-22
1.365067203e-23
1.274658175e-21
1.028296015e-21
1.004359664e-21
1.758656093e-21
5.264668026e-21
4.15054753e-21
3.839906407e-22
1.194368501e-21
1.98958445e-21
5.406558896e-21
5.697170523e-21
1.755043811e-21
4.094792281e-21
1.063817741e-21
8.095919977e-21
1.156917935e-21
1.549826265e-21
2.809429374e-21
6.674987717e-22
4.471417597e-21
5.213473639e-22
1.655866344e-21
1.660594756e-21
8.744726118e-22
1.996365929e-20
2.331101335e-21
8.864047327e-22
2.674141179e-21
2.379835003e-21
4.515039838e-21
1.050769365e-20
1.454778186e-20
2.516685213e-21
2.90084043e-22
8.991856655e-21
7.334982548e-21
6.229365261e-21
1.462471755e-21
6.310910297e-21
2.872855552e-21
4.544018211e-21
2.241500221e-21
4.538789245e-21
5.26422661e-21
5.069741074e-21
1.084507941e-20
2.266928711e-23
5.237860814e-21
2.711205919e-21
9.077558482e-21
5.886386764e-21
5.652035378e-22
6.277070845e-21
3.64071613e-21
6.097479393e-21
5.398141681e-21
5.218232188e-22
1.962848723e-21
6.040277482e-21
4.324111625e-21
3.66747366e-21
3.491648759e-21
4.261940126e-21
3.252011669e-21
2.667330865e-21
3.309635879e-21
9.76347635e-22
4.189334265e-21
2.53539268e-21
9.882982502e-22
2.102783447e-21
4.199732397e-21
4.3345691e-21
3.022299203e-21
1.001277547e-21
8.94114061e-21
3.629316074e-21
6.225405271e-21
3.867715899e-21
7.714387378e-22
2.858001453e-21
1.0554264e-21
4.228959771e-21
3.157698929e-21
5.392933315e-21
1.311636522e-21
9.862158176e-22
7.362589427e-21
4.115388409e-21
3.834521171e-21
1.774190503e-21
6.728212096e-21
9.426615187e-22
1.396742122e-21
2.551605733e-21
2.072726926e-20
1.166326479e-21
1.710722114e-21
2.692679062e-21
1.988394101e-21
1.710392131e-21
1.048072975e-21
1.519940397e-21
5.151194924e-22
1.523902569e-21
1.835338715e-21
3.550300912e-21
5.307947513e-21
2.917239266e-23
1.437706764e-21
8.885822271e-21
1.082437834e-21
1.008407833e-21
6.639964105e-21
2.991283529e-22
3.389354796e-21
1.189684636e-20
5.668114885e-21
4.622897039e-21
2.084598099e-21
1.59883868e-22
7.581208558e-21
7.014099055e-21
8.297290104e-21
1.018483282e-22
9.999419326e-22
3.038796466e-21
1.003484484e-20
4.686373322e-21
1.532217515e-21
1.493337689e-22
7.063002686e-21
3.542651435e-21
5.22442282e-21
1.322093314e-20
2.717336991e-21
1.99036493e-22
1.934840711e-21
2.896219806e-21
7.420086594e-21
4.005653056e-21
5.67147142e-22
3.710792954e-21
4.971271269e-21
1.776168845e-22
6.201151856e-21
1.256474979e-21
3.529165643e-21
6.528213761e-21
1.318191195e-21
2.703335493e-21
1.319685624e-22
1.237342883e-22
1.224755405e-21
3.186893383e-21
1.62151678e-21
1.911975226e-22
2.651542721e-21
4.981323326e-23
4.917305889e-21
1.95160377e-21
6.817814024e-22
7.934560951e-22
1.543808093e-22
1.359493893e-21
4.363579271e-22
3.435973333e-21
2.435256766e-22
4.818921057e-21
1.817382512e-21
2.080689024e-21
3.000808543e-21
9.268274586e-22
1.95404628e-21
2.822711667e-21
5.555015518e-21
6.227108818e-21
4.366313483e-21
2.256915031e-21
1.932838523e-22
4.9046422e-22
1.822040026e-21
1.083750897e-21
6.447431161e-21
1.46150828e-21
3.924527804e-22
8.431215576e-22
6.105928665e-21
2.890634594e-21
6.798461435e-21
5.473134195e-22
4.519814508e-21
7.09113897e-22
6.212939257e-21
6.491746653e-21
2.684944436e-21
7.050770941e-21
4.224513386e-21
1.696921194e-21
5.53974163e-21
3.41225737e-21
5.295057129e-21
2.053211919e-21
8.879361836e-22
7.514422227e-21
2.950900148e-21
4.489336027e-22
7.294956738e-21
3.1676839e-21
1.084815815e-21
3.846662031e-21
7.35829576e-21
5.791519483e-22
4.650124052e-21
9.963673952e-22
1.738073946e-21
7.908853674e-21
1.271523712e-21
4.684580651e-21
4.040854094e-21
4.56456149e-22
3.05556964e-21
7.939209055e-22
1.050568977e-20
2.010228074e-21
1.727846309e-21
1.62377213e-21
5.842448727e-21
1.077916929e-20
1.10252689e-20
1.771616823e-20
5.848314596e-21
1.184140277e-20
2.322411746e-22
4.240445503e-21
2.068985159e-21
3.098337506e-21
4.410394034e-21
3.647160664e-21
8.096108292e-21
5.643224964e-21
1.822113734e-21
5.952758315e-21
2.695729013e-22
2.828620175e-21
4.146464464e-22
9.138755906e-22
1.083144337e-21
7.816782453e-23
2.64591432e-22
1.713071345e-21
7.573951492e-21
1.312731861e-21
7.851537092e-22
2.738631699e-21
1.980081095e-21
4.850494906e-21
1.351139018e-20
4.474527641e-22
6.093271217e-21
3.932723781e-23
7.495034648e-22
2.374973567e-21
8.877052693e-23
3.676948776e-22
9.639867459e-21
3.039747913e-21
6.092506433e-21
2.410468527e-21
1.32505652e-20
6.115677441e-22
1.555354896e-22
1.062262692e-23
3.170175114e-21
5.66201158e-22
1.703376902e-21
2.272297374e-21
3.112490572e-21
1.446569351e-21
8.516535724e-21
4.332299146e-21
8.851686335e-21
9.84696569e-21
1.279772898e-20
4.215237107e-21
3.93385666e-21
3.237527806e-22
5.498866152e-21
3.643703186e-21
1.632617202e-20
7.089295348e-21
4.589473252e-23
3.568999021e-21
1.046161092e-21
2.714393133e-21
5.418109672e-21
5.745528175e-23
4.136429531e-21
1.264848978e-21
3.14516348e-21
1.254185139e-21
2.46824842e-21
1.424308229e-21
7.356242908e-21
1.485028516e-21
9.719262377e-22
2.682511523e-22
4.351185658e-21
3.688426694e-21
2.644794114e-22
3.463771513e-22
2.1164856e-21
5.207836457e-21
4.329789246e-21
1.039802106e-20
4.327387896e-21
1.538209864e-21
1.227596265e-21
1.325486621e-21
3.045601743e-21
1.318775663e-20
4.804711293e-22
3.599621105e-21
5.275481684e-21
9.078978957e-21
7.655492349e-21
7.457099729e-21
2.735350998e-22
7.050300225e-22
4.421404766e-21
3.671502128e-21
1.987278114e-22
2.882452045e-21
1.196211435e-20
2.183443169e-21
2.488556452e-21
2.464575607e-21
6.719059259e-22
3.1950876e-21
7.655346578e-22
1.215577249e-21
6.126445208e-21
1.842155962e-21
4.011659947e-21
4.594584345e-21
7.615053443e-21
1.030419201e-20
4.502365952e-22
5.07973805e-21
1.254555623e-20
2.447790714e-21
3.900051864e-21
1.644383887e-21
6.876966096e-21
3.863701123e-21
5.710054964e-22
1.24021352e-22
5.226768327e-22
4.371601317e-21
2.797903898e-21
1.716328954e-21
1.108073183e-21
4.606793015e-21
4.824032147e-21
1.070705313e-21
4.221893571e-21
3.393297619e-21
1.28362563e-21
1.999271963e-21
4.021179517e-21
6.502791576e-22
2.410411955e-21
6.463248711e-21
6.216031432e-21
2.156385635e-21
3.808135772e-21
7.07189321e-21
4.257745136e-22
4.663195724e-21
1.708961247e-21
1.673950602e-20
2.90082658e-21
1.000227056e-21
1.706952291e-21
3.036434132e-22
2.988551119e-21
2.205505562e-21
5.044385086e-22
4.524429932e-21
2.440311756e-20
3.484280105e-21
2.824130888e-21
1.986491579e-21
2.3455526e-21
9.017472345e-21
2.562109069e-22
2.542881523e-21
7.620581304e-21
3.268904937e-22
3.645806721e-21
1.659724445e-21
5.745642909e-22
1.116439687e-20
2.253958792e-21
2.587296992e-22
2.401771987e-21
1.081917047e-21
1.599565252e-21
8.233223178e-22
7.05442658e-21
7.012959088e-22
5.506180514e-22
2.67502352e-21
1.945296271e-21
5.69603732e-21
4.664198831e-21
4.997802668e-22
1.577515075e-20
1.27379677e-21
7.51255262e-21
3.100147657e-21
5.944324112e-21
4.28624743e-21
1.945084447e-21
7.279327846e-22
1.252864366e-21
6.703770152e-23
9.411572345e-21
7.252554249e-22
1.488754164e-21
1.458945572e-20
1.206938986e-20
3.133254762e-21
1.421689083e-21
8.825593434e-22
3.045056728e-21
3.808165317e-21
5.112539938e-22
6.349795058e-21
6.593111843e-21
5.116837503e-21
1.056076055e-20
2.521240875e-20
2.905049246e-21
1.91180469e-21
1.656291779e-21
9.838225208e-22
1.330782313e-21
1.995299742e-21
3.596446042e-21
2.64423261e-21
7.207935385e-21
2.323380875e-21
3.269720136e-22
1.748983297e-22
1.149776029e-21
1.193722527e-22
3.759658668e-21
5.823766355e-21
1.935318125e-21
1.207397899e-21
1.285308274e-20
9.385443041e-22
7.550518899e-22
2.953880474e-21
8.687699246e-21
3.39252626e-21
3.849667031e-21
8.298493227e-21
1.877835726e-21
9.445423613e-21
1.154757862e-20
1.110491412e-20
1.346127863e-20
1.418033271e-21
1.241204549e-20
5.133784507e-21
1.020797048e-20
5.653705208e-22
2.582601625e-22
6.125637389e-21
1.962284393e-20
1.270879224e-21
4.412019138e-21
8.687970348e-21
1.090670415e-21
2.985952774e-21
1.356609722e-22
6.193802264e-21
3.477083541e-21
3.046407482e-21
2.431938446e-21
2.276691484e-21
1.202280122e-22
1.411084438e-22
3.946463127e-21
3.809283147e-21
2.106388401e-22
3.910189876e-22
7.605610704e-21
4.793844121e-22
1.490769944e-20
8.007541633e-21
4.556233761e-21
1.694333024e-20
1.702714532e-21
3.300313767e-21
1.151384829e-20
6.569994918e-21
8.612305834e-22
4.444716764e-21
5.065541551e-21
1.084234989e-20
4.437309905e-21
4.054509062e-21
4.665129689e-22
3.489426793e-21
3.227180219e-21
2.20650279e-22
2.441275257e-21
1.362726516e-20
4.256077624e-21
8.404046702e-22
1.815808453e-21
4.900292294e-21
8.352498352e-22
2.672332609e-22
4.800297236e-21
3.629296713e-21
6.928911314e-22
1.426226785e-21
2.358009504e-22
4.33290338e-22
6.806011953e-22
4.376290249e-21
4.815005096e-22
1.656477527e-21
5.940559047e-21
4.73491488e-21
6.143426462e-22
3.664564286e-21
2.055831606e-21
4.778024266e-21
1.467696205e-21
1.145665861e-23
1.678513332e-20
2.330568479e-21
5.239450058e-21
2.102998738e-21
2.372000384e-21
9.003623785e-21
4.735605188e-21
1.269194052e-20
3.635277299e-23
9.559608855e-22
1.500486421e-21
7.511698251e-21
7.098789842e-21
1.347168132e-21
6.878186333e-21
4.102001751e-21
2.581580714e-21
4.417080608e-21
6.930501567e-21
2.444448546e-21
2.254828892e-22
4.08525354e-21
1.399146643e-21
3.59828596e-21
3.297350945e-21
4.721482362e-21
2.798163794e-21
5.188493288e-21
6.79684798e-22
1.313025552e-20
2.286043288e-22
1.738796963e-21
2.65631928e-22
7.175286174e-22
2.012273506e-21
1.420418038e-20
2.845150592e-21
5.251559357e-21
1.66272732e-21
1.941559779e-21
9.85207579e-22
6.753924988e-22
5.127688477e-21
7.903888201e-23
3.043083171e-21
1.375906599e-21
9.865345126e-22
5.592268875e-22
2.92263872e-23
1.583564222e-22
2.313081483e-22
5.567238116e-21
2.768834247e-21
6.929392943e-21
1.116529458e-21
1.043651786e-21
3.222496775e-21
1.323875636e-20
2.602851858e-21
2.728732519e-22
7.852980587e-21
2.088623607e-21
9.23843634e-21
4.591782985e-21
1.961835048e-22
1.637476993e-22
4.824993793e-21
1.163884935e-20
1.732884278e-21
1.19500016e-21
6.93721436e-23
6.855109308e-22
8.287455257e-21
9.633358218e-21
5.665907458e-21
4.429266459e-21
3.013270876e-21
2.614479701e-21
3.076989459e-21
7.676981572e-21
9.295551645e-21
1.442000084e-21
5.481862273e-21
7.641670198e-21
2.186461428e-21
1.489761031e-21
8.711220429e-22
8.998494022e-22
3.275028043e-22
3.222730756e-21
5.386415308e-21
2.491420149e-21
3.904234202e-21
1.402239946e-21
1.077690852e-21
1.361578306e-20
1.004109452e-20
1.754584612e-20
2.499553659e-21
6.502502311e-22
8.506318082e-22
2.130822762e-21
4.174673148e-23
1.267269229e-20
2.484967502e-20
2.484548088e-21
3.15058938e-21
2.263930971e-21
1.028247654e-20
2.927439288e-21
1.385629142e-20
1.001258402e-21
1.315676628e-21
5.272256439e-21
2.413694851e-21
3.178140085e-21
6.2695658e-21
2.579496684e-21
2.900214085e-21
2.741520764e-21
8.375885031e-21
5.654226729e-21
2.234859862e-20
2.251615945e-21
1.076671793e-21
1.080770384e-21
5.966471729e-22
3.935755929e-21
4.047405209e-21
1.188307587e-20
2.942285937e-21
4.80980888e-21
1.173941547e-21
1.851717614e-21
8.810437069e-21
1.556625397e-21
2.778580671e-21
1.120631805e-21
4.394902534e-21
7.154462398e-22
4.835893413e-22
8.855588354e-22
4.058017441e-22
1.840726175e-21
8.161528502e-21
2.545315442e-22
1.445351988e-20
5.131601539e-21
3.422245098e-21
7.139217709e-21
3.454904279e-21
9.434344892e-22
6.223650823e-21
5.84995499e-22
3.806966777e-21
4.154421587e-21
1.241132178e-20
8.21984079e-21
2.798934464e-21
3.238736833e-21
2.081118587e-21
4.005065557e-21
2.14705985e-21
1.527031234e-22
2.226780393e-21
1.542002155e-21
4.196241624e-21
8.21387084e-21
2.419945056e-22
2.123321797e-22
1.178995774e-21
8.437683708e-22
4.615932112e-21
5.742030414e-21
1.685966986e-21
4.055305962e-22
1.536344539e-21
2.65455791e-21
8.960201684e-21
1.69293284e-21
4.354138552e-22
2.764462931e-21
5.696078603e-21
1.535026338e-21
9.095959717e-23
1.206450261e-20
5.320595615e-21
3.226838397e-21
9.055529027e-21
1.06607792e-20
1.17086031e-20
1.222314429e-21
2.920209163e-21
7.156439219e-22
6.609711334e-22
3.793344095e-21
7.694680249e-21
3.074636982e-21
3.200118587e-21
4.379542396e-22
3.14908226e-22
3.349501374e-21
1.130549691e-21
1.898373551e-21
5.255435703e-21
1.669869667e-21
2.210369369e-21
2.494573486e-21
7.616600473e-21
3.737320547e-21
6.908379082e-21
8.467651152e-21
6.3760186e-22
1.456776522e-20
1.558409773e-21
2.577443868e-21
1.225624264e-21
1.532476843e-21
1.085879006e-21
4.768658957e-21
1.693968741e-21
1.405016672e-20
1.96384917e-22
3.406872465e-21
1.034420518e-22
2.219973792e-21
4.724707458e-21
6.111571905e-21
4.766085217e-21
4.290006261e-22
1.036201855e-21
3.938271417e-21
6.343980772e-21
1.150052088e-20
2.25472798e-20
7.085459765e-21
2.007682791e-21
6.62101379e-22
3.043095592e-22
7.933297622e-22
1.085992963e-22
8.800052437e-23
1.230943421e-21
2.838629048e-21
9.730701184e-21
1.066252099e-21
2.467133766e-22
1.373434101e-21
5.565919354e-21
7.334813395e-22
1.291113899e-20
1.098298869e-20
1.959047205e-21
6.384758733e-22
1.142046784e-21
1.457793635e-20
2.911913297e-21
1.795254871e-20
3.268364544e-21
7.637506855e-21
4.497005762e-22
3.091402767e-24
7.344093664e-23
1.710499964e-20
6.453790715e-21
5.956276661e-21
9.315275444e-21
6.118273252e-21
5.883116383e-21
1.784455375e-21
2.357661044e-21
4.131453088e-21
1.878738953e-20
1.486080645e-21
2.095426426e-22
1.076021672e-21
3.400925109e-21
1.018927413e-20
5.901958015e-21
3.167240098e-22
6.346999843e-21
8.080982547e-21
1.674827041e-22
2.419130748e-21
2.357939537e-21
6.738583239e-21
3.578038108e-22
6.081460653e-21
2.907159691e-21
7.986710939e-21
3.875208121e-21
2.652295341e-21
3.340072215e-21
4.520889378e-22
3.306075821e-21
3.379398888e-21
1.616237262e-21
1.59192148e-21
9.850219389e-21
9.53835098e-21
1.782741171e-21
7.438385189e-21
1.800580759e-21
8.29725287e-21
1.773919204e-21
1.072090679e-20
4.862843342e-21
6.026191946e-21
1.30392526e-20
1.490827647e-21
8.626509871e-21
1.593548166e-21
3.710913433e-22
9.484178575e-21
8.205139458e-21
1.786493572e-21
2.045076804e-21
2.286007441e-21
5.726352614e-21
3.220393416e-22
3.232003295e-21
2.80831808e-22
1.644519506e-20
7.821110841e-22
6.157927501e-21
7.158719649e-21
9.056259844e-21
6.875224922e-21
4.758427432e-21
6.578279673e-21
4.612939063e-21
1.32764147e-21
8.57307485e-21
2.005688962e-22
6.814661148e-21
1.670066187e-21
1.621808387e-22
8.54758299e-21
1.753482474e-21
3.755985397e-21
4.74229843e-22
2.228069259e-21
6.792470756e-21
8.55724973e-21
6.520986018e-21
1.898603517e-21
3.10567516e-21
1.041269007e-21
6.781599636e-21
2.306610624e-21
3.519178346e-21
4.995222357e-21
4.671893548e-22
1.714942327e-20
7.862366399e-23
2.193939352e-21
7.382614732e-22
2.069076631e-21
3.72198225e-21
1.134422376e-21
6.116095272e-22
4.122456236e-21
2.512590152e-22
1.127675391e-21
2.101970105e-22
2.145171974e-21
5.049498402e-23
3.629017748e-21
1.376357391e-20
5.482955205e-22
3.359240683e-22
2.330381092e-21
5.17501642e-21
6.395904235e-21
6.409227529e-21
9.140752236e-21
8.832226604e-22
1.413920686e-20
8.51791966e-23
2.051761384e-21
4.196763555e-21
2.163750647e-20
1.759789577e-21
4.214767739e-21
4.132915557e-21
2.893960324e-21
1.827072158e-21
4.731413476e-22
2.153990121e-21
8.606860488e-21
9.176062775e-21
6.31231548e-22
2.126146959e-22
2.636636038e-21
5.514762864e-21
1.903335734e-21
1.62450258e-21
1.648168043e-22
3.337557858e-21
1.499617649e-21
8.740135649e-21
6.614969505e-22
6.414527251e-21
3.795226905e-22
2.566551777e-21
6.730723686e-22
5.066993654e-21
5.694098747e-22
1.501636486e-20
1.654835461e-21
1.138909881e-20
2.579246317e-21
2.263711584e-21
4.71475076e-22
2.168011246e-21
4.243790552e-21
1.220067765e-21
1.514071631e-21
3.176545268e-21
2.234911978e-21
1.553604471e-21
8.0569409e-22
3.569658784e-21
1.70476552e-20
4.072989703e-21
4.728919273e-21
9.765043647e-22
1.488758863e-21
2.711486123e-21
2.884591655e-21
1.895621719e-21
1.380366606e-21
3.605047996e-21
8.490327849e-21
6.764041533e-21
3.842636274e-22
1.025179267e-20
9.192141643e-22
6.938520244e-21
7.093920616e-22
1.992389176e-21
5.580062772e-22
4.151115436e-22
1.37008856e-21
6.578402952e-21
1.148351339e-20
6.855214972e-21
3.577050252e-21
7.042274091e-22
2.680679341e-21
3.308728463e-21
4.111545129e-21
3.445037319e-21
2.294135643e-21
4.320390125e-21
1.570511936e-21
6.337438916e-21
8.054372876e-21
8.730320171e-22
1.75208938e-21
4.130653583e-21
4.104922725e-21
4.681629989e-22
3.386959008e-21
2.752381409e-21
7.732736268e-21
2.421203188e-23
1.216123884e-21
3.398410845e-22
8.8767697e-21
2.205977524e-21
5.540727453e-21
1.243848057e-20
2.704835657e-21
1.881959165e-22
2.804190895e-21
3.005670072e-21
5.482919614e-21
1.692922712e-21
1.007483835e-20
3.101034562e-21
4.884011202e-22
3.89140187e-21
5.496745028e-21
1.136536658e-21
2.235826358e-21
1.575453742e-21
4.668176392e-21
2.370511291e-21
3.786581241e-21
4.092943583e-21
3.346197117e-21
4.742859222e-22
1.086774011e-20
1.17861954e-21
3.254172212e-21
1.990533286e-21
4.51019772e-21
1.857031844e-21
4.726895983e-21
4.843364631e-21
2.441116755e-22
2.179232207e-21
8.118627853e-21
8.901004041e-22
4.102056161e-21
1.720575599e-21
9.142583729e-21
1.342513187e-22
4.609190297e-21
1.980610748e-21
2.150972701e-21
1.143462001e-22
6.30094394e-22
7.686201251e-21
6.141535407e-21
2.197838873e-21
2.831609578e-21
2.536080761e-21
3.259889248e-21
1.209512337e-21
1.576895651e-20
2.187077611e-21
1.593433825e-21
8.835849676e-21
4.770380284e-21
2.861609369e-21
1.064419194e-21
9.031996122e-21
4.476291189e-21
4.882434837e-21
6.186000655e-21
4.680010845e-21
2.342138064e-21
3.861397268e-21
5.426977014e-22
3.063099036e-21
8.198655319e-22
3.135524189e-22
2.330735792e-21
4.870120288e-21
3.852622181e-21
4.380555782e-21
3.005863253e-22
3.222472563e-21
2.223842912e-21
2.944745322e-21
8.207966236e-21
2.186450397e-21
1.98528396e-21
8.265709812e-22
1.950617647e-22
1.056707394e-20
2.188797854e-21
3.264155935e-21
4.719748508e-21
7.638902544e-21
2.483346682e-21
1.974270427e-21
1.286730328e-21
1.524392433e-20
7.313030991e-23
7.182631426e-22
1.187033874e-20
3.230479776e-22
1.562780648e-20
1.061687928e-20
3.546047708e-21
6.006023646e-21
5.55339564e-21
1.15089547e-20
5.487185422e-21
5.595786471e-21
4.929460697e-21
4.608556255e-21
3.784758827e-21
1.194709491e-21
4.452573041e-21
3.926454092e-21
1.762203189e-21
9.509395809e-22
4.92225204e-21
1.048203846e-20
5.59319916e-22
1.130360672e-20
3.652780804e-22
5.06270731e-22
6.046767928e-22
3.720048783e-21
2.051377952e-21
1.192467046e-20
2.458901713e-20
7.042078234e-22
4.29938936e-21
8.129935169e-21
3.280192035e-22
3.549446347e-21
9.776515074e-22
3.361120937e-21
1.022133171e-22
2.146237553e-21
1.709076344e-21
6.079598562e-21
1.168047999e-21
9.743354681e-21
5.5536952e-21
4.921452378e-21
1.403874156e-21
9.175545659e-21
5.902781067e-22
5.187915312e-21
4.905716115e-21
1.059346787e-21
5.739738321e-21
8.258404033e-22
4.861571221e-22
7.089455838e-21
8.711167574e-21
1.110418459e-22
7.867582494e-21
1.076153812e-21
5.600512196e-21
4.614471333e-22
1.719461733e-20
1.737185083e-20
2.032265128e-21
6.504817787e-22
8.877133959e-21
6.308312235e-22
1.630324298e-20
1.693428843e-21
6.926330294e-21
9.930813877e-22
5.835537819e-23
1.54693622e-21
6.034412248e-21
1.257227248e-21
8.95550563e-21
9.834036064e-22
9.40429495e-21
7.175435733e-22
2.910167869e-20
6.574871792e-21
4.314544996e-22
9.625386001e-23
1.063972955e-21
6.598685499e-21
2.105370718e-21
1.790255938e-21
2.667472906e-21
8.61104651e-21
1.068191299e-20
1.458092244e-21
7.815393152e-22
1.424632487e-21
2.007531343e-21
4.119343944e-21
4.440181729e-22
1.607905557e-21
6.41562913e-21
4.902281483e-22
1.416250477e-21
8.067566705e-22
1.252260528e-21
1.646051298e-22
7.109721382e-21
3.51437401e-21
7.104820806e-21
7.418895668e-22
4.197292938e-21
2.795276033e-21
4.388967652e-21
1.727229626e-20
5.917876529e-22
2.361469259e-21
3.106230675e-21
6.5997553e-21
2.783749577e-21
1.35098543e-20
3.398770884e-21
2.201817676e-22
7.39918229e-22
5.777032832e-21
1.378300353e-21
1.36375972e-21
2.188593602e-21
7.347774607e-21
3.695552917e-21
1.81889181e-21
2.967412689e-21
4.83423657e-21
1.229655164e-21
1.581330604e-21
2.150573586e-21
2.039635123e-20
3.381324845e-21
1.556152936e-20
4.820360197e-21
6.451527711e-21
1.192751983e-20
2.564568633e-21
1.022724077e-20
9.91336849e-21
5.240486309e-22
1.453052111e-20
6.182297809e-22
2.08201957e-21
1.625541035e-21
2.875219624e-21
2.378670517e-21
2.719022172e-21
1.595786117e-21
1.599112458e-20
8.035576618e-21
1.651727788e-21
7.407876893e-21
1.191449848e-20
1.055147423e-20
1.234336531e-20
7.507379096e-23
2.215316222e-22
4.649987636e-21
1.1504652e-21
3.354350953e-21
4.694116698e-21
1.545097339e-21
1.766547498e-21
1.500628943e-21
4.309706211e-21
2.099222537e-21
3.063907515e-21
2.632107883e-21
2.166178018e-21
2.677390582e-22
3.45297903e-21
2.897497218e-21
2.448028727e-21
7.752471366e-22
6.605237619e-21
7.288878676e-22
7.235197144e-22
4.475870047e-22
4.82865425e-21
3.05064774e-21
1.004423368e-20
1.605906068e-21
3.772783052e-21
1.448322697e-21
4.33509185e-22
3.826133531e-21
8.183491453e-21
3.608447705e-21
1.97506408e-20
9.029687944e-21
7.57389504e-21
3.010515954e-21
4.43129073e-21
1.277898848e-20
2.032521559e-21
7.526122993e-21
9.987594642e-22
1.385960351e-21
3.864271433e-21
7.240605014e-21
5.648481452e-22
5.701864819e-21
7.41531158e-22
1.427714831e-20
7.969896291e-21
1.051439255e-21
5.06078906e-21
1.624702154e-21
4.008393483e-21
2.121060079e-21
8.560601677e-21
4.464021836e-21
8.316453568e-21
1.146554342e-20
4.182307457e-22
9.537517853e-22
9.258833131e-23
7.568931901e-22
8.016041223e-21
5.693827959e-21
2.040916995e-21
2.250850426e-23
2.184827711e-22
2.346867296e-20
5.948768189e-21
8.525792921e-21
1.151820935e-20
8.711863547e-21
6.568748036e-21
2.276569089e-21
2.714232514e-21
8.23949997e-21
5.356710062e-21
2.32944859e-21
3.334104629e-21
1.143893926e-22
1.915023604e-20
1.01395744e-21
4.369008902e-22
1.048725474e-22
2.053142755e-21
7.130611604e-21
8.534026176e-21
7.569005855e-21
2.335342323e-21
5.812708832e-22
8.273451822e-24
1.012491547e-20
2.333834336e-21
1.021916377e-21
9.019642772e-22
8.015407274e-21
2.082128163e-21
8.408710102e-21
1.07032047e-20
7.319107346e-21
8.158197622e-21
2.45858224e-21
4.135670263e-21
1.424240287e-20
2.203917242e-21
5.529671692e-21
1.109540607e-21
1.668225903e-21
5.408732619e-21
1.136621344e-21
1.031840133e-20
3.264511801e-21
1.904104464e-20
5.520184039e-21
9.956994438e-22
1.453250507e-20
3.73319627e-21
6.398249621e-22
2.027136491e-21
9.858571294e-21
8.035332176e-21
3.328769396e-21
3.365396891e-21
4.500084669e-21
2.466421588e-21
2.480380186e-21
8.068378425e-21
1.800159916e-21
8.811512686e-22
1.536518101e-21
2.12874736e-20
8.082258423e-21
8.973324065e-21
7.578018625e-21
2.269162961e-21
1.143608232e-20
1.00323723e-21
1.762627817e-21
2.609981211e-21
4.35668143e-21
1.883184338e-22
1.791795665e-21
1.231440924e-21
9.979987061e-22
6.019509089e-21
1.807179358e-21
1.067681863e-21
5.675716251e-21
1.08183717e-20
6.0448327e-21
1.472967212e-20
3.519011344e-21
1.0990273e-20
2.330685748e-21
1.113155583e-20
6.172771623e-21
4.571597107e-21
3.946062965e-22
3.252603434e-21
8.798996029e-21
1.576053721e-21
5.551567294e-21
2.837269969e-20
8.044758084e-21
1.261069145e-20
2.818148348e-21
5.28476394e-22
2.376483543e-21
1.036056589e-21
4.179154095e-21
1.209789184e-20
2.364206271e-22
4.805893917e-21
4.118078819e-21
9.684201882e-21
5.620023152e-23
1.568319393e-21
1.314053978e-22
6.127218967e-22
2.861003523e-21
8.79904936e-22
1.316937064e-21
5.809447276e-21
1.329096625e-21
6.041243006e-22
4.226061692e-21
1.46955323e-21
5.695820412e-21
6.945804314e-22
7.946474348e-22
3.013419827e-21
7.03004758e-21
4.946042501e-21
2.033579914e-21
3.380280212e-21
3.302411341e-22
7.252891337e-22
2.570478816e-21
1.503239581e-21
1.938406858e-21
3.763828355e-21
7.984480902e-22
1.169869337e-21
2.017302423e-21
2.040384882e-21
1.424087613e-21
1.18758572e-20
6.323577304e-22
4.487878058e-22
1.427571697e-21
9.925601398e-21
3.397419182e-21
3.111183012e-21
1.950865063e-21
8.047019171e-21
8.547608455e-21
5.28100405e-21
6.949461238e-22
1.781059282e-20
5.064731229e-21
1.724789303e-21
2.763374769e-23
2.249628593e-21
1.886163533e-21
1.095537103e-20
4.95934176e-21
3.659145051e-21
4.200098717e-21
9.704873185e-22
4.002724074e-21
2.50852725e-21
3.667658034e-21
2.440574823e-21
1.315239668e-20
4.387450205e-21
7.202070681e-22
8.776781768e-22
1.538673264e-21
1.777249421e-22
1.317946129e-21
1.127634036e-21
6.822122891e-22
3.704300787e-22
3.189038313e-22
3.509177339e-21
9.115380594e-21
9.229917072e-21
9.029740465e-21
1.101906255e-21
2.549825697e-21
1.910666823e-21
1.811069914e-21
1.327911376e-20
6.706853217e-21
3.744656209e-21
8.840329009e-22
1.69218202e-21
4.868012696e-22
3.099533543e-21
8.802658272e-22
4.288183759e-22
1.253980442e-21
3.802698958e-21
5.052300853e-21
2.657832454e-21
4.917096943e-22
9.649910057e-21
5.066905503e-21
2.248234965e-21
2.159401526e-21
1.195977312e-21
7.346546093e-21
6.390693798e-21
2.276449636e-20
7.323598048e-21
6.92659944e-21
1.718353856e-22
5.558745983e-22
1.192144617e-20
1.116748704e-21
7.083061135e-21
1.030435831e-20
7.536465447e-22
5.936031737e-21
5.33242753e-21
2.906545922e-21
2.070978176e-21
2.524697819e-21
5.736717892e-21
6.814355577e-21
7.913656883e-21
2.474148471e-21
3.217145882e-22
1.582877317e-22
2.176491338e-21
4.090364458e-21
1.681106259e-20
3.020758434e-21
5.753371737e-21
9.779220492e-21
2.504257183e-22
9.319343801e-21
1.425462742e-21
2.692408534e-22
2.095588324e-21
4.875042702e-21
2.71112689e-21
3.96887014e-22
7.522568621e-21
1.003704365e-20
1.610123784e-21
1.65671757e-21
3.248716975e-21
2.611181334e-21
6.998586342e-22
1.992984326e-21
1.503922959e-21
1.14221706e-21
5.492855606e-22
5.591302248e-22
6.785375549e-21
1.486562915e-21
5.942922582e-21
5.266336817e-21
1.012023415e-20
3.593186317e-21
1.644954764e-21
4.232482145e-21
1.732282353e-22
3.731009178e-21
3.246758827e-22
9.539813678e-21
6.810467229e-23
6.022341152e-22
9.554549706e-21
8.785409119e-21
3.872089165e-21
1.268806111e-22
5.847470516e-21
3.002969939e-21
3.026486739e-21
1.58055049e-21
6.307963963e-22
8.273669467e-21
1.300540431e-21
2.41124292e-21
7.034233023e-21
1.111632318e-21
9.212435874e-22
1.350480084e-20
4.255096837e-21
7.691514938e-21
3.908121141e-21
2.070553424e-21
9.195266474e-22
1.685696694e-21
4.783136521e-21
6.526087916e-21
7.575989915e-21
1.838430519e-21
1.836390871e-21
4.383824783e-21
2.027801377e-21
1.330479419e-21
7.570958995e-22
2.504494245e-21
8.92080182e-21
2.149454542e-22
1.310922784e-21
1.734044648e-21
4.661545335e-21
9.544467076e-22
7.534076973e-21
1.135068849e-22
5.664753268e-21
3.557343662e-22
3.262528295e-21
7.513526807e-21
5.327300784e-21
3.027534018e-22
7.347380834e-21
4.342794237e-21
9.245811466e-21
6.226384994e-22
4.524487937e-21
5.71219486e-21
1.502705751e-22
2.021987477e-23
3.440566033e-21
4.926734195e-21
1.754450139e-21
3.937903247e-22
6.341127493e-21
3.189010974e-21
7.750046374e-22
5.930132689e-22
4.417216899e-21
2.885516781e-21
2.789578587e-21
4.20053553e-21
7.557117084e-22
7.684163722e-22
2.325790508e-21
2.699276718e-21
5.462119528e-21
1.063333413e-20
7.37486544e-21
5.170851485e-21
3.606985705e-21
8.636468232e-21
1.964857554e-21
6.648624326e-21
3.845398127e-21
3.67412092e-21
1.379288219e-21
2.979578444e-22
1.661850109e-21
2.914154056e-21
9.441006493e-21
4.335264027e-21
1.140865292e-20
3.180261454e-21
4.037638389e-23
9.893050392e-21
3.174603488e-21
1.624755554e-20
7.45820026e-21
6.879664994e-21
2.853289213e-21
6.109872637e-21
9.15059335e-22
2.838873928e-21
1.715319515e-21
2.766917353e-21
4.039019991e-21
1.111637064e-20
6.777855411e-22
5.971751352e-21
3.657685622e-21
1.484150494e-20
4.122193093e-21
2.29858738e-21
1.746992668e-21
2.574941071e-22
8.870323049e-21
3.519024684e-21
1.022177204e-20
6.992184913e-21
1.486604365e-20
2.821368627e-21
9.458774942e-21
8.329264532e-21
2.455227175e-21
4.786442105e-21
3.284854463e-21
2.993489195e-21
2.660808415e-21
1.964937211e-21
1.704397717e-22
2.081057152e-21
5.345403104e-22
7.21450168e-21
1.727211547e-21
5.004964693e-21
6.72864946e-21
5.910837858e-21
2.392481668e-21
2.502217448e-22
6.933782619e-21
4.290594293e-21
4.803778891e-21
2.086179237e-21
5.181359696e-21
6.142833441e-21
6.413321989e-21
2.004417557e-21
1.093305254e-21
3.970884619e-22
4.511129708e-21
8.069650368e-21
6.773637127e-21
8.124718982e-21
2.049346609e-21
6.548956762e-21
1.634639319e-20
3.207555417e-21
4.147609357e-22
2.183113769e-21
1.252918871e-21
4.030926168e-22
3.231871768e-21
2.384249106e-20
1.801561849e-21
9.667288609e-22
8.881687311e-23
3.454334668e-21
5.293971379e-21
1.801553993e-21
6.680754181e-22
4.245896265e-22
1.871785024e-21
3.665305917e-21
2.690689122e-22
2.64436147e-21
1.298417661e-21
2.698920617e-21
8.739225443e-22
1.746931356e-21
2.77430107e-21
4.405413773e-21
6.760019719e-21
5.838802495e-22
6.721923947e-23
4.073679425e-21
5.309330446e-21
9.792873065e-21
1.563175061e-21
1.406802656e-20
2.391188389e-22
2.716919214e-22
1.040460864e-21
2.003107675e-21
1.160253279e-20
1.9015063e-21
3.727999014e-21
5.16526827e-22
1.038149178e-20
1.757413395e-21
2.405741709e-21
4.378565605e-22
1.799767166e-22
1.2360055e-21
1.241656503e-21
2.704197531e-21
1.226837171e-20
6.962697789e-22
4.506530346e-21
1.595257409e-21
3.163883389e-21
1.166195872e-21
1.240685646e-21
1.185334286e-22
2.438360024e-21
1.199117559e-20
1.117346245e-22
7.567730364e-21
9.78727293e-21
4.58366061e-22
4.905569018e-22
4.779517249e-21
1.549355658e-23
2.309742398e-21
1.018977376e-20
3.011848123e-22
2.502562181e-21
4.481830868e-21
2.947087339e-21
7.973469083e-21
9.512090547e-21
1.025212151e-21
5.952558488e-21
2.60515495e-21
1.850300866e-21
9.129646002e-21
1.120711852e-20
1.460967242e-20
5.605905167e-21
1.227844886e-20
8.660827363e-22
9.217743673e-21
2.306669545e-21
3.888855231e-21
7.286272876e-21
2.940474584e-21
4.627755312e-21
1.209164725e-21
3.186975355e-21
4.220811408e-23
6.393521721e-22
9.423612283e-22
3.822835139e-21
2.440053776e-21
1.795918015e-22
2.690304768e-21
1.251119028e-22
7.980057363e-22
7.23504951e-22
8.042246814e-21
2.300791255e-21
8.359238149e-22
3.120976357e-21
5.492416336e-21
5.937043397e-22
4.826339635e-21
4.223573458e-21
2.723428831e-21
9.760246043e-21
5.473581152e-22
5.593837986e-21
1.593530313e-20
4.700786291e-21
8.310660015e-21
4.990564678e-22
7.639573665e-21
1.596785789e-21
4.134837589e-21
3.962683066e-21
1.8205894e-21
1.007426252e-20
5.269738724e-21
1.253469089e-20
5.427805533e-21
1.153292391e-21
2.640735218e-21
5.58634466e-21
5.253387701e-21
1.435475742e-20
4.8589583e-21
2.642388265e-22
6.078986262e-21
9.151365139e-21
3.850630939e-21
2.058916862e-21
6.404040973e-22
9.42277693e-23
8.364246434e-22
1.177723352e-21
3.520474055e-21
3.750461573e-21
3.432187068e-22
6.263542979e-22
5.273278218e-21
7.8995581e-22
5.995899417e-21
1.448093618e-20
8.380200077e-22
7.343790615e-21
9.481302627e-22
3.226760829e-21
1.351518113e-20
3.38364238e-21
1.536494203e-22
5.407507556e-21
2.406572686e-21
2.359916702e-21
1.539651579e-22
5.219243918e-21
7.515116902e-22
1.748472055e-21
8.131200646e-21
2.001466326e-22
4.884420777e-21
5.735433091e-21
4.499456187e-21
1.883967279e-21
3.947795368e-21
1.358219218e-21
2.368219848e-21
4.22304325e-21
7.678526479e-21
6.921663098e-21
2.531366863e-21
7.034633865e-21
5.928987776e-22
1.302578802e-20
2.516297527e-22
7.307658258e-22
1.275868772e-21
3.158562238e-21
2.301372635e-21
3.095566332e-21
5.305959968e-21
2.02772404e-21
6.325699288e-23
6.398352117e-21
9.077455907e-22
2.03869143e-21
1.363380963e-21
3.394858193e-21
1.753379223e-21
3.304196605e-21
4.756835295e-21
4.836368508e-21
1.032631987e-21
2.484991114e-21
1.459329819e-20
6.449520297e-21
3.049385963e-21
6.334890327e-21
1.484337009e-21
7.417253424e-21
4.046554847e-21
5.225989794e-21
3.59349134e-22
1.117470415e-20
2.567090335e-22
1.012424025e-20
8.737422423e-22
1.242750471e-20
1.073489126e-20
3.349052268e-22
1.955216708e-21
3.043946155e-21
3.58560586e-22
5.068975325e-21
8.4620659e-21
3.061642324e-21
1.479075755e-21
1.3427633e-21
6.129104275e-21
1.481932606e-21
2.849364288e-22
7.545943077e-21
9.141594896e-21
1.959985823e-21
8.873324789e-22
1.134120328e-21
1.06658945e-20
1.297483578e-21
1.394467936e-21
3.16986465e-21
1.243899805e-20
2.643606619e-21
1.198518574e-21
1.954273039e-21
2.054502015e-22
1.04337432e-20
6.202941153e-22
2.261826567e-21
6.677572343e-22
5.766335274e-21
5.817078488e-22
6.632379356e-22
1.128772533e-20
5.597132882e-21
5.943543188e-22
1.335077806e-21
8.734662847e-21
1.765216004e-21
1.463167287e-20
2.636797221e-21
1.474011365e-21
1.499030352e-21
4.59726864e-21
6.715949493e-21
3.036215823e-21
1.452351893e-20
6.3770485e-21
2.390846093e-21
5.348114596e-22
3.227498917e-21
3.611575861e-22
8.538354004e-21
1.678129611e-21
1.465975588e-21
1.935349887e-22
5.85013485e-21
4.727420361e-21
1.360588021e-20
3.740230644e-22
5.782675058e-22
1.811760631e-21
1.217835436e-20
2.086942332e-21
5.261616481e-21
7.800653495e-21
1.635604834e-20
4.168091691e-21
4.319443617e-21
2.009867818e-21
6.052278642e-21
3.768888985e-21
1.70235596e-21
4.71293287e-22
6.498113302e-22
5.379011354e-22
1.993630004e-21
5.229880055e-21
8.530439921e-22
2.877996256e-22
9.775606125e-21
6.995807147e-21
5.728769508e-21
1.07421462e-22
3.095160017e-21
8.177893693e-21
9.137094276e-22
1.921203792e-22
3.238924784e-22
3.215974202e-21
1.220065135e-21
1.409463201e-21
6.498857213e-21
2.238171083e-21
2.547316725e-20
1.664116817e-21
1.236157205e-20
5.241233931e-22
6.332660626e-21
4.074056664e-21
8.283026171e-21
4.062647892e-22
7.601564648e-21
1.860237828e-22
1.125090038e-22
5.889865928e-21
4.500063765e-22
7.213218929e-23
5.921864416e-21
4.724108499e-22
4.968023962e-21
8.833924433e-21
5.635526288e-21
6.726084093e-21
9.189513512e-21
3.171935436e-22
1.225830735e-20
2.026715471e-20
6.540525472e-22
1.474824691e-21
1.294222071e-20
5.408238264e-22
2.592231617e-21
1.294096846e-21
1.206855609e-21
1.913236066e-20
2.581616029e-22
1.026698913e-21
2.969945962e-21
5.446150001e-21
6.4774231e-22
1.077699042e-20
4.57704002e-22
8.719946497e-21
9.774760741e-21
5.130556814e-21
4.475391559e-21
9.037012235e-21
1.841873732e-21
4.662582298e-21
3.516487922e-21
2.553499575e-21
1.103556317e-21
1.05417587e-21
7.933180354e-21
7.38449982e-21
1.425401061e-21
4.117634367e-22
2.829376671e-21
1.090949046e-21
4.840145226e-21
2.668744564e-23
5.91101369e-23
2.858628533e-21
2.05301146e-21
1.370297075e-21
3.660923686e-21
6.032827229e-21
6.402843257e-21
7.61383891e-21
1.956103264e-21
5.170975696e-21
2.275815595e-20
5.803158897e-21
9.149634223e-22
4.56619304e-21
1.769713474e-21
6.38567704e-22
3.359058242e-21
9.868832814e-21
9.732303149e-22
1.927456643e-21
2.389034184e-22
5.01522911e-21
8.188624489e-21
4.830511755e-22
9.013926222e-23
4.526062681e-21
6.929111552e-22
9.816363879e-21
1.242181729e-21
4.473446853e-21
7.876014122e-21
1.817551327e-21
2.082881693e-20
2.944368072e-21
5.57376536e-21
9.494543856e-22
1.63360021e-20
1.469186867e-21
1.22643039e-21
8.970469186e-23
1.424042079e-21
3.884424632e-21
2.99782103e-21
5.393493652e-21
3.811659106e-22
6.872404189e-21
7.742320593e-21
5.755380229e-22
3.147343266e-22
4.126841669e-21
5.111203376e-21
1.558995233e-21
1.10136785e-20
1.875819102e-21
9.129355494e-22
1.168330768e-21
4.06566733e-21
1.792646901e-21
2.177485211e-21
1.193125527e-20
3.396475417e-21
4.388197393e-21
1.000912617e-21
4.271882547e-22
2.651669941e-21
4.217692614e-21
7.29948581e-21
1.440854324e-20
3.128929199e-21
4.404933652e-21
7.743677424e-21
4.480421102e-22
7.510368488e-22
2.852510937e-21
1.097043243e-20
8.545228874e-22
5.010245209e-23
4.765564537e-21
1.415581337e-22
1.634778152e-21
4.604384626e-21
7.121330436e-21
9.07550049e-21
1.687023414e-20
1.393853446e-21
1.666295202e-21
3.118580044e-21
9.169707852e-21
2.230603123e-21
2.51541463e-22
2.03420304e-21
3.759670244e-21
7.640455165e-21
2.446366895e-21
4.644968429e-21
7.906394536e-22
1.96919444e-20
2.598607635e-21
6.182780601e-22
3.898119167e-21
1.571021741e-21
1.818380476e-21
2.725131266e-22
5.556441412e-21
2.507969727e-21
6.262102522e-21
1.11550808e-21
1.312518431e-20
3.50180042e-21
4.22042162e-21
1.301551637e-20
2.978319957e-22
1.799877679e-21
1.351692811e-21
3.989242276e-21
3.480308895e-22
4.175315812e-22
4.344868695e-21
2.858031926e-22
1.107673054e-21
4.177242722e-21
1.973531464e-21
4.95870851e-21
2.661680065e-21
3.218985043e-21
5.996222684e-21
1.561034766e-20
1.631773065e-20
2.870742054e-21
2.622050071e-21
3.60281625e-21
1.951132548e-21
6.672250112e-21
2.973062184e-21
5.331777428e-21
2.235406535e-21
6.086003001e-21
4.054288782e-22
6.385350188e-21
1.55090631e-21
2.193007451e-21
2.061838714e-21
6.13687679e-21
5.182304698e-21
1.295968345e-21
9.698802419e-21
8.599785541e-21
1.789737065e-21
1.704312009e-21
7.887010468e-22
3.513441415e-21
1.321237389e-21
8.288453666e-21
3.993057526e-21
4.415698059e-22
4.268007877e-21
3.982641651e-21
3.156520289e-21
1.177033674e-21
2.323522336e-21
3.590403695e-21
8.53363654e-21
3.222878194e-21
9.037132743e-22
7.774649658e-21
)


// ************************************************************************* //
