/*--------------------------------*- C++ -*----------------------------------*\
| =========                 |                                                 |
| \\      /  F ield         | OpenFOAM: The Open Source CFD Toolbox           |
|  \\    /   O peration     | Version:  2406                                  |
|   \\  /    A nd           | Website:  www.openfoam.com                      |
|    \\/     M anipulation  |                                                 |
\*---------------------------------------------------------------------------*/
FoamFile
{
    version     2.0;
    format      ascii;
    arch        "LSB;label=32;scalar=64";
    class       volScalarField;
    location    "0.001";
    object      dsmcRhoN;
}
// * * * * * * * * * * * * * * * * * * * * * * * * * * * * * * * * * * * * * //

dimensions      [0 -3 0 0 0 0 0];

internalField   nonuniform List<scalar> 
654
(
15
12
14
13
13
18
10
16
12
15
19
18
26
12
10
16
21
13
11
10
16
11
20
17
16
20
20
18
18
17
11
17
20
11
5
8
5
9
18
7
14
6
14
12
5
19
13
11
17
26
24
12
14
14
15
9
8
6
17
10
8
8
6
9
11
12
6
11
14
10
12
4
11
14
13
20
19
15
18
15
15
15
17
10
17
11
7
8
6
7
5
8
6
16
7
6
13
12
8
13
10
7
7
12
13
11
7
7
11
21
15
20
19
13
7
6
7
13
10
6
12
3
8
5
5
6
18
12
10
11
7
8
9
6
8
9
12
11
11
19
12
27
20
22
10
13
13
5
9
7
13
4
6
8
12
9
14
5
11
16
3
9
15
11
10
11
15
14
12
15
24
8
11
10
9
7
5
7
9
5
12
8
13
10
3
9
10
7
13
7
9
12
10
7
9
10
11
12
13
14
15
14
12
12
13
12
8
11
6
10
6
8
10
4
9
8
9
14
10
7
10
4
18
11
8
8
10
6
10
9
12
15
11
19
4
5
12
7
14
14
8
7
12
11
4
8
8
6
11
10
16
10
10
10
11
7
11
4
11
14
10
11
8
12
8
10
10
11
7
10
8
11
10
7
7
7
10
9
9
7
9
9
13
13
3
5
10
13
9
4
6
10
11
15
15
7
9
8
7
10
11
10
9
3
10
9
7
5
5
13
10
9
4
10
6
14
6
6
10
5
9
9
15
9
14
6
7
1
4
3
8
14
8
8
7
9
6
7
6
11
8
9
10
5
10
7
9
7
8
5
10
11
10
13
10
12
8
11
15
7
13
7
6
9
11
5
9
2
6
9
10
8
13
6
8
10
5
5
5
6
9
6
3
9
9
11
13
9
12
1
15
12
8
11
8
8
7
4
10
5
8
11
7
4
12
6
6
8
7
8
9
6
8
9
12
8
5
6
6
8
6
7
11
13
9
6
7
10
6
4
14
13
9
6
7
10
11
6
6
13
6
8
10
7
7
8
12
8
7
11
12
13
6
13
3
14
14
8
6
10
7
7
10
3
10
6
5
12
13
9
5
13
5
7
10
6
13
6
9
7
9
9
8
13
11
4
7
4
11
3
7
9
6
7
7
11
6
11
9
1
10
4
16
9
5
10
14
13
14
15
8
8
9
3
8
9
12
11
11
5
6
7
11
7
11
7
5
8
6
10
7
6
7
14
12
7
7
11
9
3
6
10
11
6
4
7
12
8
6
4
2
10
6
11
7
5
6
7
6
6
6
7
7
3
9
8
6
11
9
13
8
5
14
6
6
8
12
7
8
9
8
4
5
13
9
3
8
12
7
4
10
6
7
6
5
7
5
6
5
7
7
11
11
9
9
10
7
8
13
7
12
8
7
4
7
10
10
6
9
4
8
19
10
6
5
9
13
8
6
13
5
10
10
11
5
6
11
9
9
4
8
6
7
8
6
8
9
8
12
3
4
6
4
6
)
;

boundaryField
{
    flow
    {
        type            zeroGradient;
    }
    obstacle
    {
        type            zeroGradient;
    }
    frontAndBack
    {
        type            empty;
    }
    procBoundary3to1
    {
        type            processor;
        value           nonuniform List<scalar> 
36
(
18
24
25
12
16
16
12
15
17
17
21
21
21
7
16
16
15
26
26
6
7
5
7
8
12
12
14
14
10
8
7
20
13
13
4
4
)
;
    }
    procBoundary3to2
    {
        type            processor;
        value           nonuniform List<scalar> 
19
(
6
12
11
7
10
10
5
8
9
11
10
9
5
9
8
16
5
10
13
)
;
    }
}


// ************************************************************************* //
