/*--------------------------------*- C++ -*----------------------------------*\
| =========                 |                                                 |
| \\      /  F ield         | OpenFOAM: The Open Source CFD Toolbox           |
|  \\    /   O peration     | Version:  2406                                  |
|   \\  /    A nd           | Website:  www.openfoam.com                      |
|    \\/     M anipulation  |                                                 |
\*---------------------------------------------------------------------------*/
FoamFile
{
    version     2.0;
    format      ascii;
    arch        "LSB;label=32;scalar=64";
    class       volScalarField;
    location    "0.004";
    object      dsmcRhoN;
}
// * * * * * * * * * * * * * * * * * * * * * * * * * * * * * * * * * * * * * //

dimensions      [0 -3 0 0 0 0 0];

internalField   nonuniform List<scalar> 
546
(
8
8
15
8
9
16
12
12
8
13
14
8
8
11
11
9
9
11
13
6
7
9
12
6
8
11
10
9
10
9
8
9
16
14
19
13
10
11
10
6
7
8
11
8
8
8
7
5
6
9
14
17
10
14
14
9
12
8
5
15
6
10
11
12
6
6
15
13
8
10
12
11
8
12
9
10
8
13
13
19
7
8
11
6
13
12
8
12
6
5
11
13
9
10
9
5
6
4
12
14
8
12
8
9
4
10
11
6
14
5
10
4
14
13
9
3
10
5
13
7
6
13
8
9
11
10
13
14
10
13
11
6
6
8
10
7
12
12
9
6
6
5
16
14
10
10
5
12
9
7
6
11
7
11
8
8
9
10
9
14
6
14
8
12
6
9
14
11
13
7
9
9
14
8
8
8
12
3
9
12
9
6
8
9
11
13
11
8
9
6
4
5
11
7
8
9
13
7
12
5
10
9
17
5
8
9
10
4
8
13
7
15
10
11
11
14
12
14
3
7
9
6
9
5
15
9
7
7
8
9
7
8
14
8
12
16
11
8
6
16
11
8
12
11
10
6
8
12
7
10
6
11
11
11
10
11
11
14
8
13
7
9
7
11
11
12
17
11
11
6
7
13
11
12
11
12
14
5
10
4
8
8
11
4
5
12
11
9
8
10
12
9
7
2
16
5
11
11
13
7
8
10
12
11
8
12
8
10
6
10
11
11
6
10
5
8
6
8
13
14
7
12
8
11
10
4
9
12
10
11
8
13
11
9
12
10
9
5
9
7
6
8
10
11
9
5
8
8
5
10
14
8
11
10
11
12
11
10
8
9
3
10
6
6
4
10
6
9
6
9
17
10
6
6
16
3
15
16
8
6
8
16
10
12
8
8
8
10
10
11
7
8
4
8
8
7
11
15
12
6
9
7
7
9
6
10
10
7
7
7
11
8
9
10
5
6
11
8
9
7
7
6
8
11
11
5
10
9
6
4
19
4
8
9
8
7
9
5
9
8
9
6
11
10
10
6
11
9
9
10
9
11
8
7
9
13
6
8
8
7
11
7
7
7
7
8
13
11
9
3
10
9
9
9
9
6
10
13
5
8
7
10
10
9
9
11
6
14
13
7
10
9
6
13
12
9
8
10
11
17
10
6
7
10
12
7
8
11
10
12
9
10
6
11
6
9
8
8
10
13
7
11
8
16
5
8
10
5
11
11
9
9
14
12
8
6
10
11
13
5
7
13
9
13
9
7
)
;

boundaryField
{
    flow
    {
        type            zeroGradient;
    }
    obstacle
    {
        type            zeroGradient;
    }
    frontAndBack
    {
        type            empty;
    }
    procBoundary2to0
    {
        type            processor;
        value           nonuniform List<scalar> 
31
(
8
4
9
11
11
8
8
8
8
7
9
15
10
7
2
12
11
13
14
11
5
13
8
12
10
8
8
12
8
9
9
)
;
    }
    procBoundary2to3
    {
        type            processor;
        value           nonuniform List<scalar> 
19
(
6
9
13
13
9
10
9
10
10
7
8
11
6
8
14
14
4
11
13
)
;
    }
}


// ************************************************************************* //
