/*--------------------------------*- C++ -*----------------------------------*\
| =========                 |                                                 |
| \\      /  F ield         | OpenFOAM: The Open Source CFD Toolbox           |
|  \\    /   O peration     | Version:  2406                                  |
|   \\  /    A nd           | Website:  www.openfoam.com                      |
|    \\/     M anipulation  |                                                 |
\*---------------------------------------------------------------------------*/
FoamFile
{
    version     2.0;
    format      ascii;
    arch        "LSB;label=32;scalar=64";
    class       vectorField;
    location    "constant/polyMesh";
    object      points;
}
// * * * * * * * * * * * * * * * * * * * * * * * * * * * * * * * * * * * * * //


1196
(
(0.0762 0.02041772846 -0.0042)
(0.08382 0.02245950131 -0.0042)
(0.09144 0.02450127416 -0.0042)
(0.09906 0.026543047 -0.0042)
(0.10668 0.02858481985 -0.0042)
(0.1143 0.03062659269 -0.0042)
(0.12192 0.03266836554 -0.0042)
(0.12954 0.03471013839 -0.0042)
(0.13716 0.03675191123 -0.0042)
(0.14478 0.03879368408 -0.0042)
(0.1524 0.04083545693 -0.0042)
(0.16002 0.04287722977 -0.0042)
(0.16764 0.04491900262 -0.0042)
(0.17526 0.04696077547 -0.0042)
(0.18288 0.04900254831 -0.0042)
(0.1905 0.05104432116 -0.0042)
(0.19812 0.053086094 -0.0042)
(0.20574 0.05512786685 -0.0042)
(0.21336 0.0571696397 -0.0042)
(0.22098 0.05921141254 -0.0042)
(0.2286 0.06125318539 -0.0042)
(0.23622 0.06329495824 -0.0042)
(0.24384 0.06533673108 -0.0042)
(0.25146 0.06737850393 -0.0042)
(0.25908 0.06942027678 -0.0042)
(0.2667 0.07146204962 -0.0042)
(0.27432 0.07350382247 -0.0042)
(0.28194 0.07554559531 -0.0042)
(0.28956 0.07758736816 -0.0042)
(0.29718 0.07962914101 -0.0042)
(0.3048 0.08167091385 -0.0042)
(0.0762 0.02740728525 -0.0042)
(0.08382 0.02939801378 -0.0042)
(0.09144 0.0313887423 -0.0042)
(0.09906 0.03337947083 -0.0042)
(0.10668 0.03537019935 -0.0042)
(0.1143 0.03736092788 -0.0042)
(0.12192 0.0393516564 -0.0042)
(0.12954 0.04134238493 -0.0042)
(0.13716 0.04333311345 -0.0042)
(0.14478 0.04532384198 -0.0042)
(0.1524 0.0473145705 -0.0042)
(0.16002 0.04930529903 -0.0042)
(0.16764 0.05129602755 -0.0042)
(0.17526 0.05328675608 -0.0042)
(0.18288 0.0552774846 -0.0042)
(0.1905 0.05726821313 -0.0042)
(0.19812 0.05925894165 -0.0042)
(0.20574 0.06124967018 -0.0042)
(0.21336 0.0632403987 -0.0042)
(0.22098 0.06523112723 -0.0042)
(0.2286 0.06722185576 -0.0042)
(0.23622 0.06921258428 -0.0042)
(0.24384 0.07120331281 -0.0042)
(0.25146 0.07319404133 -0.0042)
(0.25908 0.07518476986 -0.0042)
(0.2667 0.07717549838 -0.0042)
(0.27432 0.07916622691 -0.0042)
(0.28194 0.08115695543 -0.0042)
(0.28956 0.08314768396 -0.0042)
(0.29718 0.08513841248 -0.0042)
(0.3048 0.08712914101 -0.0042)
(0.0762 0.03439684204 -0.0042)
(0.08382 0.03633652624 -0.0042)
(0.09144 0.03827621045 -0.0042)
(0.09906 0.04021589465 -0.0042)
(0.10668 0.04215557886 -0.0042)
(0.1143 0.04409526306 -0.0042)
(0.12192 0.04603494726 -0.0042)
(0.12954 0.04797463147 -0.0042)
(0.13716 0.04991431567 -0.0042)
(0.14478 0.05185399988 -0.0042)
(0.1524 0.05379368408 -0.0042)
(0.16002 0.05573336828 -0.0042)
(0.16764 0.05767305249 -0.0042)
(0.17526 0.05961273669 -0.0042)
(0.18288 0.0615524209 -0.0042)
(0.1905 0.0634921051 -0.0042)
(0.19812 0.0654317893 -0.0042)
(0.20574 0.06737147351 -0.0042)
(0.21336 0.06931115771 -0.0042)
(0.22098 0.07125084192 -0.0042)
(0.2286 0.07319052612 -0.0042)
(0.23622 0.07513021032 -0.0042)
(0.24384 0.07706989453 -0.0042)
(0.25146 0.07900957873 -0.0042)
(0.25908 0.08094926294 -0.0042)
(0.2667 0.08288894714 -0.0042)
(0.27432 0.08482863134 -0.0042)
(0.28194 0.08676831555 -0.0042)
(0.28956 0.08870799975 -0.0042)
(0.29718 0.09064768396 -0.0042)
(0.3048 0.09258736816 -0.0042)
(0.0762 0.04138639883 -0.0042)
(0.08382 0.04327503871 -0.0042)
(0.09144 0.04516367859 -0.0042)
(0.09906 0.04705231848 -0.0042)
(0.10668 0.04894095836 -0.0042)
(0.1143 0.05082959824 -0.0042)
(0.12192 0.05271823813 -0.0042)
(0.12954 0.05460687801 -0.0042)
(0.13716 0.05649551789 -0.0042)
(0.14478 0.05838415777 -0.0042)
(0.1524 0.06027279766 -0.0042)
(0.16002 0.06216143754 -0.0042)
(0.16764 0.06405007742 -0.0042)
(0.17526 0.06593871731 -0.0042)
(0.18288 0.06782735719 -0.0042)
(0.1905 0.06971599707 -0.0042)
(0.19812 0.07160463695 -0.0042)
(0.20574 0.07349327684 -0.0042)
(0.21336 0.07538191672 -0.0042)
(0.22098 0.0772705566 -0.0042)
(0.2286 0.07915919649 -0.0042)
(0.23622 0.08104783637 -0.0042)
(0.24384 0.08293647625 -0.0042)
(0.25146 0.08482511613 -0.0042)
(0.25908 0.08671375602 -0.0042)
(0.2667 0.0886023959 -0.0042)
(0.27432 0.09049103578 -0.0042)
(0.28194 0.09237967567 -0.0042)
(0.28956 0.09426831555 -0.0042)
(0.29718 0.09615695543 -0.0042)
(0.3048 0.09804559531 -0.0042)
(0.0762 0.04837595562 -0.0042)
(0.08382 0.05021355118 -0.0042)
(0.09144 0.05205114674 -0.0042)
(0.09906 0.0538887423 -0.0042)
(0.10668 0.05572633786 -0.0042)
(0.1143 0.05756393343 -0.0042)
(0.12192 0.05940152899 -0.0042)
(0.12954 0.06123912455 -0.0042)
(0.13716 0.06307672011 -0.0042)
(0.14478 0.06491431567 -0.0042)
(0.1524 0.06675191123 -0.0042)
(0.16002 0.0685895068 -0.0042)
(0.16764 0.07042710236 -0.0042)
(0.17526 0.07226469792 -0.0042)
(0.18288 0.07410229348 -0.0042)
(0.1905 0.07593988904 -0.0042)
(0.19812 0.0777774846 -0.0042)
(0.20574 0.07961508017 -0.0042)
(0.21336 0.08145267573 -0.0042)
(0.22098 0.08329027129 -0.0042)
(0.2286 0.08512786685 -0.0042)
(0.23622 0.08696546241 -0.0042)
(0.24384 0.08880305797 -0.0042)
(0.25146 0.09064065354 -0.0042)
(0.25908 0.0924782491 -0.0042)
(0.2667 0.09431584466 -0.0042)
(0.27432 0.09615344022 -0.0042)
(0.28194 0.09799103578 -0.0042)
(0.28956 0.09982863134 -0.0042)
(0.29718 0.1016662269 -0.0042)
(0.3048 0.1035038225 -0.0042)
(0.0762 0.05536551241 -0.0042)
(0.08382 0.05715206365 -0.0042)
(0.09144 0.05893861489 -0.0042)
(0.09906 0.06072516613 -0.0042)
(0.10668 0.06251171737 -0.0042)
(0.1143 0.06429826861 -0.0042)
(0.12192 0.06608481985 -0.0042)
(0.12954 0.06787137109 -0.0042)
(0.13716 0.06965792233 -0.0042)
(0.14478 0.07144447357 -0.0042)
(0.1524 0.07323102481 -0.0042)
(0.16002 0.07501757605 -0.0042)
(0.16764 0.07680412729 -0.0042)
(0.17526 0.07859067853 -0.0042)
(0.18288 0.08037722977 -0.0042)
(0.1905 0.08216378101 -0.0042)
(0.19812 0.08395033225 -0.0042)
(0.20574 0.08573688349 -0.0042)
(0.21336 0.08752343473 -0.0042)
(0.22098 0.08930998598 -0.0042)
(0.2286 0.09109653722 -0.0042)
(0.23622 0.09288308846 -0.0042)
(0.24384 0.0946696397 -0.0042)
(0.25146 0.09645619094 -0.0042)
(0.25908 0.09824274218 -0.0042)
(0.2667 0.1000292934 -0.0042)
(0.27432 0.1018158447 -0.0042)
(0.28194 0.1036023959 -0.0042)
(0.28956 0.1053889471 -0.0042)
(0.29718 0.1071754984 -0.0042)
(0.3048 0.1089620496 -0.0042)
(0.0762 0.06235506919 -0.0042)
(0.08382 0.06409057611 -0.0042)
(0.09144 0.06582608303 -0.0042)
(0.09906 0.06756158995 -0.0042)
(0.10668 0.06929709687 -0.0042)
(0.1143 0.07103260379 -0.0042)
(0.12192 0.07276811071 -0.0042)
(0.12954 0.07450361763 -0.0042)
(0.13716 0.07623912455 -0.0042)
(0.14478 0.07797463147 -0.0042)
(0.1524 0.07971013839 -0.0042)
(0.16002 0.08144564531 -0.0042)
(0.16764 0.08318115223 -0.0042)
(0.17526 0.08491665915 -0.0042)
(0.18288 0.08665216607 -0.0042)
(0.1905 0.08838767298 -0.0042)
(0.19812 0.0901231799 -0.0042)
(0.20574 0.09185868682 -0.0042)
(0.21336 0.09359419374 -0.0042)
(0.22098 0.09532970066 -0.0042)
(0.2286 0.09706520758 -0.0042)
(0.23622 0.0988007145 -0.0042)
(0.24384 0.1005362214 -0.0042)
(0.25146 0.1022717283 -0.0042)
(0.25908 0.1040072353 -0.0042)
(0.2667 0.1057427422 -0.0042)
(0.27432 0.1074782491 -0.0042)
(0.28194 0.109213756 -0.0042)
(0.28956 0.1109492629 -0.0042)
(0.29718 0.1126847699 -0.0042)
(0.3048 0.1144202768 -0.0042)
(0.0762 0.06934462598 -0.0042)
(0.08382 0.07102908858 -0.0042)
(0.09144 0.07271355118 -0.0042)
(0.09906 0.07439801378 -0.0042)
(0.10668 0.07608247638 -0.0042)
(0.1143 0.07776693897 -0.0042)
(0.12192 0.07945140157 -0.0042)
(0.12954 0.08113586417 -0.0042)
(0.13716 0.08282032677 -0.0042)
(0.14478 0.08450478937 -0.0042)
(0.1524 0.08618925196 -0.0042)
(0.16002 0.08787371456 -0.0042)
(0.16764 0.08955817716 -0.0042)
(0.17526 0.09124263976 -0.0042)
(0.18288 0.09292710236 -0.0042)
(0.1905 0.09461156496 -0.0042)
(0.19812 0.09629602755 -0.0042)
(0.20574 0.09798049015 -0.0042)
(0.21336 0.09966495275 -0.0042)
(0.22098 0.1013494153 -0.0042)
(0.2286 0.1030338779 -0.0042)
(0.23622 0.1047183405 -0.0042)
(0.24384 0.1064028031 -0.0042)
(0.25146 0.1080872657 -0.0042)
(0.25908 0.1097717283 -0.0042)
(0.2667 0.1114561909 -0.0042)
(0.27432 0.1131406535 -0.0042)
(0.28194 0.1148251161 -0.0042)
(0.28956 0.1165095787 -0.0042)
(0.29718 0.1181940413 -0.0042)
(0.3048 0.1198785039 -0.0042)
(0.0762 0.07633418277 -0.0042)
(0.08382 0.07796760105 -0.0042)
(0.09144 0.07960101932 -0.0042)
(0.09906 0.0812344376 -0.0042)
(0.10668 0.08286785588 -0.0042)
(0.1143 0.08450127416 -0.0042)
(0.12192 0.08613469243 -0.0042)
(0.12954 0.08776811071 -0.0042)
(0.13716 0.08940152899 -0.0042)
(0.14478 0.09103494726 -0.0042)
(0.1524 0.09266836554 -0.0042)
(0.16002 0.09430178382 -0.0042)
(0.16764 0.0959352021 -0.0042)
(0.17526 0.09756862037 -0.0042)
(0.18288 0.09920203865 -0.0042)
(0.1905 0.1008354569 -0.0042)
(0.19812 0.1024688752 -0.0042)
(0.20574 0.1041022935 -0.0042)
(0.21336 0.1057357118 -0.0042)
(0.22098 0.10736913 -0.0042)
(0.2286 0.1090025483 -0.0042)
(0.23622 0.1106359666 -0.0042)
(0.24384 0.1122693849 -0.0042)
(0.25146 0.1139028031 -0.0042)
(0.25908 0.1155362214 -0.0042)
(0.2667 0.1171696397 -0.0042)
(0.27432 0.118803058 -0.0042)
(0.28194 0.1204364763 -0.0042)
(0.28956 0.1220698945 -0.0042)
(0.29718 0.1237033128 -0.0042)
(0.3048 0.1253367311 -0.0042)
(0.0762 0.08332373956 -0.0042)
(0.08382 0.08490611351 -0.0042)
(0.09144 0.08648848747 -0.0042)
(0.09906 0.08807086143 -0.0042)
(0.10668 0.08965323538 -0.0042)
(0.1143 0.09123560934 -0.0042)
(0.12192 0.09281798329 -0.0042)
(0.12954 0.09440035725 -0.0042)
(0.13716 0.09598273121 -0.0042)
(0.14478 0.09756510516 -0.0042)
(0.1524 0.09914747912 -0.0042)
(0.16002 0.1007298531 -0.0042)
(0.16764 0.102312227 -0.0042)
(0.17526 0.103894601 -0.0042)
(0.18288 0.1054769749 -0.0042)
(0.1905 0.1070593489 -0.0042)
(0.19812 0.1086417229 -0.0042)
(0.20574 0.1102240968 -0.0042)
(0.21336 0.1118064708 -0.0042)
(0.22098 0.1133888447 -0.0042)
(0.2286 0.1149712187 -0.0042)
(0.23622 0.1165535926 -0.0042)
(0.24384 0.1181359666 -0.0042)
(0.25146 0.1197183405 -0.0042)
(0.25908 0.1213007145 -0.0042)
(0.2667 0.1228830885 -0.0042)
(0.27432 0.1244654624 -0.0042)
(0.28194 0.1260478364 -0.0042)
(0.28956 0.1276302103 -0.0042)
(0.29718 0.1292125843 -0.0042)
(0.3048 0.1307949582 -0.0042)
(0.0762 0.09031329635 -0.0042)
(0.08382 0.09184462598 -0.0042)
(0.09144 0.09337595562 -0.0042)
(0.09906 0.09490728525 -0.0042)
(0.10668 0.09643861489 -0.0042)
(0.1143 0.09796994452 -0.0042)
(0.12192 0.09950127416 -0.0042)
(0.12954 0.1010326038 -0.0042)
(0.13716 0.1025639334 -0.0042)
(0.14478 0.1040952631 -0.0042)
(0.1524 0.1056265927 -0.0042)
(0.16002 0.1071579223 -0.0042)
(0.16764 0.108689252 -0.0042)
(0.17526 0.1102205816 -0.0042)
(0.18288 0.1117519112 -0.0042)
(0.1905 0.1132832409 -0.0042)
(0.19812 0.1148145705 -0.0042)
(0.20574 0.1163459001 -0.0042)
(0.21336 0.1178772298 -0.0042)
(0.22098 0.1194085594 -0.0042)
(0.2286 0.120939889 -0.0042)
(0.23622 0.1224712187 -0.0042)
(0.24384 0.1240025483 -0.0042)
(0.25146 0.1255338779 -0.0042)
(0.25908 0.1270652076 -0.0042)
(0.2667 0.1285965372 -0.0042)
(0.27432 0.1301278669 -0.0042)
(0.28194 0.1316591965 -0.0042)
(0.28956 0.1331905261 -0.0042)
(0.29718 0.1347218558 -0.0042)
(0.3048 0.1362531854 -0.0042)
(0.0762 0.09730285314 -0.0042)
(0.08382 0.09878313845 -0.0042)
(0.09144 0.1002634238 -0.0042)
(0.09906 0.1017437091 -0.0042)
(0.10668 0.1032239944 -0.0042)
(0.1143 0.1047042797 -0.0042)
(0.12192 0.106184565 -0.0042)
(0.12954 0.1076648503 -0.0042)
(0.13716 0.1091451356 -0.0042)
(0.14478 0.110625421 -0.0042)
(0.1524 0.1121057063 -0.0042)
(0.16002 0.1135859916 -0.0042)
(0.16764 0.1150662769 -0.0042)
(0.17526 0.1165465622 -0.0042)
(0.18288 0.1180268475 -0.0042)
(0.1905 0.1195071328 -0.0042)
(0.19812 0.1209874182 -0.0042)
(0.20574 0.1224677035 -0.0042)
(0.21336 0.1239479888 -0.0042)
(0.22098 0.1254282741 -0.0042)
(0.2286 0.1269085594 -0.0042)
(0.23622 0.1283888447 -0.0042)
(0.24384 0.12986913 -0.0042)
(0.25146 0.1313494153 -0.0042)
(0.25908 0.1328297007 -0.0042)
(0.2667 0.134309986 -0.0042)
(0.27432 0.1357902713 -0.0042)
(0.28194 0.1372705566 -0.0042)
(0.28956 0.1387508419 -0.0042)
(0.29718 0.1402311272 -0.0042)
(0.3048 0.1417114125 -0.0042)
(0.0762 0.1042924099 -0.0042)
(0.08382 0.1057216509 -0.0042)
(0.09144 0.1071508919 -0.0042)
(0.09906 0.1085801329 -0.0042)
(0.10668 0.1100093739 -0.0042)
(0.1143 0.1114386149 -0.0042)
(0.12192 0.1128678559 -0.0042)
(0.12954 0.1142970969 -0.0042)
(0.13716 0.1157263379 -0.0042)
(0.14478 0.1171555789 -0.0042)
(0.1524 0.1185848198 -0.0042)
(0.16002 0.1200140608 -0.0042)
(0.16764 0.1214433018 -0.0042)
(0.17526 0.1228725428 -0.0042)
(0.18288 0.1243017838 -0.0042)
(0.1905 0.1257310248 -0.0042)
(0.19812 0.1271602658 -0.0042)
(0.20574 0.1285895068 -0.0042)
(0.21336 0.1300187478 -0.0042)
(0.22098 0.1314479888 -0.0042)
(0.2286 0.1328772298 -0.0042)
(0.23622 0.1343064708 -0.0042)
(0.24384 0.1357357118 -0.0042)
(0.25146 0.1371649528 -0.0042)
(0.25908 0.1385941937 -0.0042)
(0.2667 0.1400234347 -0.0042)
(0.27432 0.1414526757 -0.0042)
(0.28194 0.1428819167 -0.0042)
(0.28956 0.1443111577 -0.0042)
(0.29718 0.1457403987 -0.0042)
(0.3048 0.1471696397 -0.0042)
(0.0762 0.1112819667 -0.0042)
(0.08382 0.1126601634 -0.0042)
(0.09144 0.1140383601 -0.0042)
(0.09906 0.1154165567 -0.0042)
(0.10668 0.1167947534 -0.0042)
(0.1143 0.1181729501 -0.0042)
(0.12192 0.1195511467 -0.0042)
(0.12954 0.1209293434 -0.0042)
(0.13716 0.1223075401 -0.0042)
(0.14478 0.1236857368 -0.0042)
(0.1524 0.1250639334 -0.0042)
(0.16002 0.1264421301 -0.0042)
(0.16764 0.1278203268 -0.0042)
(0.17526 0.1291985234 -0.0042)
(0.18288 0.1305767201 -0.0042)
(0.1905 0.1319549168 -0.0042)
(0.19812 0.1333331135 -0.0042)
(0.20574 0.1347113101 -0.0042)
(0.21336 0.1360895068 -0.0042)
(0.22098 0.1374677035 -0.0042)
(0.2286 0.1388459001 -0.0042)
(0.23622 0.1402240968 -0.0042)
(0.24384 0.1416022935 -0.0042)
(0.25146 0.1429804902 -0.0042)
(0.25908 0.1443586868 -0.0042)
(0.2667 0.1457368835 -0.0042)
(0.27432 0.1471150802 -0.0042)
(0.28194 0.1484932768 -0.0042)
(0.28956 0.1498714735 -0.0042)
(0.29718 0.1512496702 -0.0042)
(0.3048 0.1526278669 -0.0042)
(0.0762 0.1182715235 -0.0042)
(0.08382 0.1195986759 -0.0042)
(0.09144 0.1209258282 -0.0042)
(0.09906 0.1222529806 -0.0042)
(0.10668 0.1235801329 -0.0042)
(0.1143 0.1249072853 -0.0042)
(0.12192 0.1262344376 -0.0042)
(0.12954 0.12756159 -0.0042)
(0.13716 0.1288887423 -0.0042)
(0.14478 0.1302158947 -0.0042)
(0.1524 0.131543047 -0.0042)
(0.16002 0.1328701994 -0.0042)
(0.16764 0.1341973517 -0.0042)
(0.17526 0.1355245041 -0.0042)
(0.18288 0.1368516564 -0.0042)
(0.1905 0.1381788088 -0.0042)
(0.19812 0.1395059611 -0.0042)
(0.20574 0.1408331135 -0.0042)
(0.21336 0.1421602658 -0.0042)
(0.22098 0.1434874182 -0.0042)
(0.2286 0.1448145705 -0.0042)
(0.23622 0.1461417229 -0.0042)
(0.24384 0.1474688752 -0.0042)
(0.25146 0.1487960276 -0.0042)
(0.25908 0.1501231799 -0.0042)
(0.2667 0.1514503323 -0.0042)
(0.27432 0.1527774846 -0.0042)
(0.28194 0.154104637 -0.0042)
(0.28956 0.1554317893 -0.0042)
(0.29718 0.1567589417 -0.0042)
(0.3048 0.158086094 -0.0042)
(0.0762 0.1252610803 -0.0042)
(0.08382 0.1265371883 -0.0042)
(0.09144 0.1278132963 -0.0042)
(0.09906 0.1290894044 -0.0042)
(0.10668 0.1303655124 -0.0042)
(0.1143 0.1316416204 -0.0042)
(0.12192 0.1329177285 -0.0042)
(0.12954 0.1341938365 -0.0042)
(0.13716 0.1354699445 -0.0042)
(0.14478 0.1367460526 -0.0042)
(0.1524 0.1380221606 -0.0042)
(0.16002 0.1392982686 -0.0042)
(0.16764 0.1405743766 -0.0042)
(0.17526 0.1418504847 -0.0042)
(0.18288 0.1431265927 -0.0042)
(0.1905 0.1444027007 -0.0042)
(0.19812 0.1456788088 -0.0042)
(0.20574 0.1469549168 -0.0042)
(0.21336 0.1482310248 -0.0042)
(0.22098 0.1495071328 -0.0042)
(0.2286 0.1507832409 -0.0042)
(0.23622 0.1520593489 -0.0042)
(0.24384 0.1533354569 -0.0042)
(0.25146 0.154611565 -0.0042)
(0.25908 0.155887673 -0.0042)
(0.2667 0.157163781 -0.0042)
(0.27432 0.158439889 -0.0042)
(0.28194 0.1597159971 -0.0042)
(0.28956 0.1609921051 -0.0042)
(0.29718 0.1622682131 -0.0042)
(0.3048 0.1635443212 -0.0042)
(0.0762 0.1322506371 -0.0042)
(0.08382 0.1334757008 -0.0042)
(0.09144 0.1347007645 -0.0042)
(0.09906 0.1359258282 -0.0042)
(0.10668 0.1371508919 -0.0042)
(0.1143 0.1383759556 -0.0042)
(0.12192 0.1396010193 -0.0042)
(0.12954 0.140826083 -0.0042)
(0.13716 0.1420511467 -0.0042)
(0.14478 0.1432762104 -0.0042)
(0.1524 0.1445012742 -0.0042)
(0.16002 0.1457263379 -0.0042)
(0.16764 0.1469514016 -0.0042)
(0.17526 0.1481764653 -0.0042)
(0.18288 0.149401529 -0.0042)
(0.1905 0.1506265927 -0.0042)
(0.19812 0.1518516564 -0.0042)
(0.20574 0.1530767201 -0.0042)
(0.21336 0.1543017838 -0.0042)
(0.22098 0.1555268475 -0.0042)
(0.2286 0.1567519112 -0.0042)
(0.23622 0.1579769749 -0.0042)
(0.24384 0.1592020386 -0.0042)
(0.25146 0.1604271024 -0.0042)
(0.25908 0.1616521661 -0.0042)
(0.2667 0.1628772298 -0.0042)
(0.27432 0.1641022935 -0.0042)
(0.28194 0.1653273572 -0.0042)
(0.28956 0.1665524209 -0.0042)
(0.29718 0.1677774846 -0.0042)
(0.0762 0.1392401939 -0.0042)
(0.08382 0.1404142133 -0.0042)
(0.09144 0.1415882326 -0.0042)
(0.09906 0.142762252 -0.0042)
(0.10668 0.1439362714 -0.0042)
(0.1143 0.1451102908 -0.0042)
(0.12192 0.1462843102 -0.0042)
(0.12954 0.1474583296 -0.0042)
(0.13716 0.148632349 -0.0042)
(0.14478 0.1498063683 -0.0042)
(0.1524 0.1509803877 -0.0042)
(0.16002 0.1521544071 -0.0042)
(0.16764 0.1533284265 -0.0042)
(0.17526 0.1545024459 -0.0042)
(0.18288 0.1556764653 -0.0042)
(0.1905 0.1568504847 -0.0042)
(0.19812 0.1580245041 -0.0042)
(0.20574 0.1591985234 -0.0042)
(0.21336 0.1603725428 -0.0042)
(0.22098 0.1615465622 -0.0042)
(0.2286 0.1627205816 -0.0042)
(0.23622 0.163894601 -0.0042)
(0.24384 0.1650686204 -0.0042)
(0.25146 0.1662426398 -0.0042)
(0.25908 0.1674166591 -0.0042)
(0.2667 0.1685906785 -0.0042)
(0.0762 0.1462297507 -0.0042)
(0.08382 0.1473527257 -0.0042)
(0.09144 0.1484757008 -0.0042)
(0.09906 0.1495986759 -0.0042)
(0.10668 0.1507216509 -0.0042)
(0.1143 0.151844626 -0.0042)
(0.12192 0.152967601 -0.0042)
(0.12954 0.1540905761 -0.0042)
(0.13716 0.1552135512 -0.0042)
(0.14478 0.1563365262 -0.0042)
(0.1524 0.1574595013 -0.0042)
(0.16002 0.1585824764 -0.0042)
(0.16764 0.1597054514 -0.0042)
(0.17526 0.1608284265 -0.0042)
(0.18288 0.1619514016 -0.0042)
(0.1905 0.1630743766 -0.0042)
(0.19812 0.1641973517 -0.0042)
(0.20574 0.1653203268 -0.0042)
(0.21336 0.1664433018 -0.0042)
(0.22098 0.1675662769 -0.0042)
(0.0762 0.1532193074 -0.0042)
(0.08382 0.1542912382 -0.0042)
(0.09144 0.1553631689 -0.0042)
(0.09906 0.1564350997 -0.0042)
(0.10668 0.1575070304 -0.0042)
(0.1143 0.1585789612 -0.0042)
(0.12192 0.1596508919 -0.0042)
(0.12954 0.1607228227 -0.0042)
(0.13716 0.1617947534 -0.0042)
(0.14478 0.1628666841 -0.0042)
(0.1524 0.1639386149 -0.0042)
(0.16002 0.1650105456 -0.0042)
(0.16764 0.1660824764 -0.0042)
(0.17526 0.1671544071 -0.0042)
(0.18288 0.1682263379 -0.0042)
(0.0762 0.1602088642 -0.0042)
(0.08382 0.1612297507 -0.0042)
(0.09144 0.1622506371 -0.0042)
(0.09906 0.1632715235 -0.0042)
(0.10668 0.1642924099 -0.0042)
(0.1143 0.1653132963 -0.0042)
(0.12192 0.1663341828 -0.0042)
(0.12954 0.1673550692 -0.0042)
(0.13716 0.1683759556 -0.0042)
(0.0762 0.167198421 -0.0042)
(0.08382 0.1681682631 -0.0042)
(0.0762 0.02041772846 0.0042)
(0.08382 0.02245950131 0.0042)
(0.09144 0.02450127416 0.0042)
(0.09906 0.026543047 0.0042)
(0.10668 0.02858481985 0.0042)
(0.1143 0.03062659269 0.0042)
(0.12192 0.03266836554 0.0042)
(0.12954 0.03471013839 0.0042)
(0.13716 0.03675191123 0.0042)
(0.14478 0.03879368408 0.0042)
(0.1524 0.04083545693 0.0042)
(0.16002 0.04287722977 0.0042)
(0.16764 0.04491900262 0.0042)
(0.17526 0.04696077547 0.0042)
(0.18288 0.04900254831 0.0042)
(0.1905 0.05104432116 0.0042)
(0.19812 0.053086094 0.0042)
(0.20574 0.05512786685 0.0042)
(0.21336 0.0571696397 0.0042)
(0.22098 0.05921141254 0.0042)
(0.2286 0.06125318539 0.0042)
(0.23622 0.06329495824 0.0042)
(0.24384 0.06533673108 0.0042)
(0.25146 0.06737850393 0.0042)
(0.25908 0.06942027678 0.0042)
(0.2667 0.07146204962 0.0042)
(0.27432 0.07350382247 0.0042)
(0.28194 0.07554559531 0.0042)
(0.28956 0.07758736816 0.0042)
(0.29718 0.07962914101 0.0042)
(0.3048 0.08167091385 0.0042)
(0.0762 0.02740728525 0.0042)
(0.08382 0.02939801378 0.0042)
(0.09144 0.0313887423 0.0042)
(0.09906 0.03337947083 0.0042)
(0.10668 0.03537019935 0.0042)
(0.1143 0.03736092788 0.0042)
(0.12192 0.0393516564 0.0042)
(0.12954 0.04134238493 0.0042)
(0.13716 0.04333311345 0.0042)
(0.14478 0.04532384198 0.0042)
(0.1524 0.0473145705 0.0042)
(0.16002 0.04930529903 0.0042)
(0.16764 0.05129602755 0.0042)
(0.17526 0.05328675608 0.0042)
(0.18288 0.0552774846 0.0042)
(0.1905 0.05726821313 0.0042)
(0.19812 0.05925894165 0.0042)
(0.20574 0.06124967018 0.0042)
(0.21336 0.0632403987 0.0042)
(0.22098 0.06523112723 0.0042)
(0.2286 0.06722185576 0.0042)
(0.23622 0.06921258428 0.0042)
(0.24384 0.07120331281 0.0042)
(0.25146 0.07319404133 0.0042)
(0.25908 0.07518476986 0.0042)
(0.2667 0.07717549838 0.0042)
(0.27432 0.07916622691 0.0042)
(0.28194 0.08115695543 0.0042)
(0.28956 0.08314768396 0.0042)
(0.29718 0.08513841248 0.0042)
(0.3048 0.08712914101 0.0042)
(0.0762 0.03439684204 0.0042)
(0.08382 0.03633652624 0.0042)
(0.09144 0.03827621045 0.0042)
(0.09906 0.04021589465 0.0042)
(0.10668 0.04215557886 0.0042)
(0.1143 0.04409526306 0.0042)
(0.12192 0.04603494726 0.0042)
(0.12954 0.04797463147 0.0042)
(0.13716 0.04991431567 0.0042)
(0.14478 0.05185399988 0.0042)
(0.1524 0.05379368408 0.0042)
(0.16002 0.05573336828 0.0042)
(0.16764 0.05767305249 0.0042)
(0.17526 0.05961273669 0.0042)
(0.18288 0.0615524209 0.0042)
(0.1905 0.0634921051 0.0042)
(0.19812 0.0654317893 0.0042)
(0.20574 0.06737147351 0.0042)
(0.21336 0.06931115771 0.0042)
(0.22098 0.07125084192 0.0042)
(0.2286 0.07319052612 0.0042)
(0.23622 0.07513021032 0.0042)
(0.24384 0.07706989453 0.0042)
(0.25146 0.07900957873 0.0042)
(0.25908 0.08094926294 0.0042)
(0.2667 0.08288894714 0.0042)
(0.27432 0.08482863134 0.0042)
(0.28194 0.08676831555 0.0042)
(0.28956 0.08870799975 0.0042)
(0.29718 0.09064768396 0.0042)
(0.3048 0.09258736816 0.0042)
(0.0762 0.04138639883 0.0042)
(0.08382 0.04327503871 0.0042)
(0.09144 0.04516367859 0.0042)
(0.09906 0.04705231848 0.0042)
(0.10668 0.04894095836 0.0042)
(0.1143 0.05082959824 0.0042)
(0.12192 0.05271823813 0.0042)
(0.12954 0.05460687801 0.0042)
(0.13716 0.05649551789 0.0042)
(0.14478 0.05838415777 0.0042)
(0.1524 0.06027279766 0.0042)
(0.16002 0.06216143754 0.0042)
(0.16764 0.06405007742 0.0042)
(0.17526 0.06593871731 0.0042)
(0.18288 0.06782735719 0.0042)
(0.1905 0.06971599707 0.0042)
(0.19812 0.07160463695 0.0042)
(0.20574 0.07349327684 0.0042)
(0.21336 0.07538191672 0.0042)
(0.22098 0.0772705566 0.0042)
(0.2286 0.07915919649 0.0042)
(0.23622 0.08104783637 0.0042)
(0.24384 0.08293647625 0.0042)
(0.25146 0.08482511613 0.0042)
(0.25908 0.08671375602 0.0042)
(0.2667 0.0886023959 0.0042)
(0.27432 0.09049103578 0.0042)
(0.28194 0.09237967567 0.0042)
(0.28956 0.09426831555 0.0042)
(0.29718 0.09615695543 0.0042)
(0.3048 0.09804559531 0.0042)
(0.0762 0.04837595562 0.0042)
(0.08382 0.05021355118 0.0042)
(0.09144 0.05205114674 0.0042)
(0.09906 0.0538887423 0.0042)
(0.10668 0.05572633786 0.0042)
(0.1143 0.05756393343 0.0042)
(0.12192 0.05940152899 0.0042)
(0.12954 0.06123912455 0.0042)
(0.13716 0.06307672011 0.0042)
(0.14478 0.06491431567 0.0042)
(0.1524 0.06675191123 0.0042)
(0.16002 0.0685895068 0.0042)
(0.16764 0.07042710236 0.0042)
(0.17526 0.07226469792 0.0042)
(0.18288 0.07410229348 0.0042)
(0.1905 0.07593988904 0.0042)
(0.19812 0.0777774846 0.0042)
(0.20574 0.07961508017 0.0042)
(0.21336 0.08145267573 0.0042)
(0.22098 0.08329027129 0.0042)
(0.2286 0.08512786685 0.0042)
(0.23622 0.08696546241 0.0042)
(0.24384 0.08880305797 0.0042)
(0.25146 0.09064065354 0.0042)
(0.25908 0.0924782491 0.0042)
(0.2667 0.09431584466 0.0042)
(0.27432 0.09615344022 0.0042)
(0.28194 0.09799103578 0.0042)
(0.28956 0.09982863134 0.0042)
(0.29718 0.1016662269 0.0042)
(0.3048 0.1035038225 0.0042)
(0.0762 0.05536551241 0.0042)
(0.08382 0.05715206365 0.0042)
(0.09144 0.05893861489 0.0042)
(0.09906 0.06072516613 0.0042)
(0.10668 0.06251171737 0.0042)
(0.1143 0.06429826861 0.0042)
(0.12192 0.06608481985 0.0042)
(0.12954 0.06787137109 0.0042)
(0.13716 0.06965792233 0.0042)
(0.14478 0.07144447357 0.0042)
(0.1524 0.07323102481 0.0042)
(0.16002 0.07501757605 0.0042)
(0.16764 0.07680412729 0.0042)
(0.17526 0.07859067853 0.0042)
(0.18288 0.08037722977 0.0042)
(0.1905 0.08216378101 0.0042)
(0.19812 0.08395033225 0.0042)
(0.20574 0.08573688349 0.0042)
(0.21336 0.08752343473 0.0042)
(0.22098 0.08930998598 0.0042)
(0.2286 0.09109653722 0.0042)
(0.23622 0.09288308846 0.0042)
(0.24384 0.0946696397 0.0042)
(0.25146 0.09645619094 0.0042)
(0.25908 0.09824274218 0.0042)
(0.2667 0.1000292934 0.0042)
(0.27432 0.1018158447 0.0042)
(0.28194 0.1036023959 0.0042)
(0.28956 0.1053889471 0.0042)
(0.29718 0.1071754984 0.0042)
(0.3048 0.1089620496 0.0042)
(0.0762 0.06235506919 0.0042)
(0.08382 0.06409057611 0.0042)
(0.09144 0.06582608303 0.0042)
(0.09906 0.06756158995 0.0042)
(0.10668 0.06929709687 0.0042)
(0.1143 0.07103260379 0.0042)
(0.12192 0.07276811071 0.0042)
(0.12954 0.07450361763 0.0042)
(0.13716 0.07623912455 0.0042)
(0.14478 0.07797463147 0.0042)
(0.1524 0.07971013839 0.0042)
(0.16002 0.08144564531 0.0042)
(0.16764 0.08318115223 0.0042)
(0.17526 0.08491665915 0.0042)
(0.18288 0.08665216607 0.0042)
(0.1905 0.08838767298 0.0042)
(0.19812 0.0901231799 0.0042)
(0.20574 0.09185868682 0.0042)
(0.21336 0.09359419374 0.0042)
(0.22098 0.09532970066 0.0042)
(0.2286 0.09706520758 0.0042)
(0.23622 0.0988007145 0.0042)
(0.24384 0.1005362214 0.0042)
(0.25146 0.1022717283 0.0042)
(0.25908 0.1040072353 0.0042)
(0.2667 0.1057427422 0.0042)
(0.27432 0.1074782491 0.0042)
(0.28194 0.109213756 0.0042)
(0.28956 0.1109492629 0.0042)
(0.29718 0.1126847699 0.0042)
(0.3048 0.1144202768 0.0042)
(0.0762 0.06934462598 0.0042)
(0.08382 0.07102908858 0.0042)
(0.09144 0.07271355118 0.0042)
(0.09906 0.07439801378 0.0042)
(0.10668 0.07608247638 0.0042)
(0.1143 0.07776693897 0.0042)
(0.12192 0.07945140157 0.0042)
(0.12954 0.08113586417 0.0042)
(0.13716 0.08282032677 0.0042)
(0.14478 0.08450478937 0.0042)
(0.1524 0.08618925196 0.0042)
(0.16002 0.08787371456 0.0042)
(0.16764 0.08955817716 0.0042)
(0.17526 0.09124263976 0.0042)
(0.18288 0.09292710236 0.0042)
(0.1905 0.09461156496 0.0042)
(0.19812 0.09629602755 0.0042)
(0.20574 0.09798049015 0.0042)
(0.21336 0.09966495275 0.0042)
(0.22098 0.1013494153 0.0042)
(0.2286 0.1030338779 0.0042)
(0.23622 0.1047183405 0.0042)
(0.24384 0.1064028031 0.0042)
(0.25146 0.1080872657 0.0042)
(0.25908 0.1097717283 0.0042)
(0.2667 0.1114561909 0.0042)
(0.27432 0.1131406535 0.0042)
(0.28194 0.1148251161 0.0042)
(0.28956 0.1165095787 0.0042)
(0.29718 0.1181940413 0.0042)
(0.3048 0.1198785039 0.0042)
(0.0762 0.07633418277 0.0042)
(0.08382 0.07796760105 0.0042)
(0.09144 0.07960101932 0.0042)
(0.09906 0.0812344376 0.0042)
(0.10668 0.08286785588 0.0042)
(0.1143 0.08450127416 0.0042)
(0.12192 0.08613469243 0.0042)
(0.12954 0.08776811071 0.0042)
(0.13716 0.08940152899 0.0042)
(0.14478 0.09103494726 0.0042)
(0.1524 0.09266836554 0.0042)
(0.16002 0.09430178382 0.0042)
(0.16764 0.0959352021 0.0042)
(0.17526 0.09756862037 0.0042)
(0.18288 0.09920203865 0.0042)
(0.1905 0.1008354569 0.0042)
(0.19812 0.1024688752 0.0042)
(0.20574 0.1041022935 0.0042)
(0.21336 0.1057357118 0.0042)
(0.22098 0.10736913 0.0042)
(0.2286 0.1090025483 0.0042)
(0.23622 0.1106359666 0.0042)
(0.24384 0.1122693849 0.0042)
(0.25146 0.1139028031 0.0042)
(0.25908 0.1155362214 0.0042)
(0.2667 0.1171696397 0.0042)
(0.27432 0.118803058 0.0042)
(0.28194 0.1204364763 0.0042)
(0.28956 0.1220698945 0.0042)
(0.29718 0.1237033128 0.0042)
(0.3048 0.1253367311 0.0042)
(0.0762 0.08332373956 0.0042)
(0.08382 0.08490611351 0.0042)
(0.09144 0.08648848747 0.0042)
(0.09906 0.08807086143 0.0042)
(0.10668 0.08965323538 0.0042)
(0.1143 0.09123560934 0.0042)
(0.12192 0.09281798329 0.0042)
(0.12954 0.09440035725 0.0042)
(0.13716 0.09598273121 0.0042)
(0.14478 0.09756510516 0.0042)
(0.1524 0.09914747912 0.0042)
(0.16002 0.1007298531 0.0042)
(0.16764 0.102312227 0.0042)
(0.17526 0.103894601 0.0042)
(0.18288 0.1054769749 0.0042)
(0.1905 0.1070593489 0.0042)
(0.19812 0.1086417229 0.0042)
(0.20574 0.1102240968 0.0042)
(0.21336 0.1118064708 0.0042)
(0.22098 0.1133888447 0.0042)
(0.2286 0.1149712187 0.0042)
(0.23622 0.1165535926 0.0042)
(0.24384 0.1181359666 0.0042)
(0.25146 0.1197183405 0.0042)
(0.25908 0.1213007145 0.0042)
(0.2667 0.1228830885 0.0042)
(0.27432 0.1244654624 0.0042)
(0.28194 0.1260478364 0.0042)
(0.28956 0.1276302103 0.0042)
(0.29718 0.1292125843 0.0042)
(0.3048 0.1307949582 0.0042)
(0.0762 0.09031329635 0.0042)
(0.08382 0.09184462598 0.0042)
(0.09144 0.09337595562 0.0042)
(0.09906 0.09490728525 0.0042)
(0.10668 0.09643861489 0.0042)
(0.1143 0.09796994452 0.0042)
(0.12192 0.09950127416 0.0042)
(0.12954 0.1010326038 0.0042)
(0.13716 0.1025639334 0.0042)
(0.14478 0.1040952631 0.0042)
(0.1524 0.1056265927 0.0042)
(0.16002 0.1071579223 0.0042)
(0.16764 0.108689252 0.0042)
(0.17526 0.1102205816 0.0042)
(0.18288 0.1117519112 0.0042)
(0.1905 0.1132832409 0.0042)
(0.19812 0.1148145705 0.0042)
(0.20574 0.1163459001 0.0042)
(0.21336 0.1178772298 0.0042)
(0.22098 0.1194085594 0.0042)
(0.2286 0.120939889 0.0042)
(0.23622 0.1224712187 0.0042)
(0.24384 0.1240025483 0.0042)
(0.25146 0.1255338779 0.0042)
(0.25908 0.1270652076 0.0042)
(0.2667 0.1285965372 0.0042)
(0.27432 0.1301278669 0.0042)
(0.28194 0.1316591965 0.0042)
(0.28956 0.1331905261 0.0042)
(0.29718 0.1347218558 0.0042)
(0.3048 0.1362531854 0.0042)
(0.0762 0.09730285314 0.0042)
(0.08382 0.09878313845 0.0042)
(0.09144 0.1002634238 0.0042)
(0.09906 0.1017437091 0.0042)
(0.10668 0.1032239944 0.0042)
(0.1143 0.1047042797 0.0042)
(0.12192 0.106184565 0.0042)
(0.12954 0.1076648503 0.0042)
(0.13716 0.1091451356 0.0042)
(0.14478 0.110625421 0.0042)
(0.1524 0.1121057063 0.0042)
(0.16002 0.1135859916 0.0042)
(0.16764 0.1150662769 0.0042)
(0.17526 0.1165465622 0.0042)
(0.18288 0.1180268475 0.0042)
(0.1905 0.1195071328 0.0042)
(0.19812 0.1209874182 0.0042)
(0.20574 0.1224677035 0.0042)
(0.21336 0.1239479888 0.0042)
(0.22098 0.1254282741 0.0042)
(0.2286 0.1269085594 0.0042)
(0.23622 0.1283888447 0.0042)
(0.24384 0.12986913 0.0042)
(0.25146 0.1313494153 0.0042)
(0.25908 0.1328297007 0.0042)
(0.2667 0.134309986 0.0042)
(0.27432 0.1357902713 0.0042)
(0.28194 0.1372705566 0.0042)
(0.28956 0.1387508419 0.0042)
(0.29718 0.1402311272 0.0042)
(0.3048 0.1417114125 0.0042)
(0.0762 0.1042924099 0.0042)
(0.08382 0.1057216509 0.0042)
(0.09144 0.1071508919 0.0042)
(0.09906 0.1085801329 0.0042)
(0.10668 0.1100093739 0.0042)
(0.1143 0.1114386149 0.0042)
(0.12192 0.1128678559 0.0042)
(0.12954 0.1142970969 0.0042)
(0.13716 0.1157263379 0.0042)
(0.14478 0.1171555789 0.0042)
(0.1524 0.1185848198 0.0042)
(0.16002 0.1200140608 0.0042)
(0.16764 0.1214433018 0.0042)
(0.17526 0.1228725428 0.0042)
(0.18288 0.1243017838 0.0042)
(0.1905 0.1257310248 0.0042)
(0.19812 0.1271602658 0.0042)
(0.20574 0.1285895068 0.0042)
(0.21336 0.1300187478 0.0042)
(0.22098 0.1314479888 0.0042)
(0.2286 0.1328772298 0.0042)
(0.23622 0.1343064708 0.0042)
(0.24384 0.1357357118 0.0042)
(0.25146 0.1371649528 0.0042)
(0.25908 0.1385941937 0.0042)
(0.2667 0.1400234347 0.0042)
(0.27432 0.1414526757 0.0042)
(0.28194 0.1428819167 0.0042)
(0.28956 0.1443111577 0.0042)
(0.29718 0.1457403987 0.0042)
(0.3048 0.1471696397 0.0042)
(0.0762 0.1112819667 0.0042)
(0.08382 0.1126601634 0.0042)
(0.09144 0.1140383601 0.0042)
(0.09906 0.1154165567 0.0042)
(0.10668 0.1167947534 0.0042)
(0.1143 0.1181729501 0.0042)
(0.12192 0.1195511467 0.0042)
(0.12954 0.1209293434 0.0042)
(0.13716 0.1223075401 0.0042)
(0.14478 0.1236857368 0.0042)
(0.1524 0.1250639334 0.0042)
(0.16002 0.1264421301 0.0042)
(0.16764 0.1278203268 0.0042)
(0.17526 0.1291985234 0.0042)
(0.18288 0.1305767201 0.0042)
(0.1905 0.1319549168 0.0042)
(0.19812 0.1333331135 0.0042)
(0.20574 0.1347113101 0.0042)
(0.21336 0.1360895068 0.0042)
(0.22098 0.1374677035 0.0042)
(0.2286 0.1388459001 0.0042)
(0.23622 0.1402240968 0.0042)
(0.24384 0.1416022935 0.0042)
(0.25146 0.1429804902 0.0042)
(0.25908 0.1443586868 0.0042)
(0.2667 0.1457368835 0.0042)
(0.27432 0.1471150802 0.0042)
(0.28194 0.1484932768 0.0042)
(0.28956 0.1498714735 0.0042)
(0.29718 0.1512496702 0.0042)
(0.3048 0.1526278669 0.0042)
(0.0762 0.1182715235 0.0042)
(0.08382 0.1195986759 0.0042)
(0.09144 0.1209258282 0.0042)
(0.09906 0.1222529806 0.0042)
(0.10668 0.1235801329 0.0042)
(0.1143 0.1249072853 0.0042)
(0.12192 0.1262344376 0.0042)
(0.12954 0.12756159 0.0042)
(0.13716 0.1288887423 0.0042)
(0.14478 0.1302158947 0.0042)
(0.1524 0.131543047 0.0042)
(0.16002 0.1328701994 0.0042)
(0.16764 0.1341973517 0.0042)
(0.17526 0.1355245041 0.0042)
(0.18288 0.1368516564 0.0042)
(0.1905 0.1381788088 0.0042)
(0.19812 0.1395059611 0.0042)
(0.20574 0.1408331135 0.0042)
(0.21336 0.1421602658 0.0042)
(0.22098 0.1434874182 0.0042)
(0.2286 0.1448145705 0.0042)
(0.23622 0.1461417229 0.0042)
(0.24384 0.1474688752 0.0042)
(0.25146 0.1487960276 0.0042)
(0.25908 0.1501231799 0.0042)
(0.2667 0.1514503323 0.0042)
(0.27432 0.1527774846 0.0042)
(0.28194 0.154104637 0.0042)
(0.28956 0.1554317893 0.0042)
(0.29718 0.1567589417 0.0042)
(0.3048 0.158086094 0.0042)
(0.0762 0.1252610803 0.0042)
(0.08382 0.1265371883 0.0042)
(0.09144 0.1278132963 0.0042)
(0.09906 0.1290894044 0.0042)
(0.10668 0.1303655124 0.0042)
(0.1143 0.1316416204 0.0042)
(0.12192 0.1329177285 0.0042)
(0.12954 0.1341938365 0.0042)
(0.13716 0.1354699445 0.0042)
(0.14478 0.1367460526 0.0042)
(0.1524 0.1380221606 0.0042)
(0.16002 0.1392982686 0.0042)
(0.16764 0.1405743766 0.0042)
(0.17526 0.1418504847 0.0042)
(0.18288 0.1431265927 0.0042)
(0.1905 0.1444027007 0.0042)
(0.19812 0.1456788088 0.0042)
(0.20574 0.1469549168 0.0042)
(0.21336 0.1482310248 0.0042)
(0.22098 0.1495071328 0.0042)
(0.2286 0.1507832409 0.0042)
(0.23622 0.1520593489 0.0042)
(0.24384 0.1533354569 0.0042)
(0.25146 0.154611565 0.0042)
(0.25908 0.155887673 0.0042)
(0.2667 0.157163781 0.0042)
(0.27432 0.158439889 0.0042)
(0.28194 0.1597159971 0.0042)
(0.28956 0.1609921051 0.0042)
(0.29718 0.1622682131 0.0042)
(0.3048 0.1635443212 0.0042)
(0.0762 0.1322506371 0.0042)
(0.08382 0.1334757008 0.0042)
(0.09144 0.1347007645 0.0042)
(0.09906 0.1359258282 0.0042)
(0.10668 0.1371508919 0.0042)
(0.1143 0.1383759556 0.0042)
(0.12192 0.1396010193 0.0042)
(0.12954 0.140826083 0.0042)
(0.13716 0.1420511467 0.0042)
(0.14478 0.1432762104 0.0042)
(0.1524 0.1445012742 0.0042)
(0.16002 0.1457263379 0.0042)
(0.16764 0.1469514016 0.0042)
(0.17526 0.1481764653 0.0042)
(0.18288 0.149401529 0.0042)
(0.1905 0.1506265927 0.0042)
(0.19812 0.1518516564 0.0042)
(0.20574 0.1530767201 0.0042)
(0.21336 0.1543017838 0.0042)
(0.22098 0.1555268475 0.0042)
(0.2286 0.1567519112 0.0042)
(0.23622 0.1579769749 0.0042)
(0.24384 0.1592020386 0.0042)
(0.25146 0.1604271024 0.0042)
(0.25908 0.1616521661 0.0042)
(0.2667 0.1628772298 0.0042)
(0.27432 0.1641022935 0.0042)
(0.28194 0.1653273572 0.0042)
(0.28956 0.1665524209 0.0042)
(0.29718 0.1677774846 0.0042)
(0.0762 0.1392401939 0.0042)
(0.08382 0.1404142133 0.0042)
(0.09144 0.1415882326 0.0042)
(0.09906 0.142762252 0.0042)
(0.10668 0.1439362714 0.0042)
(0.1143 0.1451102908 0.0042)
(0.12192 0.1462843102 0.0042)
(0.12954 0.1474583296 0.0042)
(0.13716 0.148632349 0.0042)
(0.14478 0.1498063683 0.0042)
(0.1524 0.1509803877 0.0042)
(0.16002 0.1521544071 0.0042)
(0.16764 0.1533284265 0.0042)
(0.17526 0.1545024459 0.0042)
(0.18288 0.1556764653 0.0042)
(0.1905 0.1568504847 0.0042)
(0.19812 0.1580245041 0.0042)
(0.20574 0.1591985234 0.0042)
(0.21336 0.1603725428 0.0042)
(0.22098 0.1615465622 0.0042)
(0.2286 0.1627205816 0.0042)
(0.23622 0.163894601 0.0042)
(0.24384 0.1650686204 0.0042)
(0.25146 0.1662426398 0.0042)
(0.25908 0.1674166591 0.0042)
(0.2667 0.1685906785 0.0042)
(0.0762 0.1462297507 0.0042)
(0.08382 0.1473527257 0.0042)
(0.09144 0.1484757008 0.0042)
(0.09906 0.1495986759 0.0042)
(0.10668 0.1507216509 0.0042)
(0.1143 0.151844626 0.0042)
(0.12192 0.152967601 0.0042)
(0.12954 0.1540905761 0.0042)
(0.13716 0.1552135512 0.0042)
(0.14478 0.1563365262 0.0042)
(0.1524 0.1574595013 0.0042)
(0.16002 0.1585824764 0.0042)
(0.16764 0.1597054514 0.0042)
(0.17526 0.1608284265 0.0042)
(0.18288 0.1619514016 0.0042)
(0.1905 0.1630743766 0.0042)
(0.19812 0.1641973517 0.0042)
(0.20574 0.1653203268 0.0042)
(0.21336 0.1664433018 0.0042)
(0.22098 0.1675662769 0.0042)
(0.0762 0.1532193074 0.0042)
(0.08382 0.1542912382 0.0042)
(0.09144 0.1553631689 0.0042)
(0.09906 0.1564350997 0.0042)
(0.10668 0.1575070304 0.0042)
(0.1143 0.1585789612 0.0042)
(0.12192 0.1596508919 0.0042)
(0.12954 0.1607228227 0.0042)
(0.13716 0.1617947534 0.0042)
(0.14478 0.1628666841 0.0042)
(0.1524 0.1639386149 0.0042)
(0.16002 0.1650105456 0.0042)
(0.16764 0.1660824764 0.0042)
(0.17526 0.1671544071 0.0042)
(0.18288 0.1682263379 0.0042)
(0.0762 0.1602088642 0.0042)
(0.08382 0.1612297507 0.0042)
(0.09144 0.1622506371 0.0042)
(0.09906 0.1632715235 0.0042)
(0.10668 0.1642924099 0.0042)
(0.1143 0.1653132963 0.0042)
(0.12192 0.1663341828 0.0042)
(0.12954 0.1673550692 0.0042)
(0.13716 0.1683759556 0.0042)
(0.0762 0.167198421 0.0042)
(0.08382 0.1681682631 0.0042)
)


// ************************************************************************* //
