/*--------------------------------*- C++ -*----------------------------------*\
| =========                 |                                                 |
| \\      /  F ield         | OpenFOAM: The Open Source CFD Toolbox           |
|  \\    /   O peration     | Version:  2406                                  |
|   \\  /    A nd           | Website:  www.openfoam.com                      |
|    \\/     M anipulation  |                                                 |
\*---------------------------------------------------------------------------*/
FoamFile
{
    version     2.0;
    format      ascii;
    arch        "LSB;label=32;scalar=64";
    class       volScalarField;
    location    "0.004";
    object      dsmcRhoN;
}
// * * * * * * * * * * * * * * * * * * * * * * * * * * * * * * * * * * * * * //

dimensions      [0 -3 0 0 0 0 0];

internalField   nonuniform List<scalar> 
654
(
23
20
19
17
13
20
17
18
20
16
20
14
16
23
15
20
18
6
13
12
10
10
14
10
12
16
14
20
17
15
18
21
19
4
18
10
14
7
12
12
10
7
11
15
15
14
13
15
14
15
12
15
15
17
18
11
7
9
12
8
8
8
13
4
7
7
4
11
7
18
13
16
10
13
11
13
12
14
20
18
14
11
19
15
6
5
10
8
13
14
6
14
6
10
5
13
8
14
10
8
6
5
7
19
13
8
14
17
15
13
17
11
27
13
9
10
7
10
15
12
8
15
9
14
12
6
10
6
9
7
9
15
14
7
9
15
17
11
11
15
16
18
15
19
13
9
10
7
7
7
12
4
4
8
9
12
6
13
6
8
8
8
14
7
8
3
19
14
12
16
17
14
15
15
13
6
13
7
5
6
8
8
12
13
7
8
10
9
13
14
10
7
11
10
5
3
10
9
12
7
10
17
16
12
9
17
14
4
8
10
5
6
7
10
11
8
8
9
8
12
8
12
8
9
10
9
12
9
4
10
15
10
17
13
10
9
6
13
10
13
6
9
6
7
7
13
10
5
12
5
14
6
10
8
10
7
10
6
13
9
13
5
6
19
9
6
7
8
7
11
11
11
10
14
9
9
9
5
10
3
5
13
9
16
12
5
6
10
10
2
5
14
9
10
10
10
10
8
7
9
5
10
5
11
9
9
5
11
11
8
12
6
7
7
9
6
8
8
18
13
5
8
15
10
10
14
8
9
6
6
10
9
12
6
7
6
7
7
7
10
4
7
10
7
11
3
5
12
16
5
9
13
4
10
7
8
5
8
10
14
8
11
9
10
10
10
8
8
6
7
9
5
9
11
8
9
9
8
9
5
8
7
8
7
8
11
8
10
8
9
11
15
8
6
14
8
7
6
6
6
7
7
8
14
4
9
7
6
16
9
6
7
8
8
11
8
9
13
8
10
7
10
7
10
7
10
4
7
7
7
6
7
7
5
7
12
5
6
14
9
7
6
9
6
6
13
5
6
8
6
4
12
6
6
9
13
10
5
7
9
6
6
1
11
9
13
5
5
6
7
10
11
8
7
8
5
10
7
10
9
7
5
14
7
6
3
12
8
11
6
7
7
7
10
6
14
15
7
13
5
7
7
3
11
14
8
11
7
5
11
16
3
4
7
3
6
7
11
11
4
8
15
2
4
7
9
7
6
8
6
7
6
8
4
14
7
12
9
7
7
7
9
8
3
10
9
6
10
8
15
12
6
6
6
8
4
6
7
11
10
5
12
7
7
4
7
11
11
12
5
13
6
6
8
7
10
8
6
5
9
9
7
5
6
3
7
10
4
4
6
12
5
9
6
11
7
3
11
6
12
4
19
13
8
11
6
9
7
8
9
10
5
5
9
7
7
5
3
18
7
5
5
7
7
13
7
12
10
10
6
4
6
13
6
5
10
10
8
11
12
9
6
11
7
5
8
10
7
12
11
5
5
7
6
)
;

boundaryField
{
    flow
    {
        type            zeroGradient;
    }
    obstacle
    {
        type            zeroGradient;
    }
    frontAndBack
    {
        type            empty;
    }
    procBoundary3to1
    {
        type            processor;
        value           nonuniform List<scalar> 
36
(
18
17
12
11
20
20
26
22
12
24
18
20
20
16
12
12
9
12
12
6
9
14
18
10
8
8
9
11
4
10
7
6
8
8
9
9
)
;
    }
    procBoundary3to2
    {
        type            processor;
        value           nonuniform List<scalar> 
19
(
10
3
8
7
10
6
5
7
6
13
8
6
11
9
7
9
8
6
7
)
;
    }
}


// ************************************************************************* //
