/*--------------------------------*- C++ -*----------------------------------*\
| =========                 |                                                 |
| \\      /  F ield         | OpenFOAM: The Open Source CFD Toolbox           |
|  \\    /   O peration     | Version:  2406                                  |
|   \\  /    A nd           | Website:  www.openfoam.com                      |
|    \\/     M anipulation  |                                                 |
\*---------------------------------------------------------------------------*/
FoamFile
{
    version     2.0;
    format      ascii;
    arch        "LSB;label=32;scalar=64";
    class       labelField;
    location    "0.007/lagrangian/dsmc";
    object      origId;
}
// * * * * * * * * * * * * * * * * * * * * * * * * * * * * * * * * * * * * * //


6882
(
344332
346897
347116
347909
347942
348618
348627
348952
349275
349555
349772
349862
350063
350173
350260
350261
350281
350372
350477
350490
350685
350780
350882
350899
350982
350988
351015
351101
351392
351393
351405
351417
351504
351512
351599
351605
351617
351906
352002
352007
352023
352117
352132
352138
352224
352230
352239
352255
352420
352423
352442
352625
352636
352650
352654
352838
352839
352846
352926
352937
352941
353022
353024
353031
353037
353052
353054
353136
353149
353242
353244
353349
353360
353438
353447
353453
353454
353473
353533
353542
353546
353554
353557
353575
353600
353648
353656
353657
353669
353676
353737
353739
353740
353742
353753
353761
353762
353765
353769
353841
353843
353850
353851
353857
353862
353866
353951
353954
353959
354063
354067
354073
354074
354100
354150
354163
354175
354185
354268
354282
354291
354312
354358
354368
354370
354371
354373
354378
354381
354398
354463
354475
354476
354478
354482
354492
354567
354573
354575
354577
354583
354592
354603
354609
354668
354671
354672
354689
354693
354761
354763
354764
354767
354774
354779
354783
354784
354785
354790
354791
354798
354875
354883
354884
354933
354971
354976
354978
354981
354985
354987
354989
354996
355089
355090
355091
355101
355164
355165
355167
355170
355184
355186
355187
355197
355204
355218
355255
355268
355270
355278
355285
355290
355299
355303
355322
355387
355391
355392
355393
355394
355399
355403
355406
355412
355418
355420
355434
355440
355447
355451
355478
355482
355484
355485
355487
355490
355497
355503
355517
355554
355581
355587
355589
355590
355598
355599
355605
355607
355608
355612
355613
355615
355620
355676
355677
355678
355681
355691
355695
355708
355709
355711
355718
355725
355726
355732
355768
355788
355791
355794
355795
355799
355803
355806
355807
355808
355809
355814
355816
355819
355821
355828
355855
355869
355895
355896
355899
355900
355902
355904
355907
355908
355913
355915
355920
355926
355931
355933
355944
355949
355998
356000
356005
356007
356008
356010
356012
356013
356016
356020
356022
356024
356035
356037
356049
356050
356051
356084
356098
356102
356105
356106
356107
356109
356111
356112
356114
356115
356120
356128
356129
356132
356133
356134
356144
356145
356155
356157
356158
356167
356182
356199
356203
356205
356211
356212
356213
356214
356215
356217
356218
356220
356222
356227
356233
356234
356252
356268
356284
356299
356300
356301
356307
356311
356315
356317
356319
356324
356327
356328
356329
356330
356334
356340
356342
356343
356344
356351
356361
356398
356403
356405
356408
356409
356410
356411
356414
356430
356432
356436
356437
356440
356441
356445
356446
356448
356450
356452
356460
356472
356477
356485
356488
356494
356498
356503
356508
356509
356511
356523
356524
356531
356542
356565
356586
356601
356602
356609
356611
356614
356619
356621
356622
356627
356633
356636
356645
356650
356664
356667
356669
356670
356671
356674
356675
356678
356679
356692
356696
356705
356709
356711
356713
356715
356718
356720
356721
356724
356725
356736
356738
356739
356741
356742
356753
356762
356765
356766
356774
356777
356778
356782
356807
356810
356812
356813
356814
356816
356817
356821
356824
356826
356827
356828
356831
356834
356835
356836
356837
356839
356848
356850
356858
356859
356871
356875
356879
356885
356891
356903
356904
356908
356910
356911
356912
356916
356917
356918
356919
356921
356923
356925
356927
356929
356930
356933
356934
356935
356939
356940
356943
356944
356946
356950
356951
356955
356956
356962
356972
356977
356978
356986
356992
356993
357007
357010
357016
305942
357021
357024
357025
357026
357027
357028
357033
357035
357039
357041
357042
357043
357045
357046
357047
357049
357052
357054
357059
357062
357066
357069
357070
357072
357082
357084
357085
357086
357090
357093
357095
357096
357098
357101
357105
357108
357110
357112
357114
357115
357119
357121
357122
357124
357127
357128
357129
357130
357132
357133
357134
357138
357142
357144
357147
357151
357152
357153
357155
357156
357158
357159
357165
357166
357168
357169
357170
357171
357172
357175
357179
357183
357184
357187
357194
357196
357197
357220
357222
357223
357227
357228
357229
357230
357232
357234
357236
357237
357238
357239
357240
357241
357242
357243
357244
357245
357246
357247
357248
357252
357254
357256
357257
357259
357261
357262
357264
357265
357273
357275
357277
357279
357280
357286
357287
357291
357292
357293
357294
357298
357301
357302
357308
357315
357317
357318
357321
357322
357325
357329
357332
357335
357337
357339
357340
357341
357343
357345
357346
357347
357349
357351
357352
357355
357356
357360
357361
357362
357364
357366
357367
357368
357369
357371
357372
357373
357377
357380
357382
357385
357386
357387
357389
357390
357394
357395
357396
357398
357400
357401
357404
357406
357407
357408
357411
357420
357426
357427
357429
357432
357433
357434
357435
357438
357439
357440
357441
357443
357444
357446
357447
357450
357452
357454
357455
357456
357459
357460
357461
357462
357463
357466
357469
357470
357471
357472
357474
357475
357481
357485
357486
357488
357490
357492
357493
357494
357496
357497
357498
357501
357503
357505
357506
357507
357510
357513
357518
357526
357528
357530
357531
357535
357536
357541
357543
357544
357545
357547
357550
357552
357553
357554
357555
357556
357557
357558
357559
357560
357561
357562
357563
357564
357565
357567
357568
357569
357571
357572
357573
357574
357580
357583
357585
357586
357587
357590
357591
357592
357593
357594
357596
357599
357600
357602
357605
357609
357613
357614
357618
357619
357625
357628
357635
357636
357637
357639
357640
357641
357642
357643
357644
357646
357648
357649
357651
357652
357653
357654
357655
357656
357658
357659
357660
357662
357663
357664
357665
357666
357668
357669
357670
357672
357675
357677
357680
357682
357688
357691
357694
357696
357698
357701
357704
357705
357706
357707
357709
357710
357716
357718
357719
357720
357721
357722
357727
357729
357731
357733
357734
357736
357740
357744
357745
357747
357749
357750
357751
357752
357753
357754
357756
357757
357758
357759
357760
357761
357762
357763
357767
357768
357769
357772
357773
357774
357775
357776
357777
357778
357779
357781
357782
357783
357784
357785
357787
357788
357789
357791
357792
357794
357796
357797
357799
357800
357801
357802
357805
357806
357808
357809
357811
357812
357814
357815
357816
357821
357827
357828
357829
357833
357834
357836
357838
357840
305352
357842
357845
357847
357848
357849
357850
357851
357855
357856
357857
357858
357859
357862
357864
357865
357867
357868
357869
357870
357871
357874
357875
357876
357877
357879
357880
357881
357882
357883
357885
357886
357887
357888
357891
357892
357893
357896
357897
357898
357899
357901
357902
357905
357907
357909
357910
357915
357916
357919
357921
357922
357923
357925
357927
357932
357934
357935
357936
357939
357943
357944
357945
357946
357948
357949
357950
357951
357952
357953
357954
357956
357957
357958
357959
357960
357961
357962
357963
357964
357965
357966
357967
357969
357970
357971
357973
357974
357976
357977
357978
357980
357981
357983
357986
357988
357989
357990
357991
357992
357993
357994
357995
357996
357998
358000
358002
358003
358004
358005
358006
358010
358011
358013
358014
358015
358016
358020
358021
358022
358025
358026
358027
358028
358030
358035
358036
306741
358040
358041
358042
358044
358045
358046
358047
358048
358050
358051
358053
358054
358055
358056
358059
358061
358062
358063
358064
358065
358066
358067
358068
358070
358071
358072
358073
358074
358075
358076
358079
358081
358082
358083
358084
358085
358086
358087
358088
358089
358090
358092
358094
358095
358096
358097
358098
358099
358100
358101
358102
358104
358105
358106
358108
358109
358110
358113
358114
358115
358116
358118
358121
358122
358125
358129
358130
358132
358133
358135
358136
358140
358141
358142
358143
358144
358146
358147
358148
358149
358150
358151
358152
358153
358154
358157
358158
358160
358161
358162
358163
358164
358165
358166
358167
358168
358169
358170
358171
358172
358173
358174
358176
358178
358179
358180
358181
358182
358183
358184
358185
358186
358188
358189
358193
358194
358195
358196
358199
358200
358201
358203
358204
358205
358206
358207
358208
358209
358210
358211
358212
358213
358214
358215
358216
358218
358219
358221
358225
358227
358228
358239
358242
358244
358245
358250
358251
358253
358254
358256
358257
358258
358259
358261
358262
358263
358264
358265
358266
358267
358268
358269
358271
358273
358275
358276
358277
358278
358280
358281
358282
358283
358284
358285
358286
358287
358288
358289
358290
358291
358293
358294
358297
358298
358299
358301
358302
358303
358304
358305
358306
358307
358308
358309
358310
358312
358315
358316
358317
358318
358319
358320
358321
358322
358324
358325
358328
358330
358331
358333
358335
358336
358339
358342
358343
358347
358349
358350
358351
358352
358353
358354
358356
358357
358358
358359
358360
358361
358362
358363
358364
358365
358366
358369
358370
358371
358372
358373
358374
358376
358377
358378
358379
358380
358381
358382
358383
358385
358386
358387
358388
358389
358391
358392
358393
358394
358396
358397
358398
358399
358400
358401
358402
358403
358404
358405
358407
358408
358409
358410
358412
358413
358414
358415
358417
358418
358419
358420
358421
358422
358423
358427
358428
358429
358431
358434
358435
358438
358439
358440
358441
358442
358443
307084
307177
307266
358444
358446
358447
358448
358451
358453
358455
358456
358457
358458
358459
358460
358461
358462
358463
358464
358465
358466
358467
358468
358469
358470
358472
358473
358474
358475
358476
358478
358479
358480
358482
358483
358484
358485
358486
358487
358488
358489
358490
358491
358492
358493
358494
358495
358496
358497
358498
358499
358500
358501
358502
358503
358504
358505
358506
358507
358508
358509
358510
358511
358512
358513
358514
358515
358516
358517
358519
358520
358521
358523
358525
358532
358536
358537
358539
358541
358544
358545
358547
305436
306576
358549
358550
358551
358552
358553
358555
358556
358557
358558
358559
358560
358561
358562
358563
358564
358565
358566
358567
358568
358570
358571
358572
358573
358575
358576
358577
358578
358579
358580
358581
358582
358583
358584
358585
358586
358587
358588
358589
358590
358591
358592
358594
358595
358596
358597
358598
358599
358600
358601
358602
358603
358605
358606
358607
358608
358609
358610
358611
358612
358613
358614
358615
358616
358617
358618
358619
358620
358621
358622
358623
358624
358625
358626
358627
358628
358629
358630
358631
358632
358633
358635
358636
358637
358638
358641
358647
358648
358650
358651
358652
358653
307438
358662
358663
358667
358668
358669
358670
358671
358672
358673
358674
358675
358676
358677
358678
358679
358680
358681
358683
358684
358685
358686
358687
358688
358689
358690
358691
358692
358693
358694
358695
358696
358697
358698
358699
358701
358702
358703
358704
358705
358706
358707
358708
358709
358710
358711
358712
358713
358714
358715
358716
358717
358718
358719
358720
358721
358722
358723
358724
358725
358726
358727
358728
358729
358730
358731
358732
358733
358734
358735
358738
358739
358740
358742
358743
358744
358746
358748
358750
358751
358752
358753
358755
358756
358757
358761
358762
347426
306038
358763
358768
358769
358770
358772
358773
358774
358775
358776
358777
358778
358779
358780
358782
358784
358785
358786
358787
358788
358789
358790
358791
358792
358793
358794
358795
358796
358797
358798
358799
358800
358802
358803
358804
358805
358806
358807
358808
358810
358811
358812
358813
358814
358815
358816
358817
358818
358819
358820
358821
358822
358823
358824
358825
358826
358827
358828
358829
358830
358831
358832
358833
358834
358835
358836
358837
358838
358839
358840
358841
358842
358843
358844
358845
358846
358847
358848
358849
358850
358851
358852
358853
358854
358855
358856
358857
358858
358859
358860
358862
358863
358865
358866
358867
358868
358869
358870
306743
358872
358873
358874
358875
358876
358877
358878
358879
358882
358883
358884
358885
358886
358887
358889
358890
358891
358892
358893
358894
358895
358896
358897
358898
358899
358900
358901
358902
358903
358904
358905
358906
358907
358908
358909
358910
358912
358913
358914
358915
358916
358917
358919
358920
358921
358922
358923
358924
358925
358926
358927
358928
358929
358930
358931
358932
358933
358934
358935
358936
358937
358938
358939
358940
358941
358942
358943
358944
358945
358946
358947
358949
358950
358952
358953
358954
358957
358959
358960
358962
358963
358964
307439
307620
307706
358968
358969
358973
358974
358975
358976
358978
358979
358980
358981
358982
358983
358984
358986
358987
358988
358989
358990
358991
358992
358993
358994
358995
358996
358997
358998
358999
359000
359001
359002
359003
359004
359005
359006
359007
359008
359009
359010
359011
359012
359013
359014
359015
359016
359017
359018
359019
359020
359021
359022
359023
359024
359025
359027
359028
359030
359031
359032
359033
359034
359035
359037
359038
359039
359042
359044
359045
359046
359047
359048
359050
359053
359055
359056
359057
306027
307351
359059
359061
359062
359063
359065
359066
359067
359068
359069
359070
359072
359073
359074
359075
359076
359077
359078
359079
359080
359081
359082
359083
359084
359085
359086
359087
359088
359089
359090
359091
359092
359093
359094
359095
359096
359097
359098
359099
359100
359101
359102
359103
359104
359105
359106
359107
359108
359109
359110
359111
359112
359113
359114
359115
359116
359117
359118
359119
359120
359121
359122
359123
359124
359125
359126
359127
359128
359129
359130
359131
359132
359133
359134
359135
359136
359137
359138
359139
359140
359141
359142
359143
359144
359146
359149
359150
359151
359153
359154
359158
359159
359161
359162
359163
359164
359165
359166
359168
359169
359170
307804
359173
359174
359175
359176
359179
359180
359181
359182
359183
359185
359186
359187
359188
359189
359190
359191
359192
359193
359194
359195
359196
359197
359198
359199
359200
359201
359202
359203
359204
359205
359206
359207
359208
359209
359210
359211
359212
359213
359214
359215
359216
359217
359218
359219
359220
359221
359222
359223
359224
359225
359226
359227
359228
359229
359230
359231
359232
359233
359234
359235
359236
359237
359238
359239
359240
359241
359242
359243
359244
359245
359246
359247
359248
359249
359251
359252
359253
359254
359257
359258
359259
359260
359261
359262
359263
359264
359267
359269
359270
359271
359272
359274
359275
359277
359280
359282
359283
359284
359285
359286
359287
359288
359289
359290
359291
359292
359293
359294
359295
359296
359297
359298
359299
359300
359301
359302
359303
359304
359305
359306
359307
359308
359309
359310
359311
359312
359313
359314
359315
359316
359317
359318
359319
359320
359321
359322
359323
359324
359325
359326
359327
359328
359329
359330
359331
359332
359333
359334
359335
359336
359337
359338
359339
359340
359341
359342
359343
359344
359345
359347
359348
359349
359350
359352
359354
359357
359359
359360
359362
359363
306672
307008
359365
359367
359369
359370
359371
359372
359373
359374
359375
359376
359379
359380
359381
359382
359383
359384
359385
359386
359387
359388
359389
359390
359391
359392
359393
359394
359395
359396
359397
359398
359399
359400
359401
359402
359403
359404
359405
359406
359407
359408
359409
359410
359411
359412
359413
359414
359415
359416
359417
359418
359419
359420
359421
359422
359423
359424
359425
359426
359427
359428
359429
359430
359431
359432
359433
359434
359435
359436
359437
359438
359439
359440
359441
359442
359443
359445
359446
359447
359449
359450
359452
359455
359456
359461
359462
359463
359464
359468
342415
359469
359472
359473
359474
359476
359477
359478
359480
359481
359482
359483
359484
359485
359486
359488
359489
359490
359491
359492
359493
359494
359495
359496
359497
359498
359499
359500
359501
359502
359503
359504
359505
359506
359507
359508
359509
359510
359511
359512
359513
359514
359515
359516
359517
359518
359519
359520
359521
359522
359523
359524
359525
359526
359527
359528
359529
359530
359531
359532
359533
359534
359535
359536
359537
359538
359539
359540
359541
359542
359543
359544
359545
359546
359547
359548
359550
359551
359552
359555
359556
359557
359558
359559
359560
359561
359562
359565
359567
359568
359569
359570
359571
359572
359573
359574
359575
306666
307352
308065
308066
308067
359576
359577
359578
359580
359581
359582
359586
359587
359588
359589
359590
359591
359592
359593
359594
359595
359596
359597
359598
359599
359600
359601
359602
359603
359604
359605
359606
359607
359608
359609
359610
359611
359612
359613
359614
359615
359616
359617
359618
359619
359620
359621
359622
359623
359624
359625
359626
359627
359628
359629
359630
359631
359632
359633
359634
359635
359636
359637
359638
359639
359640
359641
359642
359643
359644
359645
359646
359647
359648
359649
359650
359651
359652
359653
359655
359656
359657
359658
359659
359660
359661
359663
359667
359670
359671
359672
359673
359674
359676
359677
359678
359680
307095
307805
359681
359682
359684
359686
359687
359688
359689
359690
359691
359692
359693
359694
359695
359696
359697
359698
359699
359700
359701
359702
359703
359704
359705
359706
359707
359708
359709
359710
359711
359712
359713
359714
359715
359716
359717
359718
359719
359720
359721
359722
359723
359724
359725
359726
359727
359728
359729
359730
359731
359732
359733
359734
359735
359736
359737
359738
359739
359740
359741
359742
359743
359744
359745
359746
359747
359748
359749
359750
359751
359752
359753
359754
359755
359756
359757
359758
359759
359760
359761
359762
359763
359764
359765
359766
359769
359770
359771
359773
359774
359775
359779
359780
359781
359782
359784
359785
359786
359787
359788
359789
359790
359791
359792
359793
359794
359795
359796
359797
359798
359799
359800
359801
359802
359803
359804
359805
359806
359807
359808
359809
359810
359811
359812
359813
359814
359815
359816
359817
359818
359819
359820
359821
359822
359823
359824
359825
359826
359827
359828
359829
359830
359831
359832
359833
359834
359835
359836
359837
359838
359839
359840
359841
359842
359843
359844
359845
359846
359847
359848
359849
359850
359851
359852
359853
359854
359856
359857
359858
359859
359860
359861
359862
359863
359864
359865
359866
359867
359870
359871
359873
359874
350407
306673
359875
359877
359880
359884
359885
359886
359888
359889
359891
359892
359893
359894
359895
359896
359897
359898
359899
359900
359901
359902
359903
359904
359905
359906
359907
359908
359909
359910
359911
359912
359913
359914
359915
359916
359917
359918
359919
359920
359921
359922
359923
359924
359925
359926
359927
359928
359929
359930
359931
359932
359933
359934
359935
359936
359937
359938
359939
359940
359941
359942
359943
359944
359945
359946
359947
359948
359949
359951
359952
359953
359955
359956
359957
359958
359959
359960
359961
359962
359963
359964
359965
359966
359967
359968
359969
359974
359975
359977
359978
359979
359980
359981
359982
359984
306509
358032
308323
308406
308407
359985
359986
359991
359994
359995
359996
359997
359998
360000
360001
360002
360003
360004
360005
360006
360007
360008
360009
360010
360011
360012
360013
360014
360015
360016
360017
360018
360019
360020
360021
360022
360023
360024
360025
360026
360027
360028
360029
360030
360031
360032
360033
360034
360035
360036
360037
360038
360039
360040
360041
360042
360043
360044
360045
360046
360047
360048
360049
360050
360051
360052
360053
360054
360055
360056
360057
360058
360059
360060
360061
360062
360063
360064
360065
360066
360067
360068
360069
360070
360071
360072
360073
360074
360077
360078
360079
360080
360081
360082
360083
360084
360085
360086
360087
360088
360089
358236
307891
360090
360091
360092
360094
360095
360096
360098
360100
360101
360103
360104
360105
360106
360107
360108
360109
360110
360111
360112
360113
360114
360115
360116
360117
360118
360119
360120
360121
360122
360123
360124
360125
360126
360127
360128
360129
360130
360131
360132
360133
360134
360135
360136
360137
360138
360139
360140
360141
360142
360143
360144
360145
360146
360147
360148
360149
360150
360151
360152
360153
360154
360155
360156
360157
360158
360159
360160
360161
360162
360163
360164
360165
360166
360167
360168
360169
360170
360173
360174
360175
360176
360177
360178
360180
360181
360189
306318
307269
308495
360192
360196
360197
360198
360199
360200
360201
360202
360203
360204
360205
360206
360207
360208
360209
360210
360211
360212
360213
360214
360215
360216
360217
360218
360219
360220
360221
360222
360223
360224
360225
360226
360227
360228
360229
360230
360231
360232
360233
360234
360235
360236
360237
360238
360239
360240
360241
360242
360243
360244
360245
360246
360247
360248
360249
360250
360251
360252
360253
360254
360255
360256
360257
360258
360259
360260
360261
360262
360263
360264
360265
360266
360267
360268
360269
360270
360271
360272
360273
360274
360275
360276
360278
360279
360280
360283
360285
360286
360287
360288
307542
307809
360292
360293
360294
360295
360296
360298
360299
360300
360302
360303
360304
360305
360306
360307
360308
360309
360310
360311
360312
360313
360314
360315
360316
360317
360318
360319
360320
360321
360322
360323
360324
360325
360326
360327
360328
360329
360330
360331
360332
360333
360334
360335
360336
360337
360338
360339
360340
360341
360342
360343
360344
360345
360346
360347
360348
360349
360350
360351
360352
360353
360354
360355
360356
360357
360358
360359
360360
360361
360362
360363
360364
360365
360366
360367
360368
360369
360370
360371
360372
360373
360374
360375
360376
360377
360378
360381
360382
360383
360385
360386
360387
360388
360389
360390
360391
306665
360393
360394
360395
360398
360399
360400
360401
360402
360403
360404
360405
360406
360407
360408
360409
360410
360411
360412
360413
360414
360415
360416
360417
360418
360419
360420
360421
360422
360423
360424
360425
360426
360427
360428
360429
360430
360431
360432
360433
360434
360435
360436
360437
360438
360439
360440
360441
360442
360443
360444
360445
360446
360447
360448
360449
360450
360451
360452
360453
360454
360455
360456
360457
360458
360459
360460
360461
360462
360463
360464
360465
360466
360467
360468
360469
360471
360473
360474
360475
360476
360478
360479
360481
360486
360487
360488
360489
360492
360494
360495
360496
360497
307714
307980
308670
308928
360501
360502
360505
360506
360507
360508
360509
360511
360512
360513
360515
360516
360517
360518
360519
360520
360521
360522
360523
360524
360525
360526
360527
360528
360529
360530
360531
360532
360533
360534
360535
360536
360537
360538
360539
360540
360541
360542
360543
360544
360545
360546
360547
360548
360549
360550
360551
360552
360553
360554
360555
360556
360557
360558
360559
360560
360561
360562
360563
360564
360565
360566
360567
360568
360569
360570
360571
360572
360573
360574
360575
360576
360577
360578
360579
360580
360581
360582
360583
360584
360585
360586
360587
360589
360590
360591
360592
360593
360595
360596
360597
360598
360599
307096
307713
308156
360601
360604
360607
360608
360609
360610
360611
360612
360613
360614
360615
360616
360617
360618
360619
360620
360621
360622
360623
360624
360625
360626
360627
360628
360629
360630
360631
360632
360633
360634
360635
360636
360637
360638
360639
360640
360641
360642
360643
360644
360645
360646
360647
360648
360649
360650
360651
360652
360653
360654
360655
360656
360657
360658
360659
360660
360661
360662
360663
360664
360665
360666
360667
360668
360669
360670
360671
360672
360673
360674
360675
360676
360677
360678
360680
360681
360682
360683
360686
360687
360688
360690
360691
360693
360695
360697
360698
360699
306040
306496
308151
358433
308667
360700
360701
360702
360703
360705
360707
360708
360709
360710
360711
360712
360713
360714
360715
360716
360717
360718
360719
360720
360721
360722
360723
360724
360725
360726
360727
360728
360729
360730
360731
360732
360733
360734
360735
360736
360737
360738
360739
360740
360741
360742
360743
360744
360745
360746
360747
360748
360749
360750
360751
360752
360753
360754
360755
360756
360757
360758
360759
360760
360761
360762
360763
360765
360766
360767
360768
360769
360770
360771
360772
360773
360774
360775
360776
360777
360778
360779
360780
360781
360782
360783
360785
360787
360789
360790
360791
360794
360797
360798
360799
360800
360801
360802
360803
360804
348133
307178
307814
309024
360806
360808
360809
360810
360811
360812
360813
360815
360816
360817
360818
360819
360820
360821
360822
360823
360824
360825
360826
360827
360828
360829
360830
360831
360832
360833
360834
360835
360836
360837
360838
360839
360840
360841
360842
360843
360844
360845
360846
360847
360848
360849
360850
360851
360852
360853
360854
360855
360856
360857
360858
360859
360860
360861
360862
360863
360864
360865
360866
360867
360868
360869
360870
360871
360872
360873
360874
360875
360876
360877
360878
360879
360880
360881
360882
360883
360884
360885
360886
360887
360888
360889
360890
360892
360893
360894
360895
360897
360898
360900
360901
360903
360904
360905
352770
307181
360908
360910
360912
360913
360914
360915
360916
360917
360918
360921
360923
360924
360925
360926
360927
360928
360929
360930
360931
360932
360933
360934
360935
360936
360937
360938
360939
360940
360941
360942
360943
360944
360945
360946
360947
360948
360949
360950
360951
360952
360953
360954
360955
360956
360957
360958
360959
360960
360961
360962
360963
360964
360965
360966
360967
360968
360969
360970
360971
360972
360973
360974
360975
360976
360977
360978
360979
360980
360981
360982
360983
360984
360985
360986
360987
360988
360989
360990
360991
360992
360994
360998
360999
361001
361003
361004
361005
361007
306237
307446
307813
361008
361009
361012
361013
361014
361016
361017
361018
361019
361020
361021
361022
361023
361024
361025
361026
361027
361028
361029
361030
361031
361032
361033
361034
361035
361036
361037
361038
361039
361040
361041
361042
361043
361044
361045
361046
361047
361048
361049
361050
361051
361052
361053
361054
361055
361056
361057
361058
361059
361060
361061
361062
361063
361064
361065
361066
361067
361068
361069
361070
361071
361072
361073
361074
361075
361076
361077
361078
361079
361080
361081
361082
361083
361084
361085
361086
361087
361088
361089
361090
361094
361095
361097
361098
361099
361100
361102
361104
361105
361106
361107
361108
306940
356697
307896
308575
361109
361110
361111
361112
361114
361115
361119
361120
361122
361123
361124
361125
361126
361127
361128
361129
361130
361131
361132
361133
361134
361135
361136
361137
361138
361139
361140
361141
361142
361143
361144
361145
361146
361147
361148
361149
361150
361151
361152
361153
361154
361155
361156
361157
361158
361159
361160
361161
361162
361163
361164
361165
361166
361167
361168
361169
361170
361171
361172
361173
361174
361175
361176
361177
361178
361179
361180
361181
361182
361183
361184
361185
361186
361187
361188
361189
361190
361191
361192
361194
361195
361196
361198
361202
361204
361205
361208
307802
307901
359465
309379
361210
361211
361212
361213
361214
361216
361217
361218
361219
361220
361221
361222
361223
361224
361225
361226
361227
361228
361229
361230
361231
361232
361233
361234
361235
361236
361237
361238
361239
361240
361241
361242
361243
361244
361245
361246
361247
361248
361249
361250
361251
361252
361253
361254
361255
361256
361257
361258
361259
361260
361261
361262
361263
361264
361265
361266
361267
361268
361269
361270
361271
361272
361273
361274
361275
361276
361277
361278
361279
361280
361281
361282
361283
361284
361285
361286
361287
361288
361289
361290
361291
361292
361293
361294
361295
361296
361297
361298
361299
361300
361301
361302
361304
361307
361308
361309
361311
361312
307633
307711
308840
309639
360380
361315
361316
361317
361318
361319
361321
361322
361323
361324
361325
361326
361327
361328
361329
361330
361331
361332
361333
361334
361335
361336
361337
361338
361339
361340
361341
361342
361343
361344
361345
361346
361347
361348
361349
361350
361351
361352
361353
361354
361355
361356
361357
361358
361359
361360
361361
361362
361363
361364
361365
361366
361367
361368
361369
361370
361371
361372
361373
361374
361375
361376
361377
361378
361379
361380
361381
361382
361383
361384
361385
361386
361387
361388
361389
361390
361392
361393
361394
361395
361396
361397
361398
361399
361402
361403
361404
361405
361406
361407
361408
361409
361410
361411
306500
307353
308238
308927
309720
309817
361413
361414
361420
361421
361422
361423
361424
361425
361426
361427
361428
361429
361430
361431
361432
361433
361434
361435
361436
361437
361438
361439
361440
361441
361442
361443
361444
361445
361446
361447
361448
361449
361450
361451
361452
361453
361454
361455
361456
361457
361458
361459
361460
361461
361462
361463
361464
361465
361466
361467
361468
361469
361470
361471
361472
361473
361474
361475
361476
361477
361478
361479
361480
361481
361482
361483
361484
361485
361486
361487
361488
361489
361490
361491
361492
361493
361494
361495
361496
361497
361498
361499
361500
361501
361502
361503
361504
361505
361508
361510
361511
305684
309202
309721
309722
361513
361514
361515
361517
361518
361519
361520
361521
361522
361523
361525
361526
361527
361528
361529
361530
361531
361532
361533
361534
361535
361536
361537
361538
361539
361540
361541
361542
361543
361544
361545
361546
361547
361548
361549
361550
361551
361552
361553
361554
361555
361556
361557
361558
361559
361560
361561
361562
361563
361564
361565
361566
361567
361568
361569
361570
361571
361572
361573
361574
361575
361576
361577
361578
361579
361580
361581
361582
361583
361584
361585
361586
361587
361588
361589
361590
361591
361592
361593
361595
361596
361597
361598
361599
361602
361605
361609
361610
361612
356587
307184
359265
308839
309986
361613
361614
361617
361619
361620
361621
361622
361623
361624
361626
361627
361628
361629
361630
361631
361632
361633
361634
361635
361636
361637
361638
361639
361640
361641
361642
361643
361644
361645
361646
361647
361648
361649
361650
361651
361652
361653
361654
361655
361656
361657
361658
361659
361660
361661
361662
361663
361664
361665
361666
361667
361668
361669
361670
361671
361672
361673
361674
361675
361676
361677
361678
361679
361680
361681
361682
361683
361684
361685
361686
361687
361688
361689
361690
361691
361692
361693
361694
361695
361696
361697
361698
361699
361700
361701
361702
361703
361704
361706
361707
361709
361710
361711
361712
361713
361714
361715
307443
307900
307006
309198
309472
309554
309638
361717
361719
361720
361721
361722
361723
361724
361725
361726
361727
361728
361729
361730
361731
361732
361733
361734
361735
361736
361737
361738
361739
361740
361741
361742
361743
361744
361745
361746
361747
361748
361749
361750
361751
361752
361753
361754
361755
361756
361757
361758
361759
361760
361761
361762
361763
361764
361765
361766
361767
361768
361769
361770
361771
361772
361773
361774
361775
361776
361777
361778
361779
361780
361781
361782
361783
361784
361785
361786
361787
361788
361789
361790
361791
361792
361793
361794
361795
361796
361797
361798
361799
361800
361801
361802
361804
361805
361806
361810
361811
361812
361813
361814
361815
361816
361817
361818
361819
348631
307192
308847
361824
361825
361827
361828
361829
361830
361831
361832
361833
361834
361835
361836
361837
361838
361839
361840
361841
361842
361843
361844
361845
361846
361847
361848
361849
361850
361851
361852
361853
361854
361855
361856
361857
361858
361859
361860
361861
361862
361863
361864
361865
361866
361867
361868
361869
361870
361871
361872
361873
361874
361875
361876
361877
361878
361879
361880
361881
361882
361883
361884
361885
361886
361887
361888
361889
361890
361891
361892
361893
361894
361895
361896
361897
361898
361899
361900
361901
361902
361903
361904
361905
361906
361907
361908
361909
361910
361911
361912
361913
361916
361917
361918
361919
361920
361923
361924
361925
361926
305786
306589
309201
361931
361932
361933
361935
361937
361938
361939
361940
361941
361942
361943
361944
361945
361946
361947
361948
361949
361950
361951
361952
361953
361954
361955
361956
361957
361958
361959
361960
361961
361962
361963
361964
361965
361966
361967
361968
361969
361970
361971
361972
361973
361974
361975
361976
361977
361978
361979
361980
361981
361982
361983
361984
361985
361986
361987
361988
361989
361990
361991
361992
361993
361994
361995
361996
361997
361998
361999
362000
362001
362002
362003
362004
362005
362006
362007
362008
362009
362010
362011
362012
362014
362015
362016
362017
362018
362021
362022
362023
362024
362025
362026
362028
362029
362030
307537
308162
308243
309640
362032
362033
362034
362035
362037
362039
362041
362042
362043
362044
362045
362046
362047
362048
362049
362050
362051
362052
362053
362054
362055
362056
362057
362058
362059
362060
362061
362062
362063
362064
362065
362066
362067
362068
362069
362070
362071
362072
362073
362074
362075
362076
362077
362078
362079
362080
362081
362082
362083
362084
362085
362086
362087
362088
362089
362090
362091
362092
362093
362094
362095
362096
362097
362098
362099
362100
362101
362102
362103
362104
362105
362106
362107
362108
362109
362110
362111
362112
362113
362114
362115
362116
362117
362118
362119
362120
362121
362122
362123
362126
362127
362129
362130
362131
362132
362133
307188
308846
309119
309289
362135
362137
362139
362140
362141
362142
362143
362144
362145
362147
362148
362149
362150
362151
362152
362153
362154
362155
362156
362157
362158
362159
362160
362161
362162
362163
362164
362165
362166
362167
362168
362169
362170
362171
362172
362173
362174
362175
362176
362177
362178
362179
362180
362181
362182
362183
362184
362185
362186
362187
362188
362189
362190
362191
362192
362193
362194
362195
362196
362197
362198
362199
362200
362201
362202
362203
362204
362205
362206
362207
362208
362209
362210
362211
362212
362213
362214
362215
362216
362217
362218
362219
362220
362221
362222
362223
362224
362226
362227
362228
362230
362235
362236
362237
362238
362239
362240
362241
362242
362243
306754
307625
309025
309294
309475
362245
362246
362247
362248
362249
362250
362251
362252
362253
362254
362255
362256
362257
362258
362259
362260
362261
362262
362263
362264
362265
362266
362267
362268
362269
362270
362271
362272
362273
362274
362275
362276
362277
362278
362279
362280
362281
362282
362283
362284
362285
362286
362287
362288
362289
362290
362291
362292
362293
362294
362295
362296
362297
362298
362299
362300
362301
362302
362303
362304
362305
362306
362307
362308
362309
362310
362311
362312
362313
362314
362315
362316
362317
362318
362319
362320
362321
362322
362323
362324
362325
362326
362327
362328
362329
362330
362331
362332
362333
362334
362335
362337
362338
362339
362340
362341
309032
309470
309636
309894
362343
362345
362346
362347
362348
362349
362350
362351
362353
362354
362355
362356
362357
362358
362359
362360
362361
362362
362363
362364
362365
362366
362367
362368
362369
362370
362371
362372
362373
362374
362375
362376
362377
362378
362379
362380
362381
362382
362383
362384
362385
362386
362387
362388
362389
362390
362391
362392
362393
362394
362395
362396
362397
362398
362399
362400
362401
362402
362403
362404
362405
362406
362407
362408
362409
362410
362411
362412
362413
362414
362415
362416
362417
362418
362420
362421
362422
362423
362424
362425
362426
362427
362428
362431
362432
362433
362434
362435
305702
306826
308589
308681
308762
308766
309723
310341
310614
362436
362437
362439
362440
362441
362442
362443
362444
362445
362446
362447
362448
362449
362450
362451
362452
362453
362454
362455
362456
362457
362458
362459
362460
362461
362462
362463
362464
362465
362466
362467
362468
362469
362470
362471
362472
362473
362474
362475
362476
362477
362478
362479
362480
362481
362482
362483
362484
362485
362486
362487
362488
362489
362490
362491
362492
362493
362494
362495
362496
362497
362498
362499
362500
362501
362502
362503
362504
362505
362506
362507
362508
362509
362510
362511
362512
362513
362514
362515
362516
362517
362518
362519
362520
362521
362522
362523
362524
362525
362526
362527
362528
362529
362530
362531
362532
362534
362538
308433
359156
310617
362543
362545
362546
362547
362548
362549
362550
362551
362552
362553
362554
362555
362556
362557
362558
362559
362560
362561
362562
362563
362564
362565
362566
362567
362568
362569
362570
362571
362572
362573
362574
362575
362576
362577
362578
362579
362580
362581
362582
362583
362584
362585
362586
362587
362588
362589
362590
362591
362592
362593
362594
362595
362596
362597
362598
362599
362600
362601
362602
362603
362604
362605
362606
362607
362608
362609
362610
362611
362612
362613
362614
362615
362616
362617
362618
362619
362620
362621
362622
362623
362624
362625
362626
362627
362628
362629
362630
362631
362632
362633
362636
362639
362640
362641
308674
309815
310075
310701
309469
362643
362645
362646
362647
362648
362649
362650
362651
362652
362653
362654
362655
362656
362657
362658
362659
362660
362661
362662
362663
362664
362665
362666
362667
362668
362669
362670
362671
362672
362673
362674
362675
362676
362677
362678
362679
362680
362681
362682
362683
362684
362685
362686
362687
362688
362689
362690
362691
362692
362693
362694
362695
362696
362697
362698
362699
362700
362701
362702
362703
362704
362705
362706
362707
362708
362709
362710
362711
362712
362713
362714
362715
362716
362717
362718
362719
362720
362721
362722
362723
362724
362725
362726
362727
362728
362729
362730
362732
362734
362735
362736
362737
362738
362739
362740
350587
309473
359266
359665
310435
362741
362742
362743
362745
362746
362747
362748
362749
362750
362751
362752
362753
362754
362755
362756
362757
362758
362759
362760
362761
362762
362763
362764
362765
362766
362767
362768
362769
362770
362771
362772
362773
362774
362775
362776
362777
362778
362779
362780
362781
362782
362783
362784
362785
362786
362787
362788
362789
362790
362791
362792
362793
362794
362795
362796
362797
362798
362799
362800
362801
362802
362803
362804
362805
362806
362807
362808
362809
362810
362811
362812
362813
362814
362815
362816
362817
362818
362819
362820
362821
362822
362823
362824
362825
362826
362827
362828
362829
362830
362831
362834
362836
362837
362838
362839
362840
306682
306838
309297
310077
310520
360594
361603
362842
362844
362845
362847
362848
362849
362850
362851
362852
362853
362854
362855
362856
362857
362858
362859
362860
362861
362862
362863
362864
362865
362866
362867
362868
362869
362870
362871
362872
362873
362874
362875
362876
362877
362878
362879
362880
362881
362882
362883
362884
362885
362886
362887
362888
362889
362890
362891
362892
362893
362894
362895
362896
362897
362898
362899
362900
362901
362902
362903
362904
362905
362906
362907
362908
362909
362910
362911
362912
362913
362914
362915
362916
362917
362918
362919
362920
362921
362922
362923
362924
362925
362926
362927
362928
362929
362930
362931
362932
362933
362934
362935
362936
362937
362938
362939
362940
362941
349954
306950
308333
309818
310155
310702
362943
362945
362946
362947
362948
362950
362951
362952
362953
362954
362955
362956
362957
362958
362959
362960
362961
362962
362963
362964
362965
362966
362967
362968
362969
362970
362971
362972
362973
362974
362975
362976
362977
362978
362979
362980
362981
362982
362983
362984
362985
362986
362987
362988
362989
362990
362991
362992
362993
362994
362995
362996
362997
362998
362999
363000
363001
363002
363003
363004
363005
363006
363007
363008
363009
363010
363011
363012
363013
363014
363015
363016
363017
363018
363019
363020
363021
363022
363023
363024
363025
363026
363027
363028
363029
363030
363031
363032
363033
363035
363037
363038
363040
363041
363042
363043
307017
308149
359666
309378
310078
359355
359564
310149
310337
363044
363045
363048
363049
363050
363051
363052
363053
363054
363055
363056
363057
363058
363059
363060
363061
363062
363063
363064
363065
363066
363067
363068
363069
363070
363071
363072
363073
363074
363075
363076
363077
363078
363079
363080
363081
363082
363083
363084
363085
363086
363087
363088
363089
363090
363091
363092
363093
363094
363095
363096
363097
363098
363099
363100
363101
363102
363103
363104
363105
363106
363107
363108
363109
363110
363111
363112
363113
363114
363115
363116
363117
363118
363119
363120
363121
363122
363123
363124
363125
363126
363127
363128
363129
363130
363131
363132
363133
363134
363135
363136
363137
363138
363139
363140
363141
363142
363143
363144
363145
363146
363148
356603
307382
307895
308154
308941
309383
310150
361604
310781
311298
363149
363150
363151
363152
363153
363154
363155
363156
363157
363158
363159
363160
363161
363162
363163
363164
363165
363166
363167
363168
363169
363170
363171
363172
363173
363174
363175
363176
363177
363178
363179
363180
363181
363182
363183
363184
363185
363186
363187
363188
363189
363190
363191
363192
363193
363194
363195
363196
363197
363198
363199
363200
363201
363202
363203
363204
363205
363206
363207
363208
363209
363210
363211
363212
363213
363214
363215
363216
363217
363218
363219
363220
363221
363222
363223
363224
363225
363226
363227
363228
363229
363230
363231
363232
363233
363234
363235
363236
363238
363239
363240
363241
363243
363244
363245
363246
363247
363248
356704
306941
308075
308935
309645
309820
360277
310526
311044
306751
305015
311386
363250
363252
363253
363254
363255
363256
363257
363258
363259
363260
363261
363262
363263
363264
363265
363266
363267
363268
363269
363270
363271
363272
363273
363274
363275
363276
363277
363278
363279
363280
363281
363282
363283
363284
363285
363286
363287
363288
363289
363290
363291
363292
363293
363294
363295
363296
363297
363298
363299
363300
363301
363302
363303
363304
363305
363306
363307
363308
363309
363310
363311
363312
363313
363314
363315
363316
363317
363318
363319
363320
363321
363322
363323
363324
363325
363326
363327
363328
363329
363330
363331
363332
363333
363334
363335
363336
363337
363338
363339
363340
363341
363342
363343
363344
363345
363347
363348
363349
363351
363352
363353
363354
363355
363356
351922
308163
309641
310252
361199
307544
363357
363358
363360
363361
363363
363364
363365
363366
363367
363368
363369
363370
363371
363372
363373
363374
363375
363376
363377
363378
363379
363380
363381
363382
363383
363384
363385
363386
363387
363388
363389
363390
363391
363392
363393
363394
363395
363396
363397
363398
363399
363400
363401
363402
363403
363404
363405
363406
363407
363408
363409
363410
363411
363412
363413
363414
363415
363416
363417
363418
363419
363420
363421
363422
363423
363424
363425
363426
363427
363428
363429
363430
363431
363432
363433
363434
363435
363436
363437
363438
363439
363440
363441
363442
363443
363444
363445
363446
363447
363448
363449
363450
363451
363452
363453
363455
363457
363458
363459
363460
363461
363462
363463
363465
363466
356905
307640
308331
308337
360694
309833
310074
358958
356691
307357
357929
357714
363467
363468
363469
363470
363471
363472
363473
363474
363475
363476
363477
363478
363479
363480
363481
363482
363483
363484
363485
363486
363487
363488
363489
363490
363491
363492
363493
363494
363495
363496
363497
363498
363499
363500
363501
363502
363503
363504
363505
363506
363507
363508
363509
363510
363511
363512
363513
363514
363515
363516
363517
363518
363519
363520
363521
363522
363523
363524
363525
363526
363527
363528
363529
363530
363531
363532
363533
363534
363535
363536
363537
363538
363539
363540
363541
363542
363543
363544
363545
363546
363547
363548
363549
363550
363551
363552
363553
363554
363555
363556
363557
363558
363559
363561
363562
352933
354625
358643
308583
309380
310339
310527
310779
310868
311208
358235
363563
363564
363565
363566
363567
363568
363569
363570
363571
363572
363573
363574
363575
363576
363577
363578
363579
363580
363581
363582
363583
363584
363585
363586
363587
363588
363589
363590
363591
363592
363593
363594
363595
363596
363597
363598
363599
363600
363601
363602
363603
363604
363605
363606
363607
363608
363609
363610
363611
363612
363613
363614
363615
363616
363617
363618
363619
363620
363621
363622
363623
363624
363625
363626
363627
363628
363629
363630
363631
363632
363633
363634
363635
363636
363637
363638
363639
363640
363641
363642
363643
363644
363645
363646
363647
363648
363649
363650
363651
363652
363653
363654
363655
363656
363657
363658
363659
305095
307892
307894
308152
308326
309029
309144
359768
310089
310522
310619
311295
356375
363660
363661
363662
363663
363664
363665
363666
363667
363668
363669
363670
363671
363672
363673
363674
363675
363676
363677
363678
363679
363680
363681
363682
363683
363684
363685
363686
363687
363688
363689
363690
363691
363692
363693
363694
363695
363696
363697
363698
363699
363700
363701
363702
363703
363704
363705
363706
363707
363708
363709
363710
363711
363712
363713
363714
363715
363716
363717
363718
363719
363720
363721
363722
363723
363724
363725
363726
363727
363728
363729
363730
363731
363732
363733
363734
363735
363736
363737
363738
363739
363740
363741
363742
363743
363744
363745
363746
363747
363748
363749
363750
363751
363752
363753
363754
363755
363756
363757
363758
363759
363760
363761
363762
363763
363764
363765
363766
363767
363768
363769
363770
363771
346896
356425
309026
309120
309892
311051
311389
311467
306670
308325
363772
363773
363774
363775
363776
363777
363778
363779
363780
363781
363782
363783
363784
363785
363786
363787
363788
363789
363790
363791
363792
363793
363794
363795
363796
363797
363798
363799
363800
363801
363802
363803
363804
363805
363806
363807
363808
363809
363810
363811
363812
363813
363814
363815
363816
363817
363818
363819
363820
363821
363822
363823
363824
363825
363826
363827
363828
363829
363830
363831
363832
363833
363834
363835
363836
363837
363838
363839
363840
363841
363842
363843
363844
363845
363846
363847
363848
363849
363850
363851
363852
363853
363854
363855
363856
363857
363858
363859
363860
363861
363862
363863
363864
363865
363866
363867
363868
363869
363870
363871
351911
305621
306661
358029
309126
310961
357926
358416
357924
310250
307628
363872
363874
363875
363876
363877
363878
363879
363880
363881
363882
363883
363884
363885
363886
363887
363888
363889
363890
363891
363892
363893
363894
363895
363896
363897
363898
363899
363900
363901
363902
363903
363904
363905
363906
363907
363908
363909
363910
363911
363912
363913
363914
363915
363916
363917
363918
363919
363920
363921
363922
363923
363924
363925
363926
363927
363928
363929
363930
363931
363932
363933
363934
363935
363936
363937
363938
363939
363940
363941
363942
363943
363944
363945
363946
363947
363948
363949
363950
363951
363952
363953
363954
363955
363956
363957
363958
363959
363960
363961
363962
363963
363964
363965
363966
363967
363968
363969
363970
363971
363972
363973
363974
363975
363976
363977
363978
345168
349974
306626
307466
309490
310523
311215
358018
359549
311651
311656
306124
311836
307555
363979
363980
363981
363983
363984
363985
363986
363987
363988
363989
363990
363991
363992
363993
363994
363995
363996
363997
363998
363999
364000
364001
364002
364003
364004
364005
364006
364007
364008
364009
364010
364011
364012
364013
364014
364015
364016
364017
364018
364019
364020
364021
364022
364023
364024
364025
364026
364027
364028
364029
364030
364031
364032
364033
364034
364035
364036
364037
364038
364039
364040
364041
364042
364043
364044
364045
364046
364047
364048
364049
364050
364051
364052
364053
364054
364055
364056
364057
364058
364059
364060
364061
364062
364063
364064
364065
364066
364067
364068
364069
364070
364071
364072
364073
364074
364075
364076
364077
364078
364079
364080
364081
357533
307272
307904
308931
309199
359459
310534
310778
357525
311744
360186
358951
308069
312013
358642
359466
364082
364083
364084
364085
364086
364087
364088
364089
364090
364091
364092
364093
364094
364095
364096
364097
364098
364099
364100
364101
364102
364103
364104
364105
364106
364107
364108
364109
364110
364111
364112
364113
364114
364115
364116
364117
364118
364119
364120
364121
364122
364123
364124
364125
364126
364127
364128
364129
364130
364131
364132
364133
364134
364135
364136
364137
364138
364139
364140
364141
364142
364143
364144
364145
364146
364147
364148
364149
364150
364151
364152
364153
364154
364155
364156
364157
364158
364159
364160
364161
364162
364163
364164
364165
364166
364167
364168
364169
364170
364171
364172
364173
364174
364175
364176
364177
364178
307634
309031
309909
309987
360899
359458
311299
311657
306669
358644
)


// ************************************************************************* //
