/*--------------------------------*- C++ -*----------------------------------*\
| =========                 |                                                 |
| \\      /  F ield         | OpenFOAM: The Open Source CFD Toolbox           |
|  \\    /   O peration     | Version:  2406                                  |
|   \\  /    A nd           | Website:  www.openfoam.com                      |
|    \\/     M anipulation  |                                                 |
\*---------------------------------------------------------------------------*/
FoamFile
{
    version     2.0;
    format      ascii;
    arch        "LSB;label=32;scalar=64";
    class       scalarField;
    location    "0.007/lagrangian/dsmc";
    object      Ei;
}
// * * * * * * * * * * * * * * * * * * * * * * * * * * * * * * * * * * * * * //


5158
(
2.093170964e-21
4.780126092e-21
7.034672549e-22
6.909582828e-21
4.32411874e-21
5.966484852e-22
1.004494885e-20
9.657665737e-22
1.081485109e-20
1.874506535e-21
1.816330244e-22
3.275957902e-21
2.764848212e-23
2.580782293e-21
6.872332083e-22
3.917035781e-21
1.230899e-20
2.745011161e-21
1.302771249e-21
5.680898438e-21
1.556640741e-21
4.728525365e-22
8.881084609e-21
3.022248941e-21
5.633617457e-21
1.029846132e-20
6.120462099e-22
6.716327844e-21
6.434589547e-22
3.867125928e-21
2.921415807e-21
2.421166022e-21
3.601539393e-21
1.125195192e-21
2.59260026e-21
1.425758319e-21
9.647590324e-22
3.648520456e-21
1.98018346e-22
1.458325728e-21
7.203137892e-21
2.478973139e-22
6.096657797e-21
1.005272821e-20
2.177058085e-21
1.477284053e-21
8.129402912e-21
1.6527481e-21
1.142712354e-21
2.228997427e-21
7.436133446e-21
4.562988287e-22
2.379893138e-21
6.808652543e-22
2.071493629e-21
6.289341079e-21
1.129562125e-20
8.433032197e-21
3.561897222e-21
5.191414921e-22
3.815252823e-21
9.141305505e-22
3.72457885e-21
5.285078127e-22
3.229736787e-21
7.048945251e-21
5.118325961e-23
1.489548581e-21
7.580013957e-22
2.815787209e-22
5.17530018e-21
5.63872824e-22
1.717471989e-21
3.02139943e-21
4.447530626e-22
3.549864688e-21
5.970034939e-21
5.766036536e-21
6.824854984e-21
1.081326365e-21
4.321437338e-21
1.96698043e-22
1.805793383e-21
4.711633807e-21
4.170188872e-21
9.169796834e-22
1.062274057e-20
4.699174481e-22
2.665634717e-21
2.148277882e-21
1.015193613e-20
1.027179405e-20
1.906753066e-21
1.214290036e-21
1.257452698e-22
1.655269762e-20
3.294618944e-22
1.100439061e-20
8.158862734e-21
6.084376359e-21
6.136287706e-21
1.003190111e-20
8.909761363e-21
1.077746912e-20
4.888080266e-22
4.038137788e-21
7.250199181e-22
2.439293899e-21
1.035816672e-20
2.333986586e-21
1.378882086e-21
6.740397997e-21
1.002091572e-20
6.530297918e-22
2.010373947e-21
1.13300324e-20
6.688466188e-22
1.775302288e-21
4.595865194e-22
1.111621359e-22
5.718970846e-21
2.432397499e-21
6.719497594e-22
2.822402603e-21
3.824608642e-21
3.256531254e-22
8.55351165e-21
3.559616025e-21
3.11833811e-21
8.264925546e-21
7.993069736e-21
9.88721631e-21
2.345700451e-21
6.389918552e-22
4.25770572e-21
2.743100016e-21
3.794961187e-21
2.125595356e-21
1.206321006e-21
1.438314995e-21
1.311711165e-20
2.367169948e-21
4.858423956e-21
1.392285392e-21
3.798508179e-21
2.10371865e-21
6.185116309e-21
8.432620748e-21
2.677837051e-21
2.357154979e-21
5.876290458e-21
8.556336019e-21
1.028174441e-20
1.252288154e-20
8.548956984e-22
8.312820237e-21
1.425313359e-21
1.188343458e-20
2.482267208e-21
8.036937182e-21
3.108259996e-22
9.31735826e-21
1.03384952e-20
1.506016288e-21
2.15333254e-21
9.214046333e-21
4.010963878e-21
3.477312236e-21
4.903914684e-22
1.639829591e-21
8.973273474e-21
2.68479663e-21
9.874702878e-21
4.812835918e-21
7.648380515e-21
1.27531585e-21
4.585608456e-21
2.51130365e-21
4.4999814e-21
5.240597001e-23
1.271030479e-21
1.308552534e-21
6.526391948e-21
8.760311923e-21
6.162264221e-21
2.001577501e-21
2.53833981e-21
1.426632998e-21
7.127331103e-22
1.276319354e-21
1.007774898e-21
8.953967771e-21
3.419640795e-22
9.356678892e-21
2.762073198e-21
1.618646242e-21
1.974931801e-21
3.27241245e-21
1.85066366e-21
2.940726861e-21
9.797156818e-23
6.658349065e-21
3.870713514e-21
7.234107932e-21
5.341770851e-21
5.41876255e-22
2.791594911e-21
4.699916277e-21
8.094430773e-21
1.146632537e-21
1.364026154e-20
9.992242147e-22
2.481951368e-21
2.687118483e-21
1.777765094e-21
1.313638484e-22
7.271178396e-21
5.409183838e-21
7.717430576e-22
2.144825107e-21
1.954899117e-21
7.736116166e-21
1.513491866e-22
7.398638496e-22
4.348334558e-21
3.484187651e-21
2.348756722e-22
3.383368907e-21
1.384486383e-21
9.490161642e-21
9.87790793e-21
2.427575319e-22
1.181040813e-20
4.842716238e-21
6.299005107e-22
6.552725739e-21
2.632738836e-21
7.635578493e-22
1.788525698e-21
9.745475348e-21
1.186113295e-20
1.367801084e-21
3.785943945e-21
1.101251429e-20
2.092766131e-21
1.827403906e-21
5.053464676e-21
1.618685436e-20
2.965713925e-21
1.875431345e-21
4.044764409e-21
9.999026186e-21
1.609596945e-21
4.728181536e-21
4.088907046e-21
1.016370633e-20
1.602903697e-20
1.268815029e-20
1.830209008e-21
6.033288309e-21
3.380505305e-21
9.654337614e-22
3.762777657e-21
1.734711319e-21
7.25044363e-21
1.522533877e-22
4.22377849e-22
4.339563107e-21
1.747515663e-21
1.82075615e-21
7.793051879e-22
1.538801387e-20
3.965113755e-21
4.025261098e-21
3.03662969e-21
5.676507774e-22
2.357958618e-21
6.679112284e-21
2.883383282e-21
3.252059506e-21
1.530426792e-21
3.951752594e-21
7.662688009e-23
6.644861044e-22
1.123486301e-20
5.075217182e-22
2.355687013e-21
2.011608066e-20
4.872973991e-21
8.764457824e-22
4.331969822e-21
1.551318526e-21
2.664797384e-21
4.938325801e-21
7.937860411e-21
1.205689312e-20
2.412145288e-21
2.720313337e-21
7.952653464e-21
3.499720211e-21
1.111661985e-21
8.472976213e-21
1.837504856e-21
7.533348356e-22
1.141678178e-21
1.331686027e-22
6.28146133e-22
7.102449673e-21
5.082398126e-22
3.728291939e-21
5.27212129e-21
1.791655924e-21
2.058342471e-21
3.914857128e-21
4.283916277e-21
1.168922573e-21
7.476655537e-22
4.629316239e-21
9.263764431e-22
7.220889509e-21
1.801395838e-21
2.781245495e-21
1.0022897e-21
5.496646932e-22
4.994634161e-21
1.25506233e-23
3.062917453e-21
7.88884083e-21
3.340514402e-21
3.325495703e-21
2.075437656e-21
4.277049303e-22
6.470577388e-21
8.467393559e-21
2.814896655e-21
3.557910564e-21
8.807152022e-21
1.298378989e-21
3.694764927e-21
6.211937353e-21
7.4150755e-22
3.289366167e-21
2.038623732e-22
3.842623247e-21
2.469761084e-21
2.086739343e-21
1.993410928e-21
7.199529253e-22
2.761823724e-21
7.657477978e-21
2.142604647e-21
5.935946333e-21
2.347962196e-21
4.490332915e-21
1.264418612e-20
5.08961761e-21
2.757142305e-21
4.196812582e-21
9.239832922e-22
9.29557365e-23
1.817298869e-20
5.334053806e-21
6.229710053e-21
5.436565851e-21
1.211098579e-20
2.767821068e-21
6.150630847e-21
5.447376473e-21
9.995702489e-23
1.583651165e-21
2.691925914e-21
6.159538945e-21
2.198488412e-21
1.579812463e-21
2.456204166e-21
3.486029853e-23
1.706271475e-23
7.196560748e-22
1.209352498e-21
6.884749482e-21
8.093422e-21
2.848837393e-21
4.515886278e-21
4.840212711e-21
2.223004183e-21
2.305542912e-20
3.074789587e-21
2.647534351e-22
5.751963216e-21
1.242619881e-21
2.718229854e-21
1.659973299e-21
4.458802321e-21
6.582540897e-22
5.360900682e-22
3.231420547e-21
4.30311607e-21
6.517631426e-21
6.279010668e-22
6.221368333e-21
2.677251616e-21
2.386055858e-21
3.528387444e-21
1.120021661e-20
9.055448647e-21
9.719753972e-22
4.400761512e-21
3.596681037e-21
5.081657968e-21
1.601784866e-21
1.425947098e-21
2.675154356e-21
4.275930456e-21
4.363041465e-22
4.15769482e-22
3.330473916e-21
6.040671536e-21
1.462840809e-21
9.262954373e-22
1.461295934e-21
2.426896723e-21
8.082911423e-21
5.505315109e-21
9.178897167e-22
3.976815619e-21
3.881400205e-23
3.596746076e-21
1.150278992e-21
6.304207451e-21
9.742312765e-21
2.4968574e-21
2.241369738e-21
2.209763552e-21
7.974994843e-22
5.563450074e-21
1.268748687e-20
7.98195011e-21
5.262761713e-21
1.727602294e-21
6.738818811e-21
3.939756937e-21
1.531331187e-20
2.152220269e-21
5.544876424e-21
5.502857834e-22
3.403579795e-21
6.955243842e-21
1.480528364e-22
1.244199673e-21
1.777551211e-21
6.232582426e-22
4.757765645e-21
6.117459809e-22
4.143977802e-21
1.031959319e-20
1.986186001e-21
1.05551636e-20
6.871525536e-21
1.209390012e-20
1.093336624e-20
2.041656621e-20
9.643181372e-21
6.059300233e-22
1.060735356e-20
7.904930991e-21
6.495334355e-22
6.339714988e-21
6.95430728e-21
5.521098817e-21
7.887881197e-22
1.749581781e-21
6.987837478e-21
1.227990975e-21
2.479122733e-21
6.022029502e-21
5.659629625e-21
1.924841241e-21
6.452429017e-21
2.209887351e-21
2.434989497e-21
1.661432917e-21
9.300754619e-22
2.747083151e-21
4.023741172e-21
2.984714214e-21
1.611817923e-21
3.746873537e-21
1.533770108e-21
8.957152283e-22
3.302526786e-21
2.726901127e-21
3.348872196e-22
5.396928814e-23
1.174615852e-22
1.006862998e-22
5.475574421e-21
2.379737678e-21
1.442322236e-20
5.816668427e-21
3.214988962e-21
6.729802318e-22
2.414890562e-21
1.188543739e-20
9.020652976e-21
9.661023369e-22
5.591228078e-22
3.134620594e-21
3.851939649e-22
2.828378011e-21
1.94756804e-21
1.386860858e-21
4.685516901e-22
4.413997782e-21
3.462436955e-21
2.684736233e-21
1.266886111e-21
5.609076565e-22
9.86024396e-22
5.454111254e-21
5.888805507e-21
4.735325321e-21
3.294978211e-22
2.1495035e-21
9.59691233e-22
1.008521929e-21
1.040409214e-20
1.856950597e-20
2.239013359e-20
3.72310207e-21
5.630326066e-21
2.458559416e-22
6.82950479e-21
1.15217284e-21
9.240686457e-21
2.508276683e-21
9.764236234e-21
6.4294936e-21
3.496677274e-21
1.137172784e-20
7.802588597e-21
1.897721646e-21
2.39772048e-21
2.056559748e-21
2.534054361e-21
2.93680845e-21
1.490279611e-20
1.634880864e-20
2.351943255e-22
4.735942101e-22
1.767389786e-21
4.938462148e-21
9.105460363e-22
5.740240693e-22
1.683506052e-21
4.030689834e-21
9.48707953e-22
3.816741112e-24
1.452622886e-20
4.377946784e-22
1.382146256e-21
1.334769065e-21
5.793460193e-22
3.863717509e-21
7.549885078e-21
7.412339642e-22
7.240591157e-23
1.484951239e-21
6.702997055e-22
1.570327265e-20
8.856279978e-21
1.622027152e-21
3.04937821e-23
5.85896945e-21
9.058268713e-23
2.496539634e-21
2.892354799e-21
1.782287754e-22
2.892895866e-21
2.982901325e-22
9.5571718e-21
1.967473926e-21
4.884589786e-21
9.908516799e-21
9.810587547e-21
3.946545247e-22
8.018454602e-21
7.841296202e-21
1.848692667e-21
4.307117943e-21
9.99066e-21
3.020111577e-22
9.658425311e-21
7.468517704e-21
1.562664069e-21
4.440109696e-22
3.869602681e-21
1.189888721e-21
9.076022023e-21
3.066203715e-21
5.609679816e-21
2.093585115e-20
7.362571628e-22
1.160857684e-20
4.129275162e-21
3.550453091e-21
8.820378598e-22
5.853889335e-21
1.472402461e-20
1.206263833e-21
6.359881617e-21
2.644967145e-21
1.986191272e-21
4.129765297e-21
4.482734993e-21
3.988409555e-22
3.849140525e-21
6.570950723e-21
6.530859733e-21
1.701964732e-20
3.432720786e-21
6.050646361e-22
1.309598489e-21
9.583916638e-21
5.198370461e-22
4.658292108e-21
3.169106317e-21
8.594317122e-21
6.945432392e-23
4.083852092e-21
2.287806151e-21
3.690672829e-21
6.627741072e-21
1.667923558e-20
1.80902757e-22
3.649529357e-22
2.463520973e-21
5.393242608e-21
1.075966497e-20
3.66508129e-21
3.687811643e-21
2.184949792e-21
2.448877364e-21
8.300483846e-21
9.395658908e-22
3.524162224e-22
8.188799703e-21
1.482650279e-21
3.439666499e-22
8.86825802e-21
2.048786674e-21
1.046269169e-21
4.275587778e-21
4.381014549e-21
9.205954548e-22
7.572610441e-21
7.753307144e-21
1.629778766e-21
8.537115038e-21
7.044888549e-22
3.04299646e-21
3.229879512e-22
2.566201354e-21
4.627262094e-21
6.447122789e-22
1.434308086e-20
2.452513699e-21
2.274251623e-21
2.965812078e-22
4.288919815e-21
5.684214949e-21
2.709877995e-21
8.958469117e-22
2.39361567e-21
1.594168109e-23
1.374089655e-21
2.555508207e-21
1.976022766e-21
4.648337729e-22
2.360571507e-21
1.911081695e-20
2.678319037e-21
3.036202356e-21
4.809054893e-21
5.404269279e-21
1.101507192e-20
5.418220154e-21
5.511928157e-21
5.803202495e-21
5.176758515e-21
3.864831388e-22
1.735510945e-21
1.431497232e-21
2.91069856e-21
1.52071565e-22
3.738043651e-21
2.773883656e-22
9.588748351e-22
3.329032403e-21
2.631962374e-21
4.238571488e-22
2.394379016e-21
8.578482558e-21
6.475848856e-21
2.118792199e-21
1.208841786e-20
7.373022605e-21
2.230889367e-21
7.54170013e-21
6.514312356e-21
3.977941645e-21
3.552009941e-21
3.519371949e-22
1.483266377e-22
2.777041107e-21
6.585370947e-21
3.695757403e-22
7.376644419e-21
1.114284632e-20
6.180790516e-22
2.084836391e-21
5.989716104e-21
1.470337901e-21
2.728141654e-21
8.298979549e-21
2.056363591e-20
1.271950821e-21
8.342421384e-22
1.95946323e-21
5.965041476e-21
4.940620328e-22
2.437478529e-21
3.880569675e-21
2.937806867e-21
1.287705652e-20
3.447908479e-22
6.188919059e-22
9.868162384e-23
5.004175303e-22
3.531472938e-21
7.286487965e-21
3.643757914e-22
5.773198357e-21
1.156275205e-21
9.740952578e-22
3.53919999e-21
7.98835169e-22
9.266603772e-23
1.095313798e-22
4.088141825e-22
1.954635583e-20
7.203439722e-21
9.086795037e-21
9.640483554e-22
4.170676048e-21
1.279157395e-21
4.562531082e-22
9.396472509e-22
1.085815916e-21
3.360891612e-21
2.754704601e-21
6.661103211e-21
4.749499304e-21
3.560631725e-21
7.430161698e-21
5.59501996e-21
1.002898941e-20
5.477760954e-22
3.109213095e-21
7.54328231e-21
1.576641318e-22
7.199724893e-22
2.492516134e-21
3.400513888e-22
2.272989762e-21
1.22685307e-21
8.028562292e-21
1.221655061e-20
7.530105727e-22
1.451702271e-20
1.155886079e-21
4.122712798e-21
2.483402742e-21
1.362624893e-20
3.404207335e-21
5.14737319e-21
6.278148134e-22
1.030766759e-21
4.901451709e-22
2.218429027e-21
1.508746006e-20
1.82117197e-21
3.735604076e-21
5.266278832e-21
1.529076104e-21
4.83444241e-21
2.325119501e-21
7.379627911e-22
2.00872588e-21
4.729095103e-22
1.248948331e-20
3.846239075e-21
2.008929371e-21
4.153516473e-21
5.317054401e-21
5.566399081e-21
3.213727883e-22
7.927706297e-22
4.560116841e-21
5.635609376e-21
3.750541526e-21
8.38755907e-22
2.613206439e-21
3.892439814e-21
1.027682859e-21
1.048870109e-20
8.36323196e-22
3.924819513e-21
6.415982954e-22
2.616265579e-21
7.195591431e-22
3.827162907e-21
7.556908414e-21
1.059073691e-21
4.603437329e-23
7.329298846e-21
1.450869798e-21
7.284924755e-21
2.081636623e-20
1.879858427e-21
6.156265509e-21
1.744460822e-21
1.112792031e-20
6.171176466e-21
6.40739121e-22
1.698711328e-21
1.056802971e-20
2.34014622e-21
1.825742096e-21
7.282848183e-21
7.528874159e-21
1.234541159e-21
1.361352099e-21
4.353838171e-21
6.539051044e-23
9.598011227e-22
2.689530868e-21
5.048148541e-21
1.429371379e-21
2.9837367e-21
4.479585721e-21
3.73462832e-22
3.97777487e-21
2.641664221e-21
5.085871527e-21
6.313759155e-21
5.977204727e-22
7.534604645e-23
5.60620225e-23
1.289682049e-20
8.144044526e-22
4.381595989e-21
1.373013651e-21
5.187049226e-22
3.575913442e-21
2.629349418e-22
2.476045274e-21
4.477934431e-21
8.730364195e-22
3.99627507e-21
1.041812672e-21
4.163267129e-21
2.463834652e-21
6.833083483e-21
1.003346759e-20
6.422160085e-21
4.432187422e-21
5.394943853e-21
1.272704727e-21
4.551774852e-21
1.804708523e-21
3.546370658e-22
1.766445887e-21
2.987996867e-21
1.33050731e-21
7.056760655e-21
1.461037532e-21
6.162700659e-22
7.933893197e-21
1.290962801e-21
1.066735177e-20
1.13971965e-20
1.239931515e-20
1.085095325e-20
1.76044188e-21
9.193204825e-22
2.044528574e-21
8.418023541e-22
3.274786598e-21
1.164556614e-21
4.472998739e-21
2.656852174e-21
3.083650986e-22
8.543497082e-23
3.595626303e-21
8.768275064e-21
2.570402837e-22
1.475303149e-20
1.59775364e-21
3.22728514e-21
2.203796734e-21
6.329738603e-21
4.257916096e-21
4.719580361e-21
6.020569356e-21
8.697152709e-22
3.697310274e-21
2.430026415e-23
1.145148771e-20
4.70238061e-21
1.16138778e-21
8.050408119e-21
4.893416588e-22
8.079204805e-22
2.523906014e-21
3.288437377e-21
1.58474991e-21
8.161888828e-22
7.841293812e-22
1.779775058e-20
7.084760228e-21
1.181987179e-21
6.410743882e-21
3.391515924e-21
2.548181271e-21
4.440556519e-21
3.40177896e-22
5.05877206e-21
4.536177105e-21
5.803958208e-22
7.232472643e-21
3.72220991e-21
6.081251119e-22
2.024284005e-21
6.045912427e-22
5.213881267e-21
5.010999851e-21
7.367885335e-21
3.300776464e-21
1.662003116e-21
3.21382452e-21
6.139006178e-21
1.452648474e-21
4.543520714e-21
4.120492223e-21
3.886930161e-21
6.824964975e-21
1.090467565e-21
1.686226207e-21
7.553728288e-21
8.355838383e-22
4.819649263e-21
1.282949733e-20
6.808641582e-21
2.06368268e-21
3.645121162e-22
6.675258927e-22
6.106733624e-22
2.884730803e-21
8.789693544e-21
8.890160672e-21
2.020110918e-21
2.533084039e-22
7.141535247e-22
5.709747712e-21
7.949255619e-21
2.959070882e-22
5.325630831e-21
2.222221013e-21
3.176857783e-22
1.174818472e-21
5.546554286e-21
5.809420731e-21
5.332069921e-21
1.470917256e-21
2.80601526e-21
4.492457312e-21
2.219989416e-21
1.584359752e-21
3.436061745e-22
6.580819081e-21
1.075762889e-21
7.980178351e-21
1.17389713e-21
1.161600086e-20
2.277831274e-21
2.910741296e-21
1.864664377e-21
4.595673374e-21
2.280385548e-21
7.636275712e-21
3.431804042e-21
5.248695254e-22
1.309022469e-21
3.339681731e-21
1.272731723e-21
5.79500745e-21
1.618060921e-21
2.854867842e-21
5.627559374e-21
7.673974326e-21
7.919799401e-21
4.485300789e-21
8.92160083e-21
1.855974785e-22
1.568185849e-20
3.923445179e-21
5.725098152e-21
2.015022373e-21
2.203897076e-21
1.759486681e-21
1.647702941e-21
9.154257424e-21
5.912881024e-21
5.285792701e-21
1.074460383e-21
1.059694469e-22
3.90912071e-22
1.978856196e-20
7.198785955e-21
6.485646198e-22
2.13730253e-23
1.328470761e-20
4.988459613e-22
4.358132469e-21
3.157598833e-21
5.717502836e-21
8.540129304e-22
1.197592387e-20
4.321839057e-21
9.818704214e-22
9.843234414e-21
2.780115291e-21
2.799739731e-21
6.455780966e-22
1.724549913e-21
5.906814929e-22
7.375895449e-21
1.851132285e-20
5.498842838e-22
3.609974689e-21
8.778391615e-22
1.417602484e-21
3.922035283e-21
2.431452075e-21
4.140115872e-22
1.971591927e-21
8.227190672e-21
3.007263125e-21
2.578150595e-22
4.697011128e-22
5.120123723e-21
6.434214049e-21
3.839689535e-21
1.064607853e-21
7.869670431e-21
8.753862997e-21
8.675741107e-21
2.583003031e-21
5.09705581e-21
4.137997383e-21
6.542391286e-21
9.863561946e-22
3.311900733e-21
8.256742522e-21
4.789520327e-22
6.09913809e-21
1.260557453e-21
2.695959027e-21
7.820953697e-21
2.839290494e-21
9.21409131e-21
6.043065951e-21
1.34455108e-21
2.100008854e-21
7.185480711e-21
4.992814057e-21
7.701167232e-21
2.609292616e-21
6.781747777e-21
2.175148419e-21
1.935681801e-21
2.923811471e-21
5.087313676e-21
1.303192775e-24
1.71600918e-20
5.788398621e-22
9.849588359e-21
2.519449012e-22
2.565082481e-21
3.246227137e-21
6.846312053e-21
4.47948356e-22
3.228146241e-21
1.46810217e-21
1.935707658e-20
4.940795366e-23
4.174467574e-22
5.298929784e-21
1.199555931e-21
5.582888337e-21
3.381888461e-21
9.642372156e-22
5.00585003e-21
4.219710633e-20
1.495630558e-21
1.09993886e-21
1.948437651e-21
3.578769418e-22
4.294502256e-21
1.302705688e-20
4.09968024e-22
4.392130712e-21
2.754090139e-21
1.829364279e-21
6.159794514e-22
1.955544134e-21
3.046054498e-21
1.535482118e-21
1.235047575e-20
1.204458269e-21
3.087862792e-21
1.527900205e-20
7.182006324e-21
1.892419488e-21
3.614975376e-23
3.190409183e-21
1.55212783e-21
7.102988963e-24
7.335085953e-22
6.033831365e-21
6.499600392e-21
2.794053852e-21
4.512498531e-21
2.043239143e-21
1.308705729e-20
8.800216785e-21
6.558119978e-21
6.698942439e-21
9.219968125e-21
6.365947672e-21
6.803688314e-21
1.084846285e-21
2.626882533e-21
4.673022977e-21
1.9798926e-21
3.404912764e-22
2.512329807e-21
1.287150292e-22
4.200580067e-21
2.776640632e-21
2.112100341e-21
1.403696597e-22
5.59473268e-22
1.762790849e-21
1.092445303e-21
2.246988881e-21
3.00309776e-21
7.143230247e-22
7.34407184e-21
8.593306388e-21
2.559024937e-21
3.485707545e-21
3.9081747e-21
4.987344024e-22
1.267176233e-20
1.905963185e-21
1.765488128e-20
2.085143541e-21
2.677193708e-20
7.60303854e-22
2.028545895e-21
4.558241415e-21
1.311948141e-21
1.189331626e-21
7.498321095e-21
7.746149917e-21
2.035269698e-21
2.74058192e-21
6.14922137e-23
4.93280826e-21
2.497541895e-21
4.649646527e-21
2.854617145e-21
2.091325815e-21
1.060680762e-21
1.803316707e-21
3.402539591e-21
8.226907313e-21
9.524874048e-22
2.258515762e-21
1.03053295e-20
1.020892136e-21
5.170586816e-21
3.850695093e-21
2.53747233e-22
1.049359086e-20
8.405720643e-21
2.482987227e-21
2.258098377e-22
7.183385444e-22
1.85695927e-21
1.790307257e-21
8.820730039e-21
1.254979096e-21
3.360301338e-22
4.499151118e-21
4.829115359e-22
3.825501512e-21
4.443712706e-21
6.377958871e-21
7.941416618e-22
6.098294594e-21
9.985834738e-22
1.090944189e-21
2.775980331e-22
2.168006273e-21
2.660998413e-21
1.787239856e-21
2.40048644e-21
4.362339503e-21
1.703367789e-21
1.734449841e-21
3.88755693e-21
2.99102759e-21
9.054285659e-21
5.153907448e-21
3.661457211e-22
3.044428796e-21
2.41456571e-21
8.702385654e-21
5.474075332e-21
1.592241278e-21
6.27681368e-21
1.4348802e-20
1.980510949e-22
7.216630797e-21
3.312905338e-22
3.036478073e-21
1.840065194e-21
1.196693686e-21
2.181795941e-22
3.819820146e-23
1.238412263e-21
2.330825433e-21
1.832917931e-20
7.127579692e-21
9.045221205e-23
7.882211723e-22
3.295683686e-21
9.821350424e-21
2.320995741e-21
1.72780358e-21
2.367107268e-21
6.829156346e-23
3.339929187e-21
4.413291231e-21
5.385428085e-21
5.580811138e-21
1.009760067e-21
4.826294771e-21
1.556504077e-21
7.383406962e-21
4.098219897e-21
6.234157408e-22
6.5429876e-21
3.219333907e-22
2.226338109e-21
1.317352033e-20
5.259033682e-21
4.96263452e-22
7.362546026e-23
1.063559047e-20
4.664608802e-21
3.541281684e-21
5.308172344e-21
2.256659704e-21
2.26061003e-20
2.431784488e-21
2.740388559e-21
2.18706678e-21
1.636289041e-21
3.475893635e-21
3.151966696e-21
7.477330711e-21
9.439795496e-21
3.140520791e-21
1.27998073e-20
6.212415584e-21
5.642574024e-21
3.779885063e-21
4.552472694e-21
6.455412339e-22
1.80625532e-22
2.14157442e-21
4.064537209e-22
5.730266731e-21
5.566929836e-22
5.68414447e-21
6.713617326e-21
7.978521406e-21
6.213571217e-23
4.458641874e-21
9.504481833e-21
6.300759435e-21
1.676943034e-21
7.070739672e-22
1.788390443e-20
6.315326659e-21
1.301747188e-21
4.883183659e-21
1.887278303e-22
1.548602698e-21
9.396722688e-21
1.086102316e-20
2.059105757e-21
2.481846816e-21
2.036639454e-20
9.958523731e-22
2.111897275e-21
5.331187509e-21
2.248941878e-21
8.362456007e-22
4.33862487e-21
7.920803178e-21
7.745132801e-22
5.326164074e-21
3.913345703e-21
3.731792142e-21
1.094275926e-21
1.225117871e-21
7.680111937e-22
1.926123565e-21
1.52621449e-22
1.09350573e-20
2.953707074e-21
9.786016695e-21
6.465352753e-21
3.509158432e-21
1.690759993e-21
3.398332742e-21
1.698391934e-21
1.387687483e-21
4.159760175e-22
1.593477185e-21
1.264959554e-22
8.034274465e-22
9.659929759e-22
1.943493097e-21
2.240447171e-22
4.85715211e-21
7.022427383e-21
1.145076635e-20
1.223893259e-21
2.479494934e-21
5.718922193e-22
4.717409763e-21
2.693755288e-21
1.263764874e-20
6.438811701e-21
4.392910534e-21
4.396281457e-21
3.085800222e-21
9.803510647e-21
4.977504958e-21
1.933085603e-21
3.953764437e-21
8.686699347e-22
6.855520171e-22
6.65609685e-21
8.673721397e-21
2.437482799e-21
6.25747491e-21
2.366526913e-22
3.411865268e-21
1.393212353e-21
6.610944204e-21
1.092986974e-21
4.045758619e-21
7.430634056e-21
3.858571983e-21
3.34040638e-21
6.29414051e-21
2.943108172e-21
3.038915843e-21
9.872279521e-21
3.364180286e-21
1.084688648e-20
1.454679584e-21
6.302264386e-21
5.384145011e-21
7.072856638e-22
1.680565248e-21
1.939205015e-22
5.606879502e-21
7.180915574e-22
7.95582843e-21
3.131047834e-21
2.240598518e-21
5.927522469e-21
9.468859966e-21
7.886206693e-21
4.784155975e-21
1.303933479e-20
2.327237128e-21
1.184778016e-22
7.358144839e-22
2.489643914e-21
5.325698276e-21
1.488710369e-21
8.948981812e-21
1.886372898e-21
4.594253767e-22
1.835733022e-21
8.819846586e-21
7.706828957e-21
7.481871313e-21
5.089596026e-22
2.635279828e-21
6.068355448e-21
3.777851109e-22
7.287695905e-21
4.497601312e-21
9.735422755e-22
7.430211135e-21
1.392617465e-21
1.286622585e-20
2.082911951e-21
4.05404895e-21
2.534888779e-21
5.970641425e-21
3.000189758e-21
4.031762378e-21
9.365412454e-22
3.365186737e-22
3.690537982e-21
5.620860268e-21
1.471556356e-22
8.633928921e-21
2.870736357e-21
5.95743403e-21
1.153915962e-20
2.609712839e-22
1.931421286e-21
1.62713035e-21
3.528736242e-22
7.994841042e-21
1.344635514e-22
8.522692792e-21
5.980344113e-21
4.712098201e-21
1.41821014e-20
6.708537356e-21
9.587110776e-21
1.546771156e-22
5.921215815e-22
1.730207107e-21
6.17256912e-21
3.919142447e-21
1.484898182e-21
3.409586849e-21
7.18322245e-22
7.267324564e-21
2.280014539e-21
5.007082082e-21
9.249301398e-21
9.810905953e-22
9.202145957e-21
2.35399112e-21
1.839889568e-21
1.086969994e-21
4.24723455e-21
6.348763981e-21
1.945555705e-21
3.565087292e-21
3.314944734e-21
1.590211794e-21
3.272743162e-22
2.463836555e-21
2.41595932e-21
1.094733603e-20
7.665927114e-22
1.425104939e-21
3.779341188e-21
4.348723912e-22
8.10790547e-21
8.199193293e-21
6.681148521e-22
2.957931536e-21
4.141688942e-22
1.4828964e-21
1.796995205e-20
5.662150321e-21
1.778334255e-21
2.463680335e-21
3.839926896e-22
9.248004958e-22
6.800150975e-21
5.863681231e-22
2.566894928e-21
8.949952578e-21
8.630353989e-23
5.413344339e-21
8.315001112e-21
2.82040431e-21
5.036000303e-21
2.062081108e-21
1.622137324e-21
1.759813795e-22
2.261150436e-21
1.903018166e-21
2.88593079e-21
3.507186037e-21
1.340108823e-21
1.14068222e-20
1.162352575e-20
9.955558645e-21
6.564895575e-22
6.332675698e-21
9.383727147e-21
1.240546459e-21
3.663063321e-21
2.576695265e-21
4.712120981e-22
4.639316977e-22
2.786916219e-21
4.551494738e-22
3.260022559e-21
1.799725589e-21
3.303399606e-21
3.294245057e-21
9.862682221e-21
2.513960406e-21
7.077485092e-21
9.673276417e-21
9.988320561e-21
3.784607715e-21
2.818012912e-22
4.899840426e-22
2.698950831e-21
8.826493968e-22
3.725743085e-21
6.562289342e-21
4.666298579e-21
1.406195966e-22
5.415912662e-21
2.452331125e-21
8.800751076e-21
9.992297106e-21
7.160529352e-22
1.869407817e-21
1.15269488e-21
2.813755303e-21
5.036186431e-21
2.601120159e-21
2.182599843e-21
3.64395169e-21
7.836067386e-22
2.880882668e-22
2.166213514e-21
7.358292901e-22
8.168814149e-21
4.316360857e-21
1.733490812e-21
8.458479218e-22
2.489533069e-22
1.040568019e-21
6.716498647e-21
3.492051311e-21
3.112229583e-22
3.265290918e-21
1.020596443e-20
1.401491947e-21
5.096137221e-22
1.437489149e-21
1.756631136e-21
1.832194132e-21
2.915418257e-21
5.529761113e-21
1.687618389e-22
4.426804377e-22
7.633959835e-23
3.827756965e-21
5.243564761e-21
5.72567672e-21
1.314672807e-21
9.241661447e-21
1.156874542e-21
1.257476795e-20
6.301453012e-21
1.128653259e-20
7.446096463e-21
4.223905464e-22
1.610336103e-21
4.632733377e-21
9.84944169e-21
6.632918732e-21
3.710664381e-21
7.2171552e-21
1.007802625e-21
1.330761291e-21
1.746238268e-21
1.395991901e-20
6.953827055e-22
4.978839417e-21
1.784348803e-20
3.122339799e-21
1.007319336e-21
4.738654113e-21
1.09363352e-21
2.355274227e-21
6.782135231e-21
4.766157731e-21
5.719347378e-22
4.139226256e-21
1.555858395e-20
6.717747543e-21
2.608487336e-20
4.654593972e-21
6.584788602e-21
3.316451915e-21
9.038522801e-22
2.038540256e-21
8.744295288e-21
3.860768029e-21
9.559725404e-21
1.541157702e-21
3.451524072e-21
2.554500207e-21
7.572037438e-21
7.921471821e-21
1.786290414e-21
1.044646039e-21
2.807578577e-21
1.767302669e-21
1.217052331e-21
7.66932413e-21
1.830564202e-21
1.823462639e-21
7.327881079e-21
5.062984755e-21
6.773460365e-21
5.981764581e-22
7.92770212e-21
2.640824919e-22
2.387515532e-21
1.025398263e-20
3.313309145e-21
1.564896861e-21
1.802976605e-21
2.17998797e-22
1.857630897e-21
2.247189784e-20
3.366112675e-22
8.091258495e-21
9.669372104e-22
1.551833359e-21
1.84753677e-21
3.07794218e-21
4.29553686e-22
3.055501244e-21
1.572838306e-21
5.636563338e-21
6.183895477e-22
1.675971654e-21
3.602172442e-21
5.50953684e-21
1.817482489e-21
9.126030208e-21
4.831988388e-21
5.707131904e-21
1.201184788e-21
2.627992847e-21
1.479974629e-21
6.388085321e-21
7.780025988e-21
6.873458e-21
6.884395258e-21
3.200251039e-22
9.828396297e-22
1.939330467e-21
7.40659728e-23
2.663996131e-21
9.66381576e-21
4.077083909e-21
3.651086354e-23
4.23243732e-21
1.180969128e-22
4.881683303e-21
1.415432513e-20
4.879972125e-22
8.585843558e-21
1.646479022e-21
1.762645958e-20
3.272496598e-21
4.817023504e-22
5.727968375e-21
3.632829293e-21
7.339086381e-21
2.324593348e-21
2.149458475e-21
2.135247155e-21
1.241659532e-21
7.92972343e-22
1.709722285e-21
1.952761831e-21
2.640323154e-20
1.411591027e-21
5.356455463e-21
2.084840828e-22
1.521384252e-21
4.063182679e-21
1.377613951e-21
4.929585411e-21
6.098692164e-21
2.911514111e-21
5.69237599e-21
2.552385562e-21
9.624271435e-22
3.50595315e-21
7.371231725e-21
3.004583784e-21
5.108294323e-21
1.197034979e-21
1.043658234e-21
3.148815439e-21
1.3261912e-20
3.157638896e-21
1.336019735e-21
1.914737469e-21
2.935859457e-22
5.054084001e-22
9.045637773e-22
1.985163391e-21
2.243521325e-21
1.985723608e-21
4.663271336e-21
7.206467327e-21
3.301885394e-21
2.293868213e-21
6.072299913e-22
9.653636488e-22
8.010400763e-22
1.096220011e-21
2.473210008e-21
7.318047346e-22
2.417492091e-22
4.079820664e-22
3.321326962e-21
4.288033202e-21
8.610031757e-21
1.04145368e-20
5.748956799e-21
1.183629031e-20
2.947300703e-21
3.526660347e-21
7.323599896e-21
7.937617888e-21
1.648171389e-21
1.614354668e-20
4.452991797e-22
1.345800661e-20
6.096693592e-21
4.004364319e-22
2.998876788e-22
1.198578377e-20
2.749784362e-21
7.131522946e-21
7.107011724e-21
1.484654286e-21
1.024639926e-22
3.123974389e-21
2.720260919e-21
3.260120302e-21
1.60134782e-21
3.278924253e-21
1.120381414e-21
1.038365977e-21
4.440536926e-21
2.096180251e-21
4.67780025e-21
1.450585577e-21
2.330315567e-21
3.090868467e-21
1.561086412e-22
8.166034134e-22
2.077640343e-21
6.633348919e-22
9.320057748e-21
5.955614682e-21
1.857222818e-20
1.93309287e-22
4.280760076e-22
3.289988193e-21
4.24177261e-21
3.396430939e-21
5.947649379e-22
6.381332786e-22
7.264987236e-21
1.011397945e-21
1.043967241e-21
6.316916659e-23
1.328565747e-20
3.858108018e-21
1.425618778e-21
2.407102924e-21
2.120006701e-21
7.713225161e-21
1.835920128e-21
3.833678082e-21
5.057514123e-21
5.142885755e-21
7.922238886e-21
7.705311806e-21
3.88641391e-22
1.12126376e-20
2.513637574e-21
1.910023362e-21
7.500390406e-21
9.438129405e-22
1.72031673e-21
6.724817504e-21
7.777614405e-21
1.437956198e-21
5.091021446e-21
1.684039182e-22
3.915689432e-24
1.924765283e-22
2.386987958e-21
1.379269043e-21
3.288230873e-21
5.89894111e-21
3.750105332e-21
2.128272567e-21
8.016407409e-21
1.175733105e-22
7.970739934e-21
1.235455453e-21
3.00611625e-21
3.11193817e-21
2.697167855e-21
3.240644438e-21
1.537866168e-21
4.086053491e-21
9.218389152e-22
1.355777942e-21
2.342860363e-21
4.138012682e-21
4.780274003e-22
4.058585055e-21
5.180504706e-21
4.039830228e-22
7.014709815e-21
7.371470551e-21
3.270123702e-22
1.84141667e-21
7.524701301e-21
4.632785698e-21
1.448913374e-21
1.618539245e-21
4.521789048e-21
4.847945789e-21
3.14432483e-22
9.6862301e-21
1.182106069e-20
2.798073048e-21
1.536464057e-21
1.149095901e-21
5.401784166e-22
3.62222127e-21
2.712842984e-21
5.25969669e-21
6.074428902e-21
3.558660558e-22
1.731118157e-21
1.269599999e-21
6.229860894e-21
2.028754562e-22
6.837269318e-21
3.243233364e-21
4.435774785e-21
1.136519393e-21
1.767205238e-21
1.17267757e-21
3.345751753e-21
1.959282031e-21
8.357842038e-22
1.837078221e-21
4.278206616e-21
3.866880278e-21
3.106781286e-21
8.440030349e-21
5.312227835e-21
1.3706355e-22
1.880925368e-21
1.492383988e-20
6.954401025e-21
3.781436105e-21
5.49465825e-22
8.914223742e-21
1.363893714e-21
1.013468099e-20
1.807823054e-22
1.760991981e-20
8.881098547e-21
3.225438821e-21
5.4652722e-21
1.072240972e-20
2.349401384e-21
1.324703099e-21
4.112220332e-21
6.50181393e-22
9.914194074e-22
2.686488159e-22
5.262880578e-22
7.993764349e-21
6.904847515e-22
3.910847818e-21
1.12634066e-20
2.55927344e-21
2.41074756e-21
6.812977554e-21
3.190318737e-21
2.442972985e-21
1.441764036e-20
8.112806601e-22
3.139380993e-21
4.183869953e-22
1.351537601e-20
1.304782516e-21
1.366102146e-21
3.563541137e-21
2.409870184e-21
3.606665458e-21
2.253741817e-21
5.994822418e-21
2.892337463e-21
5.519251568e-21
3.768458807e-21
4.553981063e-21
1.898652325e-20
2.05376006e-21
2.158811961e-21
4.762240101e-21
1.258075087e-20
2.310469083e-21
7.569874127e-22
5.411981694e-21
2.763430983e-21
1.497791137e-21
5.830964988e-21
1.620887103e-20
4.953983483e-21
4.836505045e-21
1.58714596e-20
4.212591395e-21
3.097883392e-21
3.634363777e-22
2.516312737e-21
3.412962371e-21
9.182419743e-21
4.008434775e-21
2.299031184e-21
1.301222689e-20
9.772693523e-21
8.992936974e-21
4.111211306e-21
1.356965997e-21
4.809331234e-22
4.099458431e-21
2.407466619e-20
4.848124527e-21
1.197119509e-21
2.299161311e-21
4.400921678e-21
1.820997764e-21
4.376756714e-21
4.93653869e-21
4.575544484e-21
3.761156926e-21
1.30644443e-22
1.311210038e-20
8.70070243e-23
3.535255285e-21
2.859948635e-21
3.701627216e-21
1.244965725e-21
1.82295188e-21
4.137589314e-21
8.523940093e-21
3.460673956e-21
9.359447934e-21
1.517395811e-22
1.059959401e-20
2.48375144e-22
3.450041119e-21
5.289693805e-21
6.340234097e-21
3.011885804e-21
5.482528744e-21
5.451267677e-21
5.074067239e-21
9.507765233e-21
1.490824598e-20
2.830055892e-21
1.556550477e-21
1.310424947e-20
9.0293501e-21
4.613429374e-22
1.138311871e-20
5.111883691e-21
6.346007901e-21
4.04594095e-22
5.777837705e-22
2.925552728e-22
3.703318445e-21
5.438664867e-21
5.945353949e-21
5.174766439e-21
3.366695035e-21
4.46646404e-21
1.078891699e-21
4.069502766e-21
4.529609487e-21
3.665663678e-21
3.52216567e-22
2.205795671e-21
2.354343302e-21
5.080572349e-21
5.851006618e-22
2.705744407e-22
1.213052521e-22
1.305134369e-20
7.899667093e-22
1.049323768e-21
2.97386697e-21
1.869268451e-21
9.539878465e-22
3.478351707e-21
1.035592619e-21
6.547577456e-21
6.883166859e-24
1.025627303e-20
3.157050785e-22
2.408695412e-21
1.057649773e-20
1.131834426e-20
1.196450135e-20
8.270942746e-21
4.058008939e-21
3.885995739e-22
2.083602879e-21
1.860375506e-20
1.192264539e-20
5.543067738e-22
2.842423615e-21
4.915520262e-21
2.190012066e-21
6.335698916e-21
7.878513858e-22
3.425593135e-21
1.728723655e-21
1.165723105e-21
4.1422411e-22
3.532837951e-21
1.06854785e-22
4.343542706e-22
2.664737799e-21
9.674266334e-21
3.149485001e-22
1.418876047e-21
6.34171791e-22
4.522137936e-21
5.908823174e-21
1.702494569e-22
9.180505978e-22
5.848206639e-21
3.250322295e-21
3.133707058e-21
6.631004174e-21
5.770814524e-21
8.114188393e-22
1.913249097e-23
3.739604237e-22
3.776105659e-22
1.758959401e-20
1.697442089e-21
2.002777112e-21
4.506601156e-21
2.890380274e-21
2.319165693e-21
6.877788536e-21
5.275302863e-21
8.207029138e-22
3.148696591e-21
2.013549861e-20
2.852543543e-21
6.499382427e-21
7.521361952e-21
1.737399025e-21
3.428161522e-21
1.243365846e-21
7.245975057e-21
7.666457662e-22
9.153724781e-22
5.020825149e-21
7.622139099e-22
6.525764726e-21
4.074482304e-21
3.308913445e-21
9.686841213e-21
2.286126602e-20
4.977648936e-21
5.632999996e-21
9.024332211e-21
8.186470307e-21
2.560315449e-21
2.487604396e-21
6.410131014e-22
2.467186921e-21
2.235413667e-21
3.299499885e-21
2.060334883e-22
4.082034641e-21
4.326963296e-21
6.958862703e-21
2.76077359e-21
6.603511661e-21
3.024306664e-21
1.047597434e-21
9.037363968e-22
7.579142065e-22
3.264448207e-21
3.139293402e-21
1.205225276e-20
5.053728578e-21
4.864757355e-21
1.383136105e-21
1.168783363e-21
1.811724952e-21
7.424178035e-21
9.382795956e-22
6.905897049e-21
2.581655806e-21
4.076759682e-21
7.332497465e-21
1.731485537e-21
3.274676991e-22
2.517863663e-21
4.695627498e-21
3.146709079e-21
1.750052245e-21
3.213818539e-21
3.880190567e-22
4.220413096e-21
1.365432793e-21
3.50254693e-21
2.990554959e-21
6.574352574e-22
1.819307402e-21
1.105075402e-20
1.835929856e-21
3.956931259e-21
7.489537071e-22
1.017288268e-21
1.212314829e-21
1.132361014e-21
1.837939329e-21
3.960372125e-22
7.142181409e-21
2.511746075e-21
1.384385903e-21
1.352150873e-21
5.206498667e-21
6.921960065e-21
4.185259125e-21
1.184165207e-20
1.27733702e-21
8.263637287e-21
2.908091894e-21
1.839738079e-21
1.81321892e-21
2.073232474e-21
4.245554223e-21
4.489925844e-21
9.115379425e-22
1.454716145e-20
4.624271794e-21
1.782301725e-21
8.26783852e-21
4.516392619e-21
8.313357581e-21
1.902118204e-22
1.112452475e-20
2.365172047e-21
6.071144112e-21
1.240700347e-21
8.125957889e-21
4.344701954e-21
1.718154363e-21
3.407025231e-22
2.124362989e-21
9.157010071e-24
3.466707246e-21
1.018979372e-21
7.474663327e-22
9.824301716e-21
1.756331495e-21
3.658825536e-21
6.267996314e-24
8.906496334e-22
3.84990853e-21
3.430649059e-21
2.737928586e-21
4.241896514e-21
3.424820168e-22
1.187513477e-20
4.519908267e-21
2.61349532e-21
7.180396905e-21
1.566691332e-21
8.853837902e-21
4.693829579e-21
2.157335203e-21
2.682939281e-21
1.332896402e-20
3.878327017e-21
3.276253285e-22
2.186041963e-23
3.697438404e-21
5.108340361e-21
2.149263771e-21
5.289385917e-21
1.316626311e-22
8.316832861e-22
2.214981857e-21
1.041714702e-21
3.800252907e-21
9.836147285e-21
2.763179718e-22
1.591963029e-21
8.321872448e-21
4.949786272e-21
1.891043122e-22
7.51514913e-22
2.066078384e-21
2.43480607e-21
8.070305464e-22
4.241854559e-21
7.321801231e-22
1.622148122e-21
9.685519759e-21
1.63605633e-21
6.205624243e-22
2.650704858e-21
3.812831437e-22
1.096275977e-22
4.78032479e-23
3.641972637e-21
3.137023623e-21
8.759002903e-22
1.489138313e-20
2.003344277e-22
6.074152744e-21
4.024822952e-21
7.730102051e-22
8.567984762e-22
1.502826726e-21
6.692852867e-21
1.703975267e-20
7.111704532e-21
3.81954562e-21
3.351982271e-21
5.337782381e-21
6.766182408e-22
3.814743711e-21
2.169936829e-21
1.767456851e-21
2.075276028e-21
2.228468738e-21
1.367757796e-21
8.195166717e-21
3.890855443e-22
1.320108967e-21
2.130358413e-21
1.711069914e-21
2.818371311e-21
9.422825493e-21
7.380588552e-21
1.453197436e-22
1.059323978e-21
5.513884534e-21
1.085534725e-20
1.02479048e-21
5.383352801e-21
6.783130487e-22
4.555802472e-21
8.193387364e-22
5.590906609e-21
4.405630722e-21
3.365285572e-21
4.415352618e-22
1.177274871e-21
1.38420787e-21
6.647685579e-22
2.616027772e-24
2.018518151e-21
2.98484222e-21
2.365662512e-21
1.562094722e-21
1.221823139e-20
5.163528211e-21
5.007084363e-22
1.779233752e-21
3.523737743e-21
2.861228254e-22
4.357403457e-22
1.155150425e-20
1.907654714e-21
7.901291817e-21
1.197085113e-21
4.434034836e-22
1.748450402e-21
3.343940136e-21
3.026296931e-20
1.140864662e-22
9.548845001e-22
3.250729096e-22
8.98658923e-21
1.220959309e-20
9.337737365e-22
2.562384564e-21
5.056020064e-21
9.779367733e-22
1.026147989e-21
1.638440628e-21
1.054950985e-21
2.693142147e-21
1.672279857e-21
4.075267242e-21
1.078776391e-21
1.08948632e-21
5.809326665e-22
7.439374973e-22
6.354908857e-22
5.391208292e-22
3.983617694e-21
1.200317626e-21
8.638763788e-21
3.776156125e-21
8.012778672e-21
2.359780734e-21
1.487891157e-21
2.899698389e-21
4.739908776e-21
8.367805792e-21
4.685509507e-21
1.424948514e-21
2.093491311e-21
1.365536458e-21
1.298860128e-21
1.459187835e-21
7.786657813e-21
1.54253795e-20
2.626723293e-21
3.710027869e-21
9.189579947e-21
1.914580492e-21
3.102497703e-21
4.837319519e-22
1.960226483e-21
8.94267029e-21
6.809072702e-21
1.535550656e-21
4.485768987e-21
6.866585021e-22
6.854373038e-21
1.486362476e-20
1.93878706e-21
4.421121421e-21
2.208805907e-21
8.767963498e-21
1.158040633e-20
1.332475325e-21
1.724695785e-21
5.909862102e-21
1.054231053e-21
9.348702707e-23
5.399531507e-22
2.198876458e-21
2.666947636e-21
3.007113975e-21
1.971461901e-21
6.09671304e-21
7.511759577e-21
2.456353129e-21
3.652686712e-22
5.393665739e-22
2.50481105e-21
2.097595259e-21
6.679654745e-21
7.310293353e-22
2.417887833e-21
1.028398743e-20
4.49527437e-22
6.199480797e-22
1.229554651e-20
5.920341197e-21
3.336833108e-21
2.068689321e-21
2.565508802e-21
1.961262288e-21
1.677899342e-21
1.34583238e-21
8.323576358e-21
2.009791761e-21
5.954775168e-22
1.197357896e-20
1.224131235e-21
1.469429993e-21
4.100372895e-21
1.242001943e-23
9.461045951e-21
7.030158487e-21
1.502545985e-21
8.498761422e-22
6.104261162e-22
1.732447059e-21
2.065784568e-21
4.877562429e-21
8.125725675e-21
6.469895471e-22
4.907090883e-21
4.022650313e-21
2.174856601e-21
1.101851847e-20
4.003205097e-21
1.354204407e-21
4.122643003e-21
8.143263828e-21
1.201265511e-20
2.743444207e-21
1.36169205e-21
1.036125585e-21
5.220247506e-22
4.203350078e-22
6.927780751e-21
7.614999445e-22
1.276625593e-20
1.285922921e-22
2.024711514e-21
4.539127647e-21
2.343131616e-21
2.69914767e-21
6.104682337e-22
5.707989014e-21
3.417428283e-21
1.740137107e-20
4.887821545e-22
9.588931951e-21
5.563118771e-21
1.496140491e-22
9.404246575e-22
7.098284398e-22
9.496757875e-21
8.981427291e-22
8.542056308e-21
3.167782861e-21
4.330452009e-21
5.748262918e-21
5.496342387e-21
2.121487974e-21
2.641723399e-21
1.037582705e-21
1.204866145e-21
2.852110543e-21
1.048693527e-21
2.870062401e-21
7.396982413e-21
6.367795692e-22
6.0707485e-21
3.125850808e-21
7.522336133e-22
4.833501496e-21
2.744563338e-21
9.267052501e-21
1.672839012e-22
4.467110641e-21
8.289503406e-21
4.008016723e-22
6.029542602e-21
3.155556469e-21
6.283667591e-21
3.293314325e-21
1.287997203e-21
4.164815431e-21
6.739947306e-21
1.538895344e-20
6.47512913e-22
5.566578835e-22
4.818573609e-21
1.409039079e-21
1.435217136e-20
5.582014553e-21
7.274386016e-21
1.29252136e-21
2.239191996e-20
1.95119464e-21
1.894682195e-22
1.139130035e-21
7.378136953e-22
5.206869913e-22
1.084942824e-20
3.562332402e-21
5.765055289e-21
4.387505947e-21
3.222764505e-21
5.300539912e-21
1.528113955e-22
9.342387854e-21
4.323679302e-21
6.178656792e-21
3.367913645e-21
3.070883033e-22
1.187936486e-20
3.678210681e-21
6.493642972e-22
8.362254008e-23
2.455349368e-21
1.575837338e-21
4.026366977e-22
6.620349747e-21
1.538264572e-21
3.111361168e-23
1.578592076e-21
5.974163095e-21
8.662973122e-22
4.775283561e-21
1.181319644e-20
6.13423609e-21
2.207953652e-22
3.363874094e-21
1.509561331e-20
2.986447646e-21
6.892826597e-21
5.520839592e-21
1.194571726e-21
5.198336579e-21
3.925199798e-21
4.96006524e-21
9.313301564e-21
1.540716138e-20
2.649111605e-21
1.418720721e-21
4.295202529e-21
2.842370325e-21
6.259064773e-21
9.678913275e-22
4.428461973e-22
1.72282544e-21
3.083080436e-22
5.621492184e-21
1.75840497e-21
2.402952995e-21
8.794634016e-21
1.617142427e-23
4.087121217e-21
3.28095314e-22
4.794963525e-21
1.216964104e-20
1.269534612e-20
2.715428826e-21
4.394834918e-21
9.958159508e-21
1.236435334e-21
1.802781496e-21
9.201064813e-22
5.245236812e-22
3.369178488e-21
2.925577405e-21
6.855154979e-21
9.658918437e-21
9.850526761e-21
4.387955777e-21
3.033669188e-21
1.836128461e-21
7.978650813e-21
1.021979929e-20
2.152813037e-22
1.812803033e-21
5.937987633e-21
2.511463551e-21
2.580626181e-21
6.301553303e-21
2.11036233e-21
1.752630084e-21
5.340636221e-21
8.873515375e-21
1.229502151e-21
2.42412037e-21
4.761590631e-21
3.660279048e-21
6.336973481e-21
8.646031791e-21
5.712262254e-22
4.942123058e-21
2.251631265e-21
1.551272848e-21
4.688303719e-21
3.665163931e-21
5.344031045e-22
2.058401365e-21
7.379752224e-21
6.376597182e-21
5.495945677e-21
4.236943475e-22
2.374352222e-21
1.412964329e-21
5.932307588e-21
8.105506534e-22
9.005454926e-21
4.243652799e-21
6.28861118e-22
9.31055176e-21
3.239461304e-21
9.527253121e-22
1.150052701e-21
2.094006119e-21
4.578995126e-21
9.154677845e-22
1.974403925e-21
1.081215363e-20
5.398562302e-21
5.680319545e-21
4.441234148e-21
3.77230295e-21
7.148752371e-21
1.679419858e-21
5.130448727e-21
8.128948496e-21
3.254601569e-21
3.1972241e-21
1.064585052e-21
5.893036762e-21
1.92326136e-21
5.755565972e-21
6.151611755e-21
1.327557501e-21
7.134286768e-21
2.049255542e-21
2.174656057e-22
8.386455414e-21
1.31266877e-21
1.342186367e-20
6.337173662e-22
5.859744287e-21
6.40578835e-21
7.453248782e-22
1.077296283e-21
1.239587082e-21
1.397021016e-20
5.652565503e-22
5.597305256e-22
4.042930199e-21
4.582040176e-21
1.332122405e-20
6.934004873e-22
6.792362119e-21
9.546986457e-21
2.031459914e-22
5.280121192e-21
2.455291886e-21
2.979036193e-21
7.221181754e-21
9.72675416e-22
1.524592747e-21
1.657885854e-21
5.666034284e-22
9.431502083e-21
1.156621249e-21
2.478385118e-21
1.283625666e-20
3.443949036e-21
7.690718405e-21
6.540110399e-21
5.667267632e-21
1.703103016e-21
3.892670333e-22
1.565008005e-21
7.448528598e-21
5.596189878e-21
2.208437716e-21
2.04795316e-21
8.145272829e-21
2.562271203e-21
4.0934311e-21
3.150737077e-21
4.401067072e-22
2.721515192e-21
1.817635823e-22
6.482928481e-23
5.200467509e-21
3.346272726e-21
7.380188906e-22
3.122206266e-21
5.36322252e-21
1.515582275e-21
2.291933518e-21
1.28303133e-21
2.243704247e-21
1.159073809e-21
5.204916045e-21
3.613690355e-21
8.278678541e-21
1.558195925e-20
6.559802159e-21
1.115710168e-20
4.621845781e-21
1.927990889e-21
9.607136973e-21
6.994245235e-21
7.017377005e-22
1.366276986e-21
2.807962267e-21
4.448521605e-21
4.084256704e-21
7.669833299e-22
6.813095829e-22
8.00170364e-21
1.481759851e-21
6.199683824e-21
3.733333601e-21
5.339587754e-21
3.354570477e-21
5.916778606e-22
5.704581667e-22
4.534493903e-21
1.423757898e-21
5.264804202e-21
8.226891183e-22
2.241386482e-21
3.018855125e-21
1.963448808e-22
8.019297875e-22
3.192368172e-21
4.702364389e-21
1.055756829e-20
8.090686559e-21
4.014769882e-22
1.750484133e-21
3.644270979e-21
2.483472711e-21
4.919817196e-21
3.241991397e-21
3.929413354e-22
2.545678403e-21
1.071882225e-21
1.783860634e-20
5.352794997e-21
5.174950827e-21
4.242752462e-21
1.044510124e-20
9.969263932e-21
2.721890098e-21
4.542046527e-22
4.23322278e-22
5.493424969e-22
5.428445074e-21
9.999309284e-22
5.670426527e-22
3.373553351e-21
6.35084495e-21
7.514988477e-21
1.56433252e-21
1.144593104e-21
5.451605498e-22
2.906669379e-22
1.174346461e-21
1.23803606e-20
1.013562908e-21
5.301194506e-21
1.85387927e-21
5.059464124e-21
1.720665391e-21
1.844239927e-20
5.531438201e-22
6.023396102e-21
2.488646706e-22
2.066311293e-21
9.273616075e-21
3.189416629e-21
7.709997791e-21
1.659082387e-21
5.716828111e-21
1.207161257e-21
1.538618948e-21
5.486952664e-21
7.889009925e-22
2.134528917e-21
7.865856321e-22
1.476712598e-21
8.255424954e-21
1.660392436e-21
7.639006916e-21
1.931863672e-21
3.555778483e-23
2.045825933e-21
8.865569944e-21
1.500200412e-21
4.420051154e-21
1.432172997e-20
1.348166446e-21
2.787427047e-21
3.698672411e-21
1.277846882e-21
1.019003474e-21
1.217754868e-22
3.022289616e-23
7.155220613e-21
3.072453674e-21
5.976642997e-21
1.241457072e-22
1.324643419e-21
5.636768908e-21
1.948260763e-21
2.170967201e-21
8.702041687e-21
1.272719159e-20
8.383774127e-23
1.005615995e-20
9.646324907e-22
4.271287443e-21
4.484895557e-21
2.418530597e-20
7.994254731e-21
4.512461168e-21
1.763213826e-22
2.055072037e-21
6.552935561e-21
7.172716766e-21
3.17777744e-21
5.509031426e-21
9.083296991e-22
8.186404656e-21
1.901689409e-21
2.79655862e-21
7.187127958e-21
1.553787868e-20
4.507350128e-21
3.531789544e-21
1.685271784e-20
1.683772814e-21
2.127380756e-20
1.645475292e-21
1.096544341e-21
8.058088816e-22
2.986754925e-22
9.006723948e-21
1.621614638e-21
6.415600435e-21
9.65940214e-21
6.024267975e-21
2.415953085e-21
6.166500478e-21
7.65431319e-21
6.927649319e-22
7.928123376e-21
3.747635816e-22
1.103874805e-20
6.37400021e-21
1.08213181e-21
8.28973101e-21
8.530927135e-21
3.4187726e-21
3.444059343e-21
6.774385647e-21
1.844043224e-21
2.649587811e-22
2.542278574e-21
9.4108242e-21
1.206761022e-21
8.143227181e-21
5.753983064e-22
4.787243311e-21
3.452945167e-21
3.409302677e-22
3.051503212e-21
4.057094829e-21
6.594456754e-21
3.146159649e-21
1.374579765e-20
2.685881636e-21
8.033303225e-21
3.075307474e-21
8.688140124e-21
2.908558991e-22
3.391873437e-22
1.500718935e-21
9.272301257e-21
9.432453772e-21
1.367982061e-20
2.142852329e-21
3.545371893e-21
4.013956073e-22
7.859972492e-21
8.870206694e-21
2.373520818e-21
1.641592285e-22
2.36726315e-21
1.129726775e-20
1.505064434e-20
6.518532562e-21
1.132322671e-20
6.760982705e-21
1.267241995e-20
2.238681221e-21
8.581419204e-21
1.508766908e-20
2.532489992e-23
5.693642736e-21
7.68121439e-21
6.717800051e-21
5.697566887e-21
3.605611305e-21
5.404470938e-22
8.887045553e-21
3.651919038e-21
5.125825324e-21
4.194507703e-21
1.012744219e-20
1.284879062e-21
6.588939056e-21
1.672964744e-21
8.528118872e-21
3.667258583e-21
2.146003501e-21
3.353891919e-21
6.942326911e-21
3.475652286e-21
1.103910489e-21
1.012990727e-20
1.06255158e-22
7.261733817e-21
2.891052965e-21
1.544922564e-20
7.573654123e-22
2.929493918e-21
1.50939305e-21
1.990100658e-21
1.039740805e-20
1.984650868e-21
7.49736353e-21
3.199843956e-21
4.446022232e-21
3.943852882e-21
1.562126902e-20
5.291350304e-21
1.264775812e-21
5.785406149e-22
4.572186487e-21
4.012908211e-21
1.316154018e-20
6.0052461e-22
8.135409172e-21
6.205956015e-21
9.749376565e-21
8.343202751e-21
1.766889846e-21
2.906594145e-22
2.980692008e-21
3.800717624e-21
2.359119251e-21
4.781484742e-21
4.830060022e-21
4.894290445e-21
1.909771912e-21
1.607031763e-21
4.155854501e-21
1.192305577e-21
1.219625986e-20
7.348950692e-22
5.479787498e-21
5.575837518e-21
1.854305012e-21
1.283660253e-20
1.203688748e-22
5.129670558e-21
1.762708835e-21
1.296145498e-21
1.944208e-21
1.556601412e-20
5.709469411e-21
7.320245904e-21
2.059825867e-21
1.03193829e-20
1.27834629e-21
9.135799422e-21
8.075025737e-22
6.355546101e-21
2.222945929e-21
2.774458481e-21
2.642853738e-21
4.277891589e-21
4.378372342e-22
3.013699898e-22
5.044868553e-21
2.991022435e-21
2.529140715e-21
8.439115716e-21
4.940960278e-21
6.390341463e-21
1.779945935e-21
1.221469579e-20
6.407908439e-23
9.647443732e-21
3.408058468e-22
4.906753273e-21
5.931064817e-21
7.958278732e-21
8.080028004e-21
1.855196497e-21
6.390758445e-22
1.091628429e-20
4.132476798e-21
2.491902424e-21
3.520453512e-21
3.616434159e-21
3.833531422e-21
7.56473623e-21
2.251553338e-20
1.016373886e-21
1.59800812e-21
9.681316234e-22
2.980373712e-21
1.081821782e-20
6.651316948e-21
1.326056775e-21
5.248895328e-22
9.827555277e-21
4.000822747e-22
2.966875004e-21
2.371379291e-21
1.620027282e-21
3.169968314e-22
1.923578919e-20
2.380941801e-21
3.959929144e-21
1.169477607e-20
7.717797246e-21
1.047374037e-21
4.457857489e-21
1.919144128e-21
6.660446609e-22
1.157574107e-21
3.741572138e-22
1.951112111e-21
7.010972326e-21
3.682883064e-21
2.391049563e-22
4.243270946e-21
2.620539869e-22
6.101208207e-22
2.686998493e-21
5.950825055e-21
3.471237365e-21
6.568079001e-22
3.997344407e-21
2.745457338e-21
1.107039844e-20
2.596115952e-21
1.288523376e-21
3.99480885e-21
6.733654363e-22
6.584152892e-21
1.526997712e-21
8.469312582e-21
3.832337758e-21
2.535629049e-21
3.704519052e-21
2.38329551e-21
9.022633825e-21
6.06275325e-21
6.862343556e-22
3.320835702e-22
6.760041495e-22
8.555040601e-21
5.596811601e-22
1.036934853e-21
1.630605162e-21
7.890246255e-22
7.731865359e-21
1.347241789e-21
4.425851265e-21
8.88687374e-21
9.93307999e-21
3.903490642e-21
1.136012613e-21
1.098412058e-21
3.420293898e-22
6.521448541e-24
6.384619259e-21
8.537159009e-21
7.318820727e-22
3.930018888e-21
2.108782248e-21
8.996162396e-21
2.14324326e-21
7.688245122e-21
2.533179839e-21
1.102320607e-21
1.359338543e-20
4.015507216e-21
1.511339764e-21
9.426612651e-22
6.126218351e-21
1.511268431e-21
1.604552132e-22
8.479010926e-21
5.551388306e-21
1.172712307e-21
5.674897608e-21
4.943684922e-21
1.369700797e-21
1.475409954e-21
8.641097973e-21
7.658428612e-21
3.391256791e-20
7.918360713e-21
2.141211814e-23
9.945776736e-21
5.835285857e-21
2.343325373e-22
4.434396343e-21
1.130741179e-21
4.734272757e-21
3.310903702e-21
7.497884776e-22
1.151870741e-21
1.191394041e-21
9.864922773e-22
2.813605775e-21
3.333146866e-21
9.315552935e-21
6.136780217e-22
5.113338612e-21
1.328128942e-21
1.804715055e-22
4.289838507e-21
5.310619843e-21
1.60288033e-21
1.278401251e-22
1.970677326e-22
1.019939351e-21
3.499988179e-21
6.796301321e-21
3.337681304e-21
2.081339055e-21
2.54119105e-22
3.341887188e-21
5.815873244e-21
3.305408549e-21
3.234653511e-21
4.964427649e-21
1.823379782e-21
9.995615984e-22
3.532615254e-21
2.25929851e-20
1.844195037e-21
3.045624522e-22
4.902707869e-22
2.229978281e-21
1.024412826e-21
1.12933007e-21
9.744455613e-21
1.649765766e-20
2.451809316e-21
2.787607014e-21
1.142534937e-21
2.660495022e-21
1.7035894e-21
6.122964254e-22
1.021812916e-21
3.68224121e-21
1.991695046e-21
2.153346909e-21
2.082587091e-22
1.165200255e-20
6.636943882e-21
8.784107367e-21
6.18038092e-21
3.257680601e-21
1.907866506e-22
2.463671627e-21
9.648543925e-23
8.505832187e-21
2.079223119e-21
2.379554008e-22
1.474187184e-21
6.52978776e-22
1.076716083e-22
6.983086121e-21
2.662533042e-21
8.846993284e-21
2.08740376e-21
2.055118294e-20
7.505450114e-21
2.977150593e-21
4.083314882e-22
2.903132695e-20
2.646338193e-21
3.292628738e-21
2.788783569e-21
3.137972774e-21
1.582496271e-21
4.311694216e-21
9.695451675e-21
1.290385598e-21
1.821794659e-23
5.153411423e-21
4.328427228e-22
2.485934896e-21
5.861332881e-21
1.947517067e-21
8.694650184e-21
4.079312836e-21
1.374621692e-20
4.370370618e-21
7.161634814e-21
6.950688269e-21
1.018959887e-21
1.826010862e-20
3.760085431e-22
8.452724067e-21
6.864805283e-22
4.450458705e-21
3.814631987e-21
4.554359859e-21
4.069709468e-21
3.955727305e-21
4.090193253e-21
3.551226057e-21
1.258431506e-20
1.525192316e-21
6.892309696e-21
1.263547569e-21
1.480910547e-20
1.046114263e-23
2.301650325e-21
9.163652442e-22
2.624123767e-21
1.288653925e-22
1.144576246e-22
3.031780617e-22
1.063684216e-21
6.432418689e-21
4.160577529e-21
5.595602584e-21
4.894447802e-21
2.450913255e-21
2.008399073e-20
2.631545347e-21
5.0951256e-22
5.084054493e-21
9.475017259e-22
7.316677911e-22
3.845791389e-21
6.10482532e-21
6.271842304e-21
2.244957714e-21
1.377359721e-20
4.639432898e-21
9.254971471e-21
1.697316848e-21
4.44644214e-21
6.701470621e-21
4.246987247e-21
1.881670221e-21
1.036040995e-20
3.274049395e-21
2.419535565e-21
1.66148744e-20
2.58241559e-21
6.94070719e-23
1.930972325e-21
6.419836986e-21
2.000650076e-21
1.224402805e-21
2.728598828e-21
1.75961375e-22
3.634382087e-21
5.027188252e-21
5.197871688e-21
2.811734535e-21
9.721446113e-21
5.59115954e-21
4.006476975e-21
2.01812214e-22
8.084959503e-21
1.250046339e-20
1.432746243e-21
7.495503685e-21
2.572397421e-20
2.105177961e-20
3.71820224e-21
2.829496173e-21
7.718322904e-21
1.037757539e-20
3.346189926e-21
2.090048993e-21
7.041830334e-21
6.119635536e-21
1.128586602e-20
5.121864124e-21
2.036527956e-21
1.058167722e-20
1.26919025e-20
4.660657297e-21
2.324956106e-21
1.499108055e-21
4.266409025e-23
2.027070349e-21
1.207755259e-21
2.61942026e-21
1.319612962e-20
2.895681158e-22
1.953325e-21
1.752964719e-21
7.99029377e-22
3.318890689e-21
1.144305504e-20
1.513625969e-21
2.501600528e-21
3.96723539e-21
1.104384148e-20
6.928976473e-21
7.224728904e-22
1.744913334e-21
1.130375189e-20
2.215762223e-20
1.734381575e-21
1.625321815e-22
4.457892464e-21
2.910161816e-21
7.237006791e-21
1.380025385e-22
6.39074448e-21
3.02962253e-21
9.976691216e-21
4.281897188e-21
4.086888867e-21
1.280128195e-22
7.208570575e-22
6.41548864e-23
7.920699067e-21
3.644515733e-21
4.791219009e-21
2.03579445e-21
2.982158184e-21
1.216504353e-21
1.016813058e-21
5.649683262e-21
3.684343262e-23
2.729572777e-21
5.63715741e-21
5.316970945e-21
5.537371154e-21
4.584204784e-21
7.289405445e-21
2.459253034e-21
2.548074481e-21
6.229972642e-23
6.515008284e-21
2.674141703e-21
6.289942533e-21
2.251241856e-21
1.928830524e-21
1.592520132e-21
1.241033079e-21
6.075257285e-21
1.794097533e-21
3.565845578e-21
2.228283527e-20
5.342491088e-22
2.830841891e-21
1.970332218e-20
6.480247246e-21
1.167218612e-20
3.692564805e-22
7.84067367e-21
6.287930153e-21
2.88336015e-21
1.603461392e-21
7.944566871e-23
6.335319456e-22
1.215270814e-22
7.144806867e-21
5.84351918e-22
2.321886992e-21
6.963416083e-22
1.124715167e-21
7.860819164e-21
5.087848179e-21
2.736185465e-21
8.626637742e-21
4.296134133e-22
2.671743944e-21
2.039961863e-22
2.740656107e-22
2.146937317e-20
4.104025796e-21
2.47192304e-21
1.435035794e-21
1.1755755e-21
3.945016281e-21
2.574132698e-20
4.372496578e-21
3.339229763e-21
1.668034013e-21
3.581804314e-21
3.042686654e-21
6.638481379e-22
7.793266441e-21
7.804425208e-22
1.095646254e-20
4.179781473e-21
3.651917093e-21
2.071299124e-21
3.686450885e-21
4.703935861e-21
4.11635103e-21
2.556540017e-21
5.390573507e-22
2.681705937e-21
1.05572508e-21
2.596783696e-21
7.764016049e-22
6.859174631e-21
6.721675214e-21
2.734282396e-22
8.297186837e-22
1.160202279e-20
2.18949611e-21
1.810133329e-22
6.905405504e-21
1.84898215e-21
6.427633791e-22
1.01215888e-20
3.592267034e-21
1.040160294e-21
8.242866885e-22
3.78791589e-21
1.847838578e-21
5.006022073e-22
6.481042785e-22
2.176453264e-21
1.223957641e-21
2.649209088e-21
1.111020994e-20
5.340178843e-22
5.6333113e-21
3.035067169e-22
2.315959866e-22
3.654238585e-21
8.244452333e-21
2.056390346e-21
2.205298791e-22
3.021059419e-22
7.305524559e-21
9.364176047e-22
2.25024143e-21
2.806874438e-21
4.99092708e-21
2.111929478e-21
6.582723201e-21
3.675550845e-21
1.528252096e-21
8.92167314e-21
7.284874554e-22
4.085913183e-21
4.727141303e-21
4.058947743e-21
3.659664974e-23
8.184337172e-22
5.484673589e-22
5.245717443e-22
4.127721409e-21
1.272526191e-21
4.445589736e-21
2.397872679e-21
8.481768733e-21
3.904374838e-21
7.681277563e-21
1.014001857e-21
3.750169615e-21
7.348971661e-22
4.552306449e-21
2.027175679e-21
5.146532493e-21
5.746712062e-21
8.482801285e-21
3.877677205e-21
3.53235791e-21
1.358118927e-21
2.471625213e-21
7.663158272e-21
7.266334147e-21
1.088799006e-21
9.224386065e-21
1.762189736e-21
6.436345181e-22
9.489922674e-22
6.075497912e-22
1.183227028e-22
1.92126765e-20
1.68204367e-21
2.253964448e-21
1.727252672e-20
6.405929822e-21
1.1927404e-21
1.214043741e-20
3.306397407e-21
3.314589125e-21
8.860502658e-21
2.899107388e-21
3.629534496e-21
5.065156771e-22
1.115149163e-21
6.056715707e-21
2.833286695e-21
6.931125204e-21
2.563414117e-22
8.845386492e-21
3.412872209e-21
8.811597343e-22
2.532079548e-21
5.500892942e-21
1.904237146e-21
2.454215009e-22
6.599977004e-22
6.942465167e-21
8.319977188e-21
6.592664029e-21
2.385771767e-21
2.096569961e-22
1.079315105e-21
1.814727491e-21
1.057170824e-20
4.005908793e-24
7.695183629e-22
4.94132798e-21
2.900419567e-21
2.271007864e-22
4.030634593e-21
1.095858205e-21
8.200502555e-21
8.873381518e-21
6.831166221e-21
2.35808731e-21
5.214998111e-22
3.076011767e-21
1.162182975e-21
8.319156761e-22
1.74398301e-20
8.84996302e-22
3.764275604e-22
1.054366878e-22
2.536455222e-21
3.447543892e-21
9.777295703e-21
6.299755293e-21
1.263092374e-20
3.976834395e-22
1.338685014e-20
3.570328598e-21
1.634791123e-21
3.802840449e-22
7.937219548e-22
3.535949338e-21
1.794538568e-21
4.372563347e-22
3.006112171e-21
2.226106975e-21
4.651465149e-21
9.468854135e-22
1.876421918e-22
4.644197362e-21
7.617321093e-22
2.850632748e-21
4.424918653e-22
2.07996025e-21
1.870048995e-22
4.44829224e-21
4.091008381e-21
3.940075298e-21
3.491431403e-21
1.790554961e-21
6.349275845e-21
1.432977634e-21
5.466839461e-22
7.848781155e-22
6.94954548e-21
5.529909525e-21
1.360757342e-20
2.198665506e-21
6.081288075e-21
9.028391385e-21
2.231801575e-21
1.03267851e-20
1.996608956e-21
5.837542406e-21
1.136028166e-21
9.019770348e-22
1.208789867e-20
1.366513546e-20
2.437380489e-21
1.337318637e-21
4.213700886e-21
2.006276234e-22
3.267090288e-21
1.453953322e-20
2.585300375e-21
5.26727342e-21
6.740363495e-21
1.195655255e-21
1.511212031e-21
1.386957945e-20
2.445693566e-21
6.916890349e-21
2.74815505e-21
3.723765555e-22
5.620840639e-23
4.97892683e-21
2.657609589e-21
9.884501665e-22
3.679791636e-21
2.722857511e-22
1.951343345e-21
2.160735468e-21
3.982561628e-21
3.48624594e-22
2.864946801e-21
7.515659156e-22
1.117595963e-20
1.280546483e-20
2.388790445e-22
7.439968599e-22
4.935635471e-21
1.290739672e-21
1.689137906e-21
4.284652645e-21
7.270498386e-22
4.560617473e-21
3.44477514e-21
5.323092285e-21
5.886107794e-21
3.224299233e-21
5.315517757e-22
7.913881865e-22
2.682318379e-21
2.586434962e-21
1.765687147e-21
1.570763397e-20
8.531535977e-22
1.102730514e-21
3.644198424e-21
2.920224239e-21
6.77210552e-21
4.982521992e-23
2.396812419e-21
4.307168328e-21
6.298195626e-22
5.484635077e-21
5.414393003e-21
4.171687997e-22
4.399989672e-21
3.25181038e-21
3.048681913e-21
5.081970211e-22
2.549095308e-20
1.616538142e-21
3.557743539e-22
4.289450421e-21
3.261706041e-22
2.116306588e-21
1.546916055e-21
6.196033394e-22
6.158743821e-22
1.260109769e-21
1.686558157e-20
8.838054181e-22
7.081498232e-22
1.075440873e-22
2.254702823e-21
3.463572964e-22
3.311262123e-21
6.389822098e-22
2.201761189e-21
5.43972284e-21
7.147846167e-21
1.504701626e-21
4.334954226e-22
5.069842723e-21
4.89682222e-21
9.260812479e-21
8.83678141e-21
6.731019678e-21
1.341689337e-21
2.991789882e-21
1.165992135e-20
5.847600554e-21
1.303680048e-20
6.418357139e-21
1.290141624e-20
2.706700669e-21
1.794265212e-21
9.815093599e-22
1.2037165e-21
2.339936886e-21
8.99857295e-21
2.012417429e-20
1.212365826e-21
1.138275089e-20
6.78120381e-21
7.701610834e-21
3.879217116e-21
3.994301872e-22
4.142900883e-21
2.081642958e-23
4.736817862e-21
1.51063481e-20
1.223369025e-21
1.464841369e-21
1.256961008e-20
6.522947057e-21
2.583780724e-21
8.208235364e-21
8.370585555e-21
9.854424264e-21
6.457386167e-21
2.576668945e-21
6.689718934e-22
1.03690762e-20
1.644981966e-21
1.359362611e-22
4.666184203e-21
7.283485433e-21
3.889898616e-21
5.044938092e-22
1.760117239e-21
2.457190808e-21
4.079310692e-21
4.861487714e-21
1.691617099e-21
2.646192217e-21
2.529694958e-21
1.329191866e-21
1.547809335e-21
6.884812213e-22
3.941693938e-21
1.819220446e-21
2.115465052e-21
9.295669482e-21
1.535574598e-20
8.867683968e-21
2.602650948e-21
8.395985491e-21
3.717493108e-22
4.475049063e-21
5.700110365e-21
1.545086086e-20
4.928925834e-21
3.822327845e-21
3.014167404e-21
1.010207378e-20
1.019763314e-20
1.898842783e-21
5.599791798e-22
7.649678192e-21
7.998149631e-21
3.077015436e-21
1.602694164e-21
7.549446892e-21
4.784632943e-21
5.205770622e-22
3.167729868e-21
2.27583206e-20
3.733207742e-21
1.549499212e-20
2.547927417e-21
3.211979964e-21
8.912218346e-21
3.367959498e-21
5.759249191e-21
2.23435713e-21
1.574960721e-21
4.340945608e-21
1.282366794e-21
1.15791099e-21
2.094240341e-21
1.359535699e-20
6.943102752e-21
4.144740075e-21
5.107069146e-21
4.626739584e-21
4.304695647e-21
4.618964417e-21
1.292569007e-21
3.360240295e-21
7.188385921e-21
3.056105166e-21
3.345882443e-21
3.331968414e-21
2.450025019e-21
3.497125049e-21
1.838710095e-21
8.79619951e-22
4.393369629e-22
6.23193694e-21
1.019436577e-21
5.908100463e-21
6.12437204e-21
1.746964267e-21
6.111236232e-21
1.860700113e-20
1.730959594e-20
7.17081397e-22
1.040666858e-21
7.705332263e-21
3.556506595e-21
1.638632383e-22
6.708574198e-21
4.70849675e-21
4.817375201e-21
1.638680257e-21
1.510900672e-21
1.633019086e-21
4.511593933e-21
4.802087672e-21
9.962505326e-22
4.431132319e-21
1.140782525e-21
4.648684809e-21
1.873188611e-21
8.481782784e-21
1.70254113e-21
2.37518452e-20
1.246438709e-21
2.805646792e-21
1.342253964e-20
6.005043163e-21
3.764664744e-21
3.740066206e-21
1.271626632e-21
8.91574921e-21
3.252325138e-21
3.316970086e-21
3.935355292e-21
2.928518567e-21
5.42224666e-21
1.587259414e-21
3.864294761e-21
1.617076517e-21
1.753995933e-21
2.309852628e-21
2.428843257e-21
1.701585183e-20
1.857941892e-21
4.454244648e-21
1.200211812e-20
8.026177902e-21
9.068587606e-22
1.302021123e-21
2.911656553e-22
4.230593856e-21
1.007938736e-20
2.120302324e-21
9.496578733e-22
2.343441527e-21
6.138562616e-21
4.565357084e-21
7.72448309e-21
1.579386494e-20
1.215082466e-21
2.412100266e-21
1.845495286e-20
1.174850374e-21
1.215351131e-21
3.956292859e-21
1.139991999e-20
4.359111694e-21
1.202071022e-21
4.664000438e-23
6.548908853e-21
1.086583121e-20
5.435309498e-22
1.391329426e-21
1.179703232e-21
4.750988286e-21
8.420156218e-22
1.577817566e-20
6.661782908e-22
1.127666123e-21
3.293317939e-21
8.55177989e-22
2.384505406e-21
2.746847409e-21
1.716381694e-21
1.837787184e-20
4.081163441e-21
2.489797233e-21
2.130925778e-21
3.455637844e-22
8.336169195e-22
5.043474832e-21
5.972486312e-21
1.381082604e-20
5.28935509e-23
1.039777613e-21
8.987855367e-21
8.813951145e-22
1.408209798e-20
8.503367986e-21
1.630619333e-20
1.016447778e-22
7.357452959e-22
1.560111026e-21
3.433357596e-21
1.045659538e-20
1.998955902e-21
4.207929378e-21
1.141635895e-20
3.291095022e-21
9.448613231e-23
1.24538936e-21
9.806252553e-22
1.6858547e-21
2.220668833e-21
2.22970193e-21
1.417459382e-21
2.242682117e-21
1.34235205e-20
6.576822145e-23
1.079859872e-20
1.272340336e-22
2.869203602e-21
2.668272837e-21
4.589112913e-21
1.142922546e-21
7.125557121e-22
5.870102402e-21
3.559601764e-21
1.249402129e-20
3.334128885e-21
2.957122064e-21
8.385263489e-21
1.186058839e-20
4.200535528e-21
2.864247538e-21
5.734321326e-21
1.268519142e-21
7.177868951e-21
4.946862661e-21
1.922514167e-21
6.373214946e-21
1.160015075e-22
1.412344653e-20
9.174510823e-21
4.005909574e-21
1.832130195e-21
1.455878141e-21
9.064198308e-22
3.721664195e-21
1.37129823e-20
5.887044239e-21
4.005466054e-21
6.108311018e-21
1.086710078e-20
2.257915629e-21
5.137347553e-21
6.760418446e-21
5.411473184e-21
3.254653791e-22
2.645937387e-21
2.742772256e-21
2.777234981e-21
8.43392036e-21
2.963566051e-22
3.082907968e-21
3.887087945e-21
4.965942512e-21
4.184965121e-21
5.770916462e-21
1.923698035e-20
6.453365448e-22
2.997012345e-21
3.714688859e-21
4.867904721e-21
8.819140823e-22
8.723167831e-21
7.542930603e-21
8.837037417e-22
1.329093479e-22
7.754742163e-22
5.207661452e-21
1.682892483e-21
3.442639308e-21
1.408087775e-20
5.986416758e-22
3.249131192e-21
7.602070472e-21
2.330764988e-21
3.669203103e-21
6.172678027e-23
2.520413456e-21
7.953380912e-22
6.303700728e-21
1.596888104e-21
4.631272267e-22
9.937158961e-22
3.975032323e-21
9.491250297e-21
7.575400663e-23
4.394174437e-23
1.383634378e-20
1.438970127e-20
3.396627364e-21
1.059654443e-21
3.677981719e-22
5.388791005e-21
2.971554585e-21
6.488372256e-21
1.000013888e-20
3.703809389e-21
7.530591271e-21
5.454767568e-22
1.371826271e-20
4.59622291e-22
4.19350634e-21
1.27836847e-21
4.355496989e-21
1.177740298e-20
4.680058707e-21
3.875881648e-21
2.405083592e-21
1.577605474e-21
1.243304595e-20
4.347210329e-21
1.788485934e-21
1.239265705e-20
9.013670166e-21
2.909762991e-21
1.25763725e-21
1.293101497e-20
1.115476683e-21
7.961708632e-21
1.088616171e-20
2.472388518e-22
8.393367002e-22
5.098603784e-21
5.525874713e-21
6.905372911e-21
2.832542976e-21
4.89667792e-21
1.599231392e-22
4.574015791e-21
4.506596269e-21
2.510659952e-21
1.24689915e-24
8.293067571e-22
3.334976443e-22
7.223634626e-21
4.54969781e-21
3.608116801e-22
4.943551279e-21
9.168274211e-21
7.383451806e-23
1.034552402e-21
4.476270362e-21
4.517535407e-21
8.118391608e-21
5.294132772e-21
4.516859389e-22
6.681735383e-22
9.251933609e-21
6.312778777e-22
1.831254407e-21
2.419408948e-21
3.478315081e-21
8.463767893e-21
3.599700947e-21
8.463886135e-22
4.657506173e-21
6.436119887e-21
4.492734225e-22
3.45397528e-21
9.540742189e-22
1.400730976e-22
3.03808768e-21
3.436270357e-21
8.478027824e-22
5.519767245e-21
7.716365401e-21
1.806267502e-21
3.50779482e-21
3.609612754e-21
2.530182445e-22
6.275076611e-21
1.102550953e-21
3.604266623e-21
4.349872214e-21
1.520445543e-21
3.012012642e-21
8.005872903e-22
8.482086589e-22
4.052327239e-21
5.16914609e-23
5.684339392e-21
4.964934207e-22
5.47710057e-21
5.198319304e-22
7.177024706e-21
1.034015156e-20
5.361539174e-21
8.668937901e-21
1.354895051e-20
4.328366538e-21
2.751448999e-22
5.069044028e-21
1.451104914e-21
5.355278827e-21
2.963803063e-22
4.029653788e-21
8.262001762e-21
2.08665976e-21
5.678695522e-21
9.595521476e-21
3.488750924e-21
1.524430026e-21
1.484207299e-21
4.586835072e-21
5.627694568e-21
3.494813452e-21
2.64027452e-22
8.592662954e-21
1.073958338e-20
1.188410507e-20
2.624678097e-21
4.794295741e-21
6.98580248e-21
3.950473095e-21
6.986287836e-21
1.912920698e-22
7.731291458e-21
3.081790223e-21
6.7764398e-21
1.229555902e-20
4.563510131e-21
4.519032762e-21
3.154931358e-21
3.003409901e-21
7.50436716e-21
2.067735589e-21
1.943541424e-21
3.436106787e-23
5.971006245e-21
1.643200701e-21
2.665373351e-21
2.225766558e-21
4.092492672e-22
3.739752373e-21
8.726254767e-21
6.341224167e-21
8.268754461e-21
3.612919829e-21
7.395048814e-21
3.360390456e-21
1.54565735e-21
7.185525479e-22
3.538580277e-21
9.176993368e-22
4.924646998e-21
7.454224481e-22
5.284132782e-21
2.907235146e-21
3.804919132e-21
5.294378389e-22
7.454125004e-21
6.411851082e-21
3.025196236e-21
2.813888475e-21
6.631782496e-21
2.187310232e-21
9.942924399e-21
7.722631062e-21
1.018491334e-21
1.405059643e-21
2.189948375e-21
1.70440598e-21
2.798923309e-21
2.21093674e-21
2.187910257e-21
3.185598747e-21
5.47313686e-21
1.812829966e-21
7.658643124e-21
8.225889752e-21
1.897986111e-21
3.725513386e-22
5.564829616e-21
6.597123843e-21
1.075450106e-22
7.455133296e-21
1.309374635e-22
2.084094566e-20
1.359061003e-21
4.930573584e-21
1.678663145e-21
6.149130485e-21
3.716901389e-21
1.523192976e-21
9.215798531e-21
6.848063581e-22
1.261649338e-21
7.187615599e-21
7.919066957e-21
2.065321019e-21
4.176768684e-21
3.244809927e-21
3.68252694e-21
1.753236617e-21
1.394613827e-21
1.130030233e-21
2.474145068e-21
9.496702644e-21
2.259475907e-21
4.166420432e-21
2.266240479e-21
2.474383432e-22
2.933127365e-21
1.094287225e-21
9.3080487e-21
1.988049238e-21
2.67228675e-21
1.578888345e-21
2.054312446e-22
1.464686514e-21
9.001679355e-21
1.409533048e-20
9.612994001e-21
4.324307646e-22
3.273430741e-22
9.096022037e-21
6.753350356e-22
1.801649144e-21
1.987894413e-22
2.775216053e-22
8.335101324e-21
7.870341352e-21
1.835631594e-21
5.977458144e-21
3.908053787e-21
3.914178995e-21
9.400148656e-21
6.931967658e-21
2.381235704e-22
5.538230026e-22
1.865646638e-22
6.560962624e-21
2.137865811e-21
4.037937364e-21
8.421429104e-21
1.973110237e-21
1.175559333e-21
1.008213224e-20
2.456695252e-22
4.729637172e-21
8.914088375e-22
8.564415014e-21
1.0214144e-21
5.570306841e-21
5.224312355e-21
1.549031751e-21
2.359915245e-21
8.271996385e-21
1.837577573e-21
3.297760625e-22
2.285862494e-21
1.490728176e-21
4.017973079e-21
5.046894611e-21
6.231195573e-21
1.206494758e-21
1.576751656e-21
1.433207317e-21
1.860126374e-21
2.035214228e-21
2.304465436e-21
1.319208755e-21
1.070266814e-20
3.380046021e-21
8.891183872e-22
5.171169501e-21
9.831858889e-23
1.020625555e-20
9.953521128e-22
1.14448959e-22
1.644730473e-20
5.457012972e-21
5.539123272e-21
4.64369931e-21
2.503072015e-22
1.196628968e-21
3.453625058e-21
7.029507652e-21
3.969768281e-21
7.293148882e-21
2.191409266e-21
7.446871367e-21
1.567016836e-21
3.531557121e-21
3.754616311e-21
2.656040999e-22
1.043930703e-20
6.105153791e-21
2.642073137e-21
1.837012267e-20
6.239884744e-21
1.248420933e-21
1.57174249e-21
9.366772282e-21
8.15951723e-21
8.440962863e-22
1.220253127e-21
4.657149931e-22
4.106517309e-22
1.386155485e-21
5.288937993e-21
5.800270701e-21
3.051041379e-21
1.934650729e-21
1.027581008e-20
2.047858247e-21
7.10593788e-21
3.795465294e-22
9.475493864e-23
4.984678525e-21
1.253235291e-20
1.118347356e-20
2.275907588e-21
3.221590089e-21
1.16728173e-20
1.807869414e-21
1.269346512e-20
1.225971557e-21
6.513549838e-21
3.043674463e-21
4.843243035e-21
6.381528177e-24
1.037530629e-22
9.234882892e-21
1.914992003e-20
3.878618974e-21
2.385104984e-22
6.543413079e-23
1.200279895e-20
7.198940908e-21
1.520966106e-22
4.652338255e-21
1.177039104e-21
1.171987689e-22
1.195447759e-21
1.29473634e-20
3.397530804e-21
7.405984153e-23
1.360996136e-21
1.155438323e-20
2.742267749e-22
1.659681186e-20
3.594302236e-21
1.78855285e-21
1.130195943e-21
4.842291334e-21
6.503273826e-22
3.957649356e-21
7.227871005e-21
6.301592465e-21
9.454879497e-22
3.37761715e-21
7.094731587e-22
2.597873559e-20
4.972154572e-21
1.142755035e-20
4.273510621e-22
6.906068867e-21
1.564115176e-21
1.441592151e-21
6.283634278e-21
2.721807575e-21
1.576989382e-21
1.015140422e-21
5.1602261e-21
2.510168555e-21
5.110167953e-21
5.022382785e-21
1.776072793e-21
4.885479536e-22
1.37365523e-20
2.299052397e-21
1.363370797e-21
1.003636252e-20
2.9661502e-21
5.218417519e-21
9.572952767e-22
1.015495805e-22
7.112252446e-23
3.946745959e-21
2.289110552e-21
6.306773896e-22
5.250009382e-21
5.10030335e-21
2.049900378e-21
6.886385473e-21
6.023866842e-22
5.551726936e-21
3.961577697e-21
4.508084043e-21
3.830504313e-22
1.942838357e-21
1.976112768e-21
1.136589954e-21
3.731473896e-21
2.884575689e-21
3.409451945e-21
4.136837155e-21
1.884817581e-21
4.197013868e-21
1.319732312e-21
6.007177129e-21
2.090830574e-21
2.917302282e-21
2.342672611e-20
2.050251671e-21
1.861326853e-20
3.933668881e-21
3.621309825e-21
4.735914538e-21
5.339341248e-21
7.580587404e-22
1.063773208e-20
3.950398444e-21
7.865279754e-22
4.418440758e-21
8.006520394e-22
1.607663858e-21
4.597001525e-22
2.379545521e-21
1.695755532e-21
2.011500201e-21
5.359930792e-22
8.501137507e-21
9.96963377e-21
5.04075119e-21
7.025264166e-21
2.479946183e-21
3.074972601e-21
4.69652782e-21
4.859795922e-21
1.122585874e-20
3.505945609e-21
4.68111581e-21
4.094744612e-21
4.827302624e-21
2.162312992e-21
1.492509736e-20
4.611947827e-21
5.808838737e-22
3.463903198e-21
1.674916252e-21
6.09976423e-21
2.844867375e-21
2.226324624e-21
3.295052569e-21
1.529249991e-21
3.499607041e-21
4.462213983e-21
7.965166351e-23
1.27943783e-21
8.693762238e-21
5.545297943e-22
2.579687141e-21
2.039398357e-21
5.091474459e-22
8.093098291e-21
4.351756627e-21
8.341843486e-22
1.324577545e-22
2.428527808e-21
7.726160544e-22
1.287290682e-21
1.337808339e-20
6.315997359e-21
1.024792442e-21
6.34347266e-21
1.25233001e-21
9.690243261e-23
1.929302503e-21
3.41218212e-21
7.682936923e-22
2.813208259e-21
2.416946473e-21
5.697886973e-21
3.44589153e-21
5.263012733e-23
2.607305581e-21
2.469688993e-21
7.031920834e-21
2.232279586e-21
2.070136696e-21
1.522366625e-21
5.551790328e-21
2.011744073e-23
1.187883861e-21
4.445300737e-21
5.020088478e-21
8.349320049e-21
2.557811883e-21
2.877389383e-20
4.975837184e-21
1.784620237e-21
8.036383282e-21
1.32023669e-21
6.449672728e-21
6.58057662e-21
2.874174241e-21
1.32938524e-21
4.842860213e-21
5.091189201e-21
1.293385534e-21
5.872349963e-21
2.55933286e-21
2.92920843e-22
2.923721861e-21
5.223421845e-21
1.302411338e-21
2.09336714e-21
6.774577174e-22
7.083903766e-22
3.345059707e-21
2.701578984e-20
2.283822319e-21
4.708143429e-21
6.476249668e-21
1.209699496e-21
8.583765627e-23
1.171663269e-20
5.864226311e-21
7.714262813e-21
1.443823275e-21
1.897008494e-21
7.590486411e-22
5.655761038e-21
1.392402312e-21
6.12749077e-21
3.627038427e-22
5.941865907e-22
2.355218333e-20
1.322925962e-22
2.306082329e-21
7.99687322e-21
9.949001461e-21
1.889384784e-22
1.050238971e-20
7.047027057e-21
9.559157222e-22
9.591289979e-21
8.256387799e-21
5.475000551e-21
7.588300973e-21
3.969232871e-23
9.167203886e-22
8.705258462e-22
2.776179517e-21
3.107546263e-21
1.145249926e-21
5.550840706e-21
1.557480242e-22
1.899276291e-21
1.117642489e-22
7.612505568e-22
2.898655166e-21
3.59445026e-21
2.109350489e-21
7.305073687e-22
4.060852899e-21
1.071053342e-20
1.51712692e-21
3.381737997e-21
1.194468675e-21
1.314550883e-20
8.465538595e-22
1.702021095e-21
1.006398936e-21
1.654991197e-21
3.164859229e-21
1.073694024e-20
1.073631071e-21
9.47692422e-22
9.893158991e-22
8.426568695e-22
8.101109133e-21
8.884406186e-21
1.147606159e-21
2.587072336e-23
3.401436586e-21
2.40537373e-20
2.749628759e-22
1.129372343e-21
6.839158445e-21
8.145705128e-22
1.83571105e-21
3.084447032e-21
7.041274241e-22
5.058298056e-21
5.154893831e-21
1.487496883e-21
6.092238146e-21
8.052873348e-21
4.794193834e-21
1.909043759e-21
2.776555271e-21
5.518153212e-21
1.380800838e-22
1.815174791e-21
1.55025055e-21
2.155116276e-21
1.430172036e-20
8.89629521e-21
2.506839084e-21
8.968357453e-22
6.522552397e-21
1.021559441e-20
2.125875954e-21
4.357960167e-21
1.364833808e-21
1.402598012e-21
1.074594379e-20
8.583873302e-22
1.095558649e-20
3.484665338e-21
8.945031426e-21
2.535479601e-21
2.563994289e-21
3.562889688e-21
8.337207893e-21
1.400795792e-20
6.917678231e-21
6.081236786e-22
4.767121108e-22
1.552007871e-22
1.02095772e-21
2.74355928e-22
6.910334706e-22
2.478008713e-21
2.884825448e-21
1.284677409e-21
3.697320554e-21
4.111150673e-21
2.097849002e-21
3.847952327e-21
6.037159787e-21
5.309331612e-22
1.067917564e-20
5.60438206e-21
2.546584651e-22
2.800334938e-21
1.141123539e-21
2.48855736e-21
1.083224371e-21
1.912607423e-21
8.197282875e-21
3.249620465e-22
1.296876448e-21
3.061899682e-21
4.23814764e-21
2.257761357e-21
1.047430935e-20
2.200817846e-22
6.344007784e-22
9.118367753e-21
6.238422778e-22
2.875517045e-21
4.672518472e-21
6.246675977e-21
5.946146007e-21
6.351337266e-22
7.523020473e-22
2.908363248e-21
8.932814943e-22
1.348149256e-22
2.158250179e-21
2.555048289e-21
1.389943367e-21
4.655111704e-22
9.803967214e-22
8.023990308e-22
1.929566935e-21
6.688905832e-22
1.814522669e-21
2.263057008e-21
2.591299676e-21
5.096159831e-21
4.09114443e-22
1.652168818e-20
7.344974032e-22
7.642661396e-21
3.297495231e-21
3.685210823e-21
1.33199717e-21
8.837296432e-21
2.103910389e-21
2.621515108e-21
2.975709319e-21
2.275462882e-21
1.619252699e-21
6.89215065e-22
3.600430176e-21
4.810946487e-22
1.869874486e-21
1.866769199e-21
3.026436781e-21
1.625168147e-21
3.896275074e-20
7.963605957e-21
8.565238061e-21
5.755191246e-21
3.941574723e-21
2.068156647e-21
4.087258545e-21
2.636398773e-21
9.893328825e-22
1.037837107e-20
3.237290642e-21
2.382624992e-21
4.949597373e-21
9.862319796e-21
6.791319166e-22
5.494935278e-22
5.099285625e-22
5.859525414e-22
1.974279989e-21
2.518421778e-22
6.125680427e-22
3.404228615e-21
1.862725637e-21
8.045646504e-21
6.62949699e-21
4.854313616e-21
2.792788891e-21
6.451567646e-21
2.394221755e-21
4.14265997e-23
4.050208335e-21
4.881109746e-22
1.624512597e-20
1.710054606e-20
1.121851431e-20
4.456530273e-21
5.332606826e-22
1.410381793e-21
3.744577101e-21
4.167009212e-21
4.798752851e-21
1.772093918e-21
2.872841269e-21
8.447231242e-22
9.171645318e-21
1.123579838e-22
8.918403815e-22
6.286410599e-21
6.408902408e-22
1.171663022e-20
1.506112595e-21
2.886041439e-21
4.23845541e-21
8.491638876e-22
1.311929426e-21
1.226767473e-21
1.238688561e-21
4.56522313e-21
1.992769767e-21
6.570286286e-21
2.23070226e-21
4.981416405e-21
1.83067288e-22
1.501177386e-21
2.556848919e-21
9.602313467e-22
3.521787569e-21
7.311686028e-21
1.756379731e-21
6.070496777e-21
2.021576418e-20
1.063505918e-21
3.150070947e-21
7.798081133e-21
3.18702804e-23
3.055858643e-21
3.507050892e-21
6.792279501e-22
2.307897165e-21
4.74162886e-21
1.369880188e-21
1.482134814e-21
2.489276357e-20
7.287578337e-22
4.954024893e-22
6.750372969e-21
2.25681135e-23
1.454731645e-21
7.26103796e-23
2.049308848e-21
4.875878859e-21
9.268672329e-21
3.306134279e-21
7.088906811e-21
5.265544496e-21
8.3268658e-21
1.664722564e-21
4.675910947e-21
1.252956324e-20
4.938742642e-22
2.449182102e-21
1.689358877e-21
5.658027589e-21
8.037866049e-21
5.174060139e-21
7.272711381e-21
1.004964473e-20
4.20211451e-21
8.839237495e-22
1.492682814e-21
9.3045564e-21
1.806795026e-21
9.708715179e-22
4.287722639e-22
5.36232806e-21
2.060153476e-21
1.147123955e-21
2.113026145e-21
2.401303388e-21
4.83090961e-21
9.118299458e-21
5.254149839e-21
2.799370479e-21
1.422688178e-21
7.545184464e-22
1.969769887e-21
2.79038993e-21
4.597399596e-21
1.795629318e-20
2.230260321e-21
8.953939986e-22
6.052219071e-21
4.300908908e-21
2.353769902e-21
1.622790692e-21
2.113282404e-21
5.111071105e-21
9.472945048e-22
6.936934063e-21
8.785086744e-21
1.083972454e-20
3.671372645e-21
8.179766968e-22
6.520202748e-23
2.193254754e-23
6.192445979e-21
1.345902182e-20
2.273403418e-21
1.638492558e-21
2.498997813e-21
3.802161231e-21
2.385200964e-21
3.39249074e-21
1.02515432e-20
1.069956951e-21
6.201257209e-21
1.687952966e-21
3.276094852e-21
2.63740051e-21
7.198144487e-22
1.354125566e-21
7.474744058e-21
1.40508357e-21
3.658863348e-21
9.979090831e-22
5.473216552e-21
5.820608747e-22
1.9649611e-21
3.245006167e-21
8.145452378e-21
3.007857727e-22
1.336571019e-23
1.465346593e-20
1.537339903e-21
1.657072305e-20
1.555089212e-21
1.848249697e-21
2.935268973e-22
2.319846753e-22
3.062446257e-21
1.454265751e-21
2.331601958e-21
2.093215874e-21
1.879473419e-21
7.497767166e-22
7.662409008e-21
9.570062169e-21
3.353797875e-21
3.989088376e-21
6.843161103e-21
6.582879271e-23
9.844398204e-22
4.66290597e-21
4.36128221e-21
1.075554003e-20
3.353130623e-21
1.741686884e-21
3.707109628e-21
1.06297119e-20
1.631580687e-21
2.35698355e-21
1.76929091e-21
1.612688418e-21
2.499422551e-21
6.649810401e-21
2.219647255e-22
1.380551644e-20
2.275169826e-21
7.097581833e-21
3.574050774e-23
2.77063223e-21
2.923722585e-21
2.969116889e-21
4.936893755e-21
3.265777959e-21
4.599065897e-21
3.77012733e-21
1.102738323e-20
1.431021206e-21
7.925544985e-22
1.393801184e-20
2.991716655e-21
4.585710843e-21
2.586298142e-21
2.192766028e-21
4.540356525e-21
4.215275379e-21
1.739902702e-20
4.644560566e-21
1.068335633e-21
2.247046954e-21
2.285869252e-21
8.235709766e-21
1.021923305e-22
2.902975183e-21
2.476441988e-21
3.00075725e-21
1.831054276e-21
5.010485133e-21
3.176600747e-21
2.080424402e-21
3.532447703e-21
7.329957971e-21
5.761451386e-21
5.130608532e-24
2.478342283e-20
1.267025276e-20
5.606447567e-22
5.219358277e-21
1.141912642e-20
7.560764845e-21
3.674977673e-21
4.429948802e-21
9.996348009e-21
1.044079334e-20
3.002146198e-21
6.150172003e-21
2.001381968e-21
1.75839508e-22
3.140033675e-21
1.034084119e-20
9.130650676e-21
1.504931487e-22
2.325989068e-21
7.819619894e-21
9.011211921e-21
6.922792892e-21
5.509604976e-21
5.756622266e-21
1.256995595e-20
5.560188598e-22
1.433101079e-21
1.191124726e-21
8.934027785e-22
1.931513721e-21
1.624065198e-21
2.097225916e-21
3.477173509e-21
2.605218717e-21
1.666831548e-21
3.20714728e-21
3.128493679e-21
1.841765074e-21
1.624958342e-21
1.915642926e-21
7.751050242e-23
4.89597146e-21
8.693998769e-22
2.278369578e-21
8.385411074e-21
2.441927844e-21
3.588694163e-21
8.011957921e-22
2.829547158e-21
4.439843912e-21
1.418341695e-21
3.087285185e-21
3.190981524e-21
2.266057053e-21
8.963228681e-22
4.374667494e-21
1.048523932e-21
4.341669259e-21
1.192352593e-21
1.214646054e-21
7.793367509e-21
4.000780036e-22
1.677327701e-20
1.81056296e-20
5.727538009e-22
6.107689709e-23
5.406999591e-21
4.427827348e-21
2.999566678e-21
1.145727698e-20
5.296113317e-23
4.895188765e-22
3.233329842e-21
5.443965071e-22
1.322651088e-20
8.803388123e-21
7.730399559e-21
4.286371424e-22
8.65234273e-22
9.829293635e-22
1.019404004e-20
7.685151903e-21
3.213525557e-21
4.993048954e-22
7.591367053e-22
3.940387581e-21
2.047318277e-21
4.365807903e-22
1.412686087e-21
2.109651217e-21
4.997489318e-21
3.374487794e-21
2.828764693e-21
8.080823346e-21
2.625075159e-21
1.324685081e-21
3.821548806e-21
2.135478721e-21
2.980220107e-21
3.940072042e-21
5.539658186e-22
4.103391032e-21
2.551510926e-21
3.589787731e-21
2.858760368e-21
1.046839193e-21
2.335523902e-22
8.125031149e-21
5.368000696e-21
1.105605392e-21
1.121381329e-20
1.098397655e-21
9.274632304e-21
4.660318675e-21
3.318225041e-22
8.092655627e-21
1.470798963e-22
1.837115702e-21
9.045110306e-21
1.830803512e-21
1.950462523e-22
1.30746738e-20
3.053273351e-21
4.566416433e-21
7.533379533e-21
3.512094815e-21
1.294568221e-21
5.368005014e-21
1.959686494e-20
1.15081505e-21
1.932304072e-21
3.772293427e-22
1.80750817e-21
9.537389149e-21
5.194780023e-22
1.360143657e-22
7.659973988e-21
1.111235894e-20
6.324104359e-21
2.32010284e-21
5.169565787e-21
3.281216474e-21
2.935323368e-21
1.100779373e-21
1.059678091e-20
2.452225985e-21
5.79159041e-21
1.323963897e-21
3.768358816e-21
1.200920679e-21
7.475555279e-22
2.838965612e-21
1.983476736e-21
2.251028853e-21
7.324130368e-23
1.090562073e-21
3.57197123e-22
1.284006151e-21
5.414190649e-21
3.140950655e-21
3.791221268e-21
2.322403688e-22
9.607734811e-21
6.39718207e-22
3.59175369e-21
3.36580894e-22
5.061653016e-21
1.757071298e-21
1.080149004e-20
3.35235379e-22
4.172964722e-21
1.486083395e-20
1.751293955e-21
)


// ************************************************************************* //
