/*--------------------------------*- C++ -*----------------------------------*\
| =========                 |                                                 |
| \\      /  F ield         | OpenFOAM: The Open Source CFD Toolbox           |
|  \\    /   O peration     | Version:  2406                                  |
|   \\  /    A nd           | Website:  www.openfoam.com                      |
|    \\/     M anipulation  |                                                 |
\*---------------------------------------------------------------------------*/
FoamFile
{
    version     2.0;
    format      ascii;
    arch        "LSB;label=32;scalar=64";
    class       volScalarField;
    location    "0.008";
    object      dsmcRhoN;
}
// * * * * * * * * * * * * * * * * * * * * * * * * * * * * * * * * * * * * * //

dimensions      [0 -3 0 0 0 0 0];

internalField   nonuniform List<scalar> 
654
(
15
18
21
16
14
11
10
22
18
20
12
18
13
26
16
14
26
12
12
12
20
16
16
8
20
19
23
12
18
13
11
12
18
10
7
10
10
14
13
7
12
14
14
20
16
3
18
7
21
14
22
14
11
21
18
8
5
4
11
11
8
8
8
9
9
16
8
10
10
11
12
7
14
11
14
18
12
16
16
19
11
15
21
23
15
11
17
8
3
11
13
5
7
9
15
9
12
9
4
8
10
12
11
8
10
10
11
14
16
15
14
14
15
15
9
9
9
2
7
4
8
8
6
6
5
6
11
9
6
8
12
9
8
10
11
10
10
15
11
4
18
15
19
17
11
11
2
6
9
8
10
10
8
5
6
4
11
3
4
11
8
12
11
11
5
11
7
13
6
9
21
9
12
13
6
9
10
6
9
6
9
11
7
12
14
5
7
8
9
10
9
11
8
14
14
7
14
17
14
6
11
16
17
14
6
12
10
5
16
7
11
6
5
7
11
3
9
6
5
7
15
9
9
8
9
17
13
14
7
19
9
10
13
20
8
6
7
9
9
8
10
13
10
8
11
6
9
7
7
8
5
11
10
11
10
13
7
8
12
13
12
13
11
18
9
7
5
8
11
11
6
10
16
6
13
9
13
14
11
5
12
8
6
11
11
7
10
7
9
11
7
15
13
6
10
14
4
10
7
9
5
13
8
8
10
4
8
9
8
9
12
12
11
7
8
8
12
9
12
15
13
9
7
8
8
6
9
9
10
6
9
7
6
8
10
12
12
8
8
6
5
6
8
10
9
6
6
9
12
12
8
15
6
6
15
6
10
10
4
11
7
4
9
4
7
6
5
10
10
8
8
7
5
10
7
5
6
4
10
12
8
11
8
8
9
14
10
10
9
5
6
7
10
18
8
7
9
10
5
8
12
5
8
8
8
11
8
5
9
13
10
11
6
9
11
6
8
13
7
9
6
8
9
8
1
6
3
8
7
9
4
6
6
8
10
6
11
6
9
8
6
8
9
7
11
9
14
6
6
8
8
10
7
6
7
6
5
7
9
8
4
7
13
4
9
3
4
10
12
10
3
7
8
13
15
7
13
14
13
7
7
14
8
15
8
6
13
7
3
9
4
9
5
4
8
4
9
9
6
10
9
11
7
11
6
17
9
4
9
15
7
10
14
12
4
4
6
9
9
6
7
9
6
6
7
8
5
11
3
6
11
10
2
10
8
9
6
7
6
6
3
5
14
8
9
11
5
7
4
8
11
9
11
8
13
4
4
6
7
7
7
8
7
7
5
9
13
7
7
6
9
5
9
5
7
10
7
7
16
10
9
5
9
6
7
13
11
10
8
9
5
7
8
2
13
9
13
10
9
9
13
6
12
7
11
10
8
14
8
12
10
11
8
6
5
10
7
10
6
8
9
4
7
5
8
9
10
7
10
8
15
11
10
6
8
4
10
5
11
8
6
8
8
9
10
10
7
4
11
7
11
4
8
13
)
;

boundaryField
{
    flow
    {
        type            zeroGradient;
    }
    obstacle
    {
        type            zeroGradient;
    }
    frontAndBack
    {
        type            empty;
    }
    procBoundary3to1
    {
        type            processor;
        value           nonuniform List<scalar> 
36
(
21
20
11
10
15
15
19
15
19
13
21
21
21
11
7
9
21
15
15
10
15
7
15
15
13
13
7
10
11
12
4
15
14
14
9
9
)
;
    }
    procBoundary3to2
    {
        type            processor;
        value           nonuniform List<scalar> 
19
(
10
7
6
6
8
7
8
1
5
7
11
8
4
11
6
10
12
9
12
)
;
    }
}


// ************************************************************************* //
