/*--------------------------------*- C++ -*----------------------------------*\
| =========                 |                                                 |
| \\      /  F ield         | OpenFOAM: The Open Source CFD Toolbox           |
|  \\    /   O peration     | Version:  2406                                  |
|   \\  /    A nd           | Website:  www.openfoam.com                      |
|    \\/     M anipulation  |                                                 |
\*---------------------------------------------------------------------------*/
FoamFile
{
    version     2.0;
    format      ascii;
    arch        "LSB;label=32;scalar=64";
    class       scalarField;
    location    "0/lagrangian/dsmc";
    object      Ei;
}
// * * * * * * * * * * * * * * * * * * * * * * * * * * * * * * * * * * * * * //


4305
(
6.44655350957972e-21
2.86319303935138e-21
1.44982102656691e-21
4.13580480768936e-21
1.44702119302569e-21
2.2350776701417e-20
4.32534669861559e-21
1.21243583075569e-21
5.87943564309439e-21
1.22299579178554e-21
2.41286804265365e-21
2.57809880443353e-21
1.30870542686012e-21
5.49431687012899e-21
1.82071276802614e-21
8.72046721684014e-21
1.75548094336761e-20
6.38043547307101e-22
6.33906419887754e-21
3.45024693488121e-21
3.48056343059045e-23
2.79155046225355e-21
1.26754143527271e-22
5.64442932971768e-22
2.3687495750836e-22
6.26771087641399e-21
6.01745306115136e-21
3.40269927535343e-21
8.82193644646225e-21
1.61026894360421e-21
1.01329255973363e-20
9.6662506950289e-21
4.24577939552729e-22
8.06845782306256e-22
3.44188003921409e-21
4.47217815812979e-21
3.11865480262791e-21
1.86708704911859e-21
3.06306129199152e-22
3.62478042633077e-21
1.01852725131639e-21
9.57452645095215e-21
4.04049867794845e-21
5.35778363860328e-21
3.62124405931862e-22
2.62293715954332e-21
5.92564137778023e-21
1.21797464695549e-20
1.2209552199098e-20
7.35713259445208e-21
8.03530368747606e-22
1.05133748890218e-21
3.16838703165211e-21
2.96566305297876e-21
1.33535094175414e-21
5.74703193875395e-22
1.6115210254543e-21
3.72360519784381e-21
9.27176506875064e-21
3.39945251646363e-23
4.76600421052714e-21
6.66045826303878e-21
1.86015246224911e-21
3.8066858407067e-21
1.77181889647695e-21
1.23600754120706e-20
2.58998667332254e-21
3.63639372460708e-21
5.16061295944311e-21
1.19911920597332e-21
1.92769173408015e-21
1.97632794193474e-21
1.10660262149054e-21
1.08477937619196e-20
9.53478737606443e-22
6.00451648512754e-21
4.40621549028191e-21
1.09992804453671e-20
1.42049823187408e-21
1.23493160195796e-21
1.55122950594723e-20
5.25208561166193e-21
3.40493802080836e-21
6.2289515984352e-21
1.23682816909569e-20
5.37086717177169e-22
6.78287281199575e-21
3.9382251651245e-21
2.55026655617272e-21
6.82784905610174e-21
9.62786212886693e-21
4.97111452014423e-21
9.18089452641209e-21
2.549910148508e-21
1.09977449925388e-21
4.65134788741921e-24
1.52967496822703e-20
6.37987950021116e-22
6.45835565252282e-22
5.98067251055183e-21
3.45094445229771e-21
1.30361125459801e-21
4.29696172701374e-21
8.06821612299859e-21
1.10759310440716e-20
1.41440233828717e-20
1.14133462686455e-20
5.90652956059898e-22
2.51581327643953e-21
2.37268425707972e-21
3.66805684729627e-22
9.85234679984865e-21
5.79574598195361e-21
5.87252961379791e-22
1.81237308164123e-22
3.09051957803353e-21
6.533886310656e-21
4.15841432413611e-22
1.41693854932298e-21
7.01591236436066e-21
4.20671951969646e-21
5.17356536791786e-21
6.51572373339326e-21
4.32372969307483e-21
1.76058829799164e-21
3.54225680781738e-21
2.42305598924463e-21
4.7022117282306e-21
8.39816119371821e-21
3.24313106708607e-21
9.33750696613304e-21
7.76931818504358e-22
1.38245149609103e-20
8.47601105548784e-21
6.02140696290078e-21
1.4064601138128e-20
1.07231407695812e-20
4.15836346626256e-21
8.51098311299649e-22
5.34479064140444e-21
8.07454043610695e-21
4.24476273280775e-21
6.47131168139892e-21
9.63223549853546e-21
2.85939728257019e-22
9.74239095543058e-21
5.15969300080695e-22
1.48868857177731e-22
2.98442517146754e-21
4.45826960000241e-21
9.86338734166351e-21
1.13831748283608e-21
2.41962884333467e-21
1.7102534222707e-21
4.14599529648408e-21
3.68291401376337e-22
7.52269567111081e-21
2.19984102575488e-21
6.46934684795958e-21
2.04666864825866e-21
5.94080467984354e-21
2.93089788578789e-21
3.85508917545516e-21
4.07774873733255e-21
5.48487919120391e-21
7.43738569999845e-21
1.9961877662636e-22
3.63274218711496e-21
1.49617120839813e-21
2.28873567834844e-21
1.71074188157618e-21
1.00750844259641e-21
2.18619967577912e-21
1.61800039009071e-21
1.48216577609783e-21
6.63002361741208e-21
6.49288345546826e-22
9.96647834265251e-21
2.10469053422588e-23
2.16829077556376e-21
1.10265428034974e-20
1.47346375717934e-21
6.44090525999196e-21
2.11880797433336e-22
1.93017353509544e-21
5.95519131733332e-21
3.33034986467993e-21
4.30675551526606e-22
1.08623276396262e-20
5.36405717217512e-22
1.2259560394302e-20
3.16065566207299e-21
8.22573804120234e-22
2.15831504316728e-22
4.51638511858851e-21
1.09147348836403e-20
1.5808916175692e-21
4.77043012191432e-21
6.30223977861071e-21
8.72432565420853e-22
2.75664302168653e-21
9.73819790087462e-22
5.36563177767406e-21
1.22048046406927e-22
5.97804870679136e-22
2.76407826504718e-23
1.34124479062971e-20
5.74442463885513e-22
7.55152619507828e-21
2.04429344233445e-21
9.10625008988507e-21
1.30560501495826e-21
9.61318304512807e-22
2.61843768126933e-22
5.17534215335753e-21
6.398000826151e-21
2.92820909569599e-22
5.35473215080131e-21
1.89984317650002e-21
1.85732580589736e-21
5.35151269829937e-22
3.83362300843517e-21
2.08273927501536e-21
6.06124369597338e-21
9.44461126772057e-22
2.74043666644479e-21
7.27889776968954e-21
3.55357840008605e-21
2.98966577548865e-21
2.74295458692619e-21
5.73282165890937e-21
4.25580959728622e-21
3.1064217393166e-21
9.2879091010398e-21
3.60218756417473e-21
4.61164759295206e-22
1.76073686517349e-21
6.32487952511702e-21
3.90007503515215e-21
4.52751471460108e-22
3.30006631377785e-21
1.46920325648163e-21
8.79368418253052e-22
1.23198552027514e-21
2.88546982136664e-21
4.29631671401264e-21
8.84984125354018e-22
2.48524446956557e-21
5.99231561573231e-21
8.49985567615461e-22
6.69296984289535e-21
2.91924595823743e-21
1.59453460888366e-22
6.18820144362665e-22
1.84881812609655e-21
1.3042990776515e-22
1.34322428163179e-21
5.69338547435671e-21
2.11855056839747e-22
4.79006150162475e-21
1.00489297444313e-20
6.71483931426922e-22
2.37912980635372e-21
2.18146058946695e-21
9.70504606511694e-21
1.98559766276364e-21
1.64861485927451e-21
2.47742708082329e-21
4.59636287873741e-22
3.49096546989073e-21
3.0679486031857e-21
1.74098973704542e-21
3.33921118428832e-21
7.61602815742602e-21
1.44881565789677e-21
3.91881652110716e-21
3.75004345695157e-21
3.14066746336528e-22
2.55724630870259e-21
8.56499595029258e-22
1.658173271509e-20
7.60865520457848e-23
4.70228388300181e-21
1.127251862695e-21
1.30391474801516e-22
7.04772891539852e-22
5.50687607429444e-22
5.63619461078822e-21
7.01529456972518e-21
5.83408422369852e-22
1.83904730423451e-21
4.17098368191402e-21
9.09022524492729e-22
3.39123544752893e-21
1.04509681887585e-20
1.71374113457794e-20
9.15339448550543e-22
1.14544717661093e-20
2.32583796787608e-21
2.84395898982928e-21
2.34232264264023e-21
4.47619137324976e-21
2.87984390967827e-21
3.9152982242069e-21
3.43105446524304e-21
1.74317651385956e-20
5.73445567773369e-22
1.87394613044635e-20
3.6574527348029e-21
1.76926950454946e-21
1.02178180515752e-20
1.45459575744654e-21
1.42256002831418e-21
4.50132279804191e-21
1.07521958964266e-21
5.25367123012268e-21
3.86537206186106e-21
1.63612138554563e-21
9.4359460587054e-22
3.66291429399109e-21
1.14713139528109e-20
4.3749749864811e-21
6.6672535895215e-21
5.55102776032796e-21
8.58255656787844e-22
3.22770112994832e-22
5.09622454304479e-22
2.61780847031838e-21
3.83082534720637e-21
5.09045379266126e-21
4.0651670301345e-21
6.3576196168872e-21
4.1718724315568e-21
1.12287953043975e-20
1.26319496102085e-21
2.83709668541001e-21
1.37256108305427e-20
1.17564712142096e-20
8.34411753268144e-21
8.00103549989578e-21
3.20705805882387e-23
1.42285506674626e-20
2.9889604312919e-21
9.77391799282169e-22
6.97722731490457e-21
7.54308419308222e-21
5.55608230361598e-21
2.3452737872304e-21
2.47488100862708e-21
4.04877877119565e-21
1.2435208562194e-21
5.77455131052203e-21
1.72433756217087e-20
1.12487456236018e-21
2.94281903719514e-21
4.5497090321748e-22
1.010397664033e-20
9.75871107096473e-21
6.61080879594802e-21
1.20446504622978e-20
7.34995094517494e-21
8.4447185736035e-22
1.28690181842984e-20
3.33866915551743e-21
8.89247925473046e-22
1.0479618156278e-20
9.24806627835192e-21
3.80013282290134e-21
2.44744860693977e-21
3.16241937651118e-20
5.16908132238508e-22
1.69396791386182e-21
6.08894369862931e-22
1.03124819307733e-21
9.57283303726627e-21
4.16990417166871e-21
3.64535950269825e-22
4.1487393339416e-23
4.84127292853747e-21
4.01986843533914e-22
1.66361657781224e-20
3.66539125942216e-21
5.30930063193421e-23
1.202857469357e-21
1.59333450316971e-21
2.67014443782248e-22
3.28298756662909e-22
3.51505996550103e-21
8.97763552029249e-24
5.0338384463193e-21
2.49257783474511e-21
3.93128443156795e-21
1.19504272286241e-21
1.67846611572253e-22
3.34963267281482e-21
5.56949487496419e-21
2.02956015893844e-21
1.2470027873286e-20
1.70989572372181e-21
4.21542285283021e-21
6.93368812144465e-21
1.68768586127528e-21
4.39994298262731e-21
4.27103786163673e-21
4.14524471935487e-21
9.31350368519113e-22
3.37618924703238e-21
4.746030791796e-21
8.25759382100732e-21
1.51189005855591e-21
6.11399052125052e-23
5.96179046228453e-22
2.12759860913542e-21
4.48066505081707e-21
1.19588098995207e-21
6.58213182295586e-21
1.59666209452583e-21
2.65080392118367e-21
1.81722748722602e-21
1.59135910911914e-21
4.88772716896284e-21
2.17949969600597e-21
3.00365319992214e-21
4.85174298226508e-21
2.15019772647402e-21
1.11102183679673e-20
9.68150972875258e-22
3.71790253577118e-22
1.09208619248431e-20
7.58914402546551e-21
1.09289772806387e-21
8.33381628250584e-22
9.41221748925811e-21
6.24205522815085e-21
4.79855543371456e-22
1.77332111042938e-20
1.20399127460992e-20
1.14269988088148e-20
2.22589053930029e-21
1.67035927450977e-21
7.93922275425191e-21
4.21259671261024e-21
4.12798185548341e-22
5.4141061330018e-21
6.36051577171914e-23
1.52024400107926e-21
7.50145455034735e-22
1.42531074056497e-21
7.57531792652555e-22
5.39928383645453e-22
8.42627731175637e-22
1.90891526871983e-21
1.17681793762334e-22
9.56265465357147e-22
2.68557372615925e-21
1.55818395347364e-21
6.45553009952876e-22
5.29020346227078e-22
3.08147562687113e-22
3.84336326731339e-21
3.81606424458071e-21
2.76414165879115e-22
2.72590982643856e-23
1.29199916668656e-20
8.53849853291558e-22
1.16932383744292e-20
2.87699859456696e-21
4.0482335509984e-21
4.09857571584127e-21
1.64022596730225e-21
8.32995466181389e-21
1.77680647662121e-20
1.38567052023193e-21
6.91467339745971e-21
7.106748705632e-22
1.75602702755864e-20
3.30630972200079e-23
1.09045993648159e-21
5.32198588225724e-21
2.86889097075564e-22
5.52396072472708e-21
5.01621882056017e-21
3.52783845243093e-21
6.94711517931628e-21
3.9514322836753e-21
4.00173826272706e-21
4.70808516169241e-22
5.04994053630975e-23
1.00943070215051e-21
4.73457978435203e-22
1.95816192727197e-21
1.37269281544232e-20
1.68005700008131e-21
3.08611094077395e-21
2.88370296416805e-21
4.8907839081662e-21
2.06511248475974e-21
9.04780323503709e-21
1.08974254334627e-20
7.47763735601298e-21
7.16505726404276e-22
5.09885597014799e-21
2.69416423751059e-21
8.91482419724763e-21
2.40217301076769e-22
1.40397405282698e-21
6.7345953842208e-22
2.30658491532636e-21
5.30907217420051e-21
3.49131426494403e-22
9.174632794903e-22
1.5113001828201e-22
2.25239168605741e-21
1.16484520733644e-20
9.41292814801769e-21
6.53566178278604e-22
6.99853250505882e-22
2.10234948432527e-22
6.5391082806593e-21
4.20646073675882e-21
2.95469511013914e-22
2.54158306482071e-21
2.54635345350263e-21
2.99132768419862e-22
7.5039219373147e-23
2.41974044818983e-21
5.52204087375534e-21
8.70073393984818e-22
1.86160458922847e-21
7.17999649084393e-21
1.15395148502559e-20
2.6147104053978e-21
1.30287909781348e-20
3.91357481620212e-22
6.15218579118988e-21
8.55984364397455e-22
1.57054456640447e-21
4.58659239318859e-21
4.1818796347086e-21
4.95781248457546e-21
2.26565551508688e-21
1.8523386815499e-21
7.16951887646626e-22
2.56927676886213e-21
1.0225658727661e-20
2.91514435293894e-21
5.80016392736747e-21
4.901670950409e-21
1.79562992743835e-21
5.45121744057743e-22
2.85225613298641e-21
5.53308412500306e-21
1.81131547142758e-21
7.48283358526289e-21
2.12139803966501e-21
3.16958927761326e-21
1.28272071462388e-21
4.35304344724826e-22
1.24278188156472e-21
3.44846311152047e-23
2.58454800270656e-21
1.5287145646265e-20
2.75578953612628e-21
3.93984372454088e-21
2.1858414848233e-21
4.72963121428622e-21
5.01625748351652e-21
1.75298385186214e-21
1.42118589318979e-21
2.79503375037603e-22
9.21235784367674e-22
2.68588397040056e-21
3.94401869462278e-21
1.22240654587941e-21
6.37991603708558e-21
4.87004491746664e-21
1.97463801395447e-21
3.56825578017502e-21
9.03493246494952e-22
8.79532764379987e-22
3.61127589778834e-21
2.57529186543812e-21
6.62486680549421e-21
1.07478158675772e-21
7.36566989395458e-21
1.06208527858877e-22
7.60271499054951e-22
2.59984138200185e-21
1.19792604494118e-21
1.33014157029441e-20
8.78992700596528e-22
8.16623583355612e-21
5.97963194672544e-21
1.29648955262447e-21
4.58268805838734e-21
1.1406275969934e-20
8.2990629925804e-21
4.12856242113037e-22
2.32260711622948e-21
2.65015296227319e-21
2.32904016318627e-21
7.78539050754201e-21
1.31873451908031e-20
3.47491108265977e-21
1.68476329961879e-21
8.14776458668894e-21
2.4525857923566e-21
2.79572043521095e-21
2.04189815874314e-21
3.70239348712852e-21
1.70407914004264e-21
4.28917860179738e-22
6.93935875268913e-22
8.52431538061527e-23
6.58182515607775e-21
2.47832112940779e-21
4.08033644318917e-22
3.07192218308619e-21
2.44296168705845e-21
4.4376089258917e-21
9.34945665106418e-21
5.6953665867155e-21
1.90824294882505e-21
1.35136906276493e-20
9.7146129853795e-22
1.26149466707417e-21
7.50866516104101e-22
3.83403624831254e-21
5.3349126100605e-21
3.83026636113251e-22
9.61370633059191e-21
5.81251264455876e-21
8.28418664597685e-23
1.24141923880207e-22
2.59889723861128e-21
6.43303780838321e-21
2.86659353426623e-21
8.0036009810195e-22
1.17844752322621e-20
2.07489554941624e-21
3.77816727053854e-21
4.71650591949535e-21
1.29184828021902e-22
4.15392204391629e-22
3.96751465087088e-21
6.43485919590577e-21
1.08265833881316e-22
2.02325070273956e-20
2.21510487687091e-21
9.70350607204579e-21
5.36104691884548e-21
3.10032515273913e-21
7.74471475344137e-21
2.25193582909756e-21
1.25208718883341e-21
5.13014906752342e-21
1.09093577270638e-21
2.72933668839938e-21
4.99595706088206e-21
3.44033048401688e-21
8.94809197630403e-22
2.69815085779415e-22
3.97753787512321e-21
3.9343333567379e-21
6.34664593939149e-21
5.01058092540414e-21
7.3758593882799e-21
2.09903477698241e-22
3.00886002267997e-21
5.9251186610108e-22
1.24635534710517e-21
1.1938238937927e-21
1.24813258969888e-21
2.50700649623282e-22
5.22165043856081e-21
8.60427306620495e-22
3.93600781551087e-21
6.16411491027857e-21
1.77560269397226e-21
2.16463433716846e-21
1.24242391503881e-21
4.1254428310891e-21
6.46010314456598e-22
7.27848067719339e-22
1.69360027593122e-21
6.81372865226101e-21
4.31525420694783e-21
2.35033994761722e-22
1.66563911728979e-22
5.69299745358787e-21
4.43162111534064e-21
4.96561234248334e-21
5.90805661397405e-22
3.50015439812903e-21
1.00174411869326e-20
3.4004565600667e-21
5.56765367689981e-21
2.98650112236068e-21
2.90770436127718e-21
1.49306352153992e-21
1.84029164964424e-21
3.09180705810759e-21
1.64323924624357e-21
7.84044050941192e-21
2.13754634522331e-21
3.02438976679678e-21
1.2348213580213e-21
2.30393110716107e-21
1.15785602123737e-21
1.46599892835369e-22
3.485909602014e-22
9.57956530769881e-22
3.89468808325065e-23
9.15995702556762e-21
5.50808561790294e-21
1.12103013571577e-20
1.02796260959083e-20
2.33960512462425e-21
5.02394602229906e-21
3.99256179435025e-21
3.4561553046409e-21
2.45055630687263e-21
3.16709285253395e-21
2.26565576010038e-22
1.15904893597524e-21
3.7632467667788e-22
1.80755730899997e-21
7.44081721315024e-22
3.22039041829816e-21
1.09505891212042e-20
4.68520874398813e-21
1.63648070712675e-21
3.46790817201868e-21
6.82249850648446e-21
6.92044128899098e-22
1.89161500071126e-21
1.22099733635468e-20
7.65538373837607e-21
6.15105845851576e-21
2.93035844805918e-21
5.78558372716796e-21
7.2665689535854e-21
4.1667559641044e-21
5.59619615459375e-21
1.27708313706989e-20
1.0388984905881e-21
6.99021055442387e-22
6.61143061135277e-21
4.81134316074721e-23
2.3483102206645e-22
7.88766274198756e-21
1.43307720310649e-21
8.51216704309874e-21
1.52341168035608e-21
4.10993284986032e-22
2.61359634724592e-21
7.58586133862149e-21
5.12032640553019e-21
3.3982418056233e-21
3.42109371475489e-21
2.72520751985196e-22
1.3300898058688e-22
2.9296565998814e-21
1.75006968780419e-21
6.69596630710941e-22
5.89711173557272e-21
2.6892503692961e-21
8.91785095550428e-22
9.86471724189528e-22
1.14286056110214e-21
2.46721007037541e-21
9.96486459469705e-21
5.3888303341239e-21
7.06803617228156e-21
9.13735409014779e-21
1.850289347337e-20
9.6900771953377e-22
4.98532900199233e-22
1.95853346037686e-21
9.7943546686427e-22
2.10377385816571e-21
1.30187087533067e-21
6.16363704118825e-21
1.99410212126361e-21
6.57009900416312e-21
2.81067744275667e-21
3.77648200799017e-21
3.00765957903107e-21
6.06142810543592e-21
1.16142990121516e-20
3.75859014110629e-21
8.30925779598776e-21
5.30744972920173e-22
8.90391817711142e-22
2.1978018693383e-21
2.46614305474297e-21
1.65514351630856e-21
2.89410878501101e-21
1.16400385678773e-20
3.54594203359387e-21
8.73986311896422e-22
1.18411016858073e-21
5.35556592082761e-21
1.19378294240319e-21
4.36460483640503e-22
4.60128233125154e-21
2.62740483432264e-21
2.46450269673135e-21
3.27322026693821e-21
5.78723278406589e-21
6.95407009875077e-22
2.88947654979997e-22
1.61547125339004e-22
9.57029267042192e-22
1.00064322137387e-20
6.31895306559843e-21
1.09843281647049e-20
4.51830922421645e-21
3.74392103947103e-21
7.17875753488208e-21
2.18994781620984e-22
1.93240942256049e-21
1.09935907020626e-20
2.72355424344691e-21
3.6483654975398e-22
1.10503517294762e-21
2.59406561164516e-21
3.56644331315029e-21
6.15540994394386e-21
1.39713594001098e-21
8.76819026738522e-24
1.41665235900765e-20
6.52631153811331e-21
3.49865342496411e-21
1.27325148237943e-21
1.61779015628157e-22
3.10939290747935e-21
5.28982562892338e-21
1.64956069795985e-21
3.44065171150201e-21
7.56128158339491e-21
3.47613210153776e-21
6.66438627506957e-21
3.49536169515366e-21
4.12143926983488e-21
6.3099124654154e-21
2.79078863686375e-21
3.84213903627446e-22
2.09554448875268e-22
1.71797996593577e-20
2.54591626891536e-22
2.1809254734243e-22
7.40818896769582e-22
4.93238514216893e-21
3.55925205034472e-21
3.59532309394235e-21
3.95120838069163e-21
4.97411348162192e-22
1.94225325515979e-21
5.00402880701614e-21
4.55760372297042e-21
4.50133091489569e-21
3.22756890226843e-21
5.85844500646671e-21
1.42079997271775e-21
4.79775504224248e-21
1.9167109976952e-21
1.96414220389664e-21
2.99804153331288e-21
1.61893431789168e-20
2.60778507288605e-23
4.56041971806219e-21
1.09512776714511e-20
8.69258070005309e-22
9.66446494955355e-22
5.56874953603505e-22
5.06003346103811e-21
4.11733205431881e-22
5.81086645764674e-22
3.21926287602996e-21
3.85790406735631e-21
2.34808521836743e-21
4.07519479464672e-21
1.78832443539491e-21
3.41941814387857e-21
5.67995618786897e-22
6.56132209227106e-22
2.02599057426222e-22
3.78877307336943e-21
6.02114599294583e-21
2.54331642146651e-21
4.49635955458208e-21
6.61378962831861e-22
8.13630518861243e-22
9.56945332105302e-22
2.54493386598571e-21
2.76017429325423e-22
3.16548344981273e-21
7.21941323553495e-22
4.81845274139111e-21
4.34245026304334e-21
6.38583101362641e-21
7.91428062840443e-21
1.5326764842277e-21
2.69069579673026e-21
2.37682452670971e-21
8.09921748677848e-22
2.83870298077485e-22
2.30788584976844e-21
2.35183229357773e-21
2.02737424899606e-21
6.17192723736138e-22
4.27974062796618e-22
3.09558551776302e-21
4.92275165550915e-21
2.53082659583001e-22
3.95924030372397e-21
1.92209815597076e-21
3.04650179271032e-21
1.66393653682729e-21
1.25161639985572e-22
1.25014787847379e-20
5.36845927145183e-21
2.81676696357824e-21
3.24953892560234e-21
5.28968143529133e-21
4.12023996072479e-22
5.51805647593509e-21
4.06463217664805e-21
8.00600043032254e-21
7.10991955603985e-22
8.00418137075314e-22
9.10012135923022e-22
1.00063804257476e-22
2.9647677634745e-22
1.22527047838052e-21
2.68397309943699e-22
1.16279585634406e-21
4.41396015299229e-21
9.68706212985216e-22
2.44288218543457e-23
1.14114968809239e-21
4.82950206619224e-21
1.725658098647e-21
3.92101900869429e-21
4.95109629680406e-22
5.26846930209578e-21
4.92496110939457e-21
4.00740405273145e-21
4.01393012165515e-21
2.8759666832864e-21
1.98041579557532e-21
5.19012981012638e-21
2.17681786350754e-21
2.60370996197229e-21
2.60802432918964e-21
6.56515291363549e-21
1.10127922307091e-21
6.01879161230616e-21
2.44446843111219e-21
6.8368870420219e-22
9.01151276573817e-21
2.50154169834887e-21
8.33497859624176e-21
7.10576544338296e-21
8.23882024661108e-21
1.63626354565475e-22
6.6719972083578e-21
8.13186054693056e-21
3.62069092060713e-21
6.37118037573637e-21
1.065421843708e-21
4.76790187288997e-21
9.01499121700767e-23
7.70790044940308e-22
1.61619691752783e-21
2.13603488953791e-22
1.274021410063e-21
4.75145674381674e-22
6.63159934300271e-21
1.72696531665235e-20
8.31255522370071e-21
6.63726048413441e-21
1.55505462213591e-21
7.86170694562352e-21
1.01865443098985e-21
6.24412152359096e-21
4.51090540167477e-22
1.84702507694643e-21
4.56743360176996e-21
1.36161583419648e-21
3.98317281974302e-21
3.43683110632996e-21
6.61356057098241e-21
1.93411202614244e-21
8.30094031205927e-21
1.23131824101782e-21
7.83057149799975e-21
8.32770723367257e-21
1.76824224722031e-23
5.01910117845341e-21
1.69979351537904e-20
3.27107594607786e-21
1.84670935541627e-21
6.27644695971071e-21
3.11570515232426e-22
5.02341680604846e-21
2.52184045093644e-21
8.23212898579637e-21
1.38540725340324e-21
2.02719222881087e-21
1.40942627864949e-21
5.36642993880778e-21
1.2662182303182e-21
2.86110088660462e-21
1.17508371388076e-21
7.92872794746189e-21
3.47123029787135e-21
1.41023527319397e-20
1.29052783626514e-21
2.44624210997632e-21
1.59294580964598e-21
8.78100102921505e-21
3.49199418075454e-21
9.09180705094009e-21
1.1344871634228e-21
6.42743271768888e-21
1.14930393221624e-21
8.7551228679697e-22
4.56890194856068e-21
4.94100447684154e-21
1.28774117491762e-20
1.698122350923e-22
2.98914344190923e-21
3.24415796416148e-22
1.19989002447609e-20
1.36148148459446e-21
2.34716689417272e-21
9.47991086899665e-22
5.16181418687883e-21
6.22354879432634e-22
1.26501173353939e-21
4.95489575457224e-21
1.04536508831184e-20
2.96709215114348e-21
2.22445018106958e-21
8.71940328519351e-21
1.93101376368525e-21
1.6836316796228e-21
1.33554927827433e-21
3.94535925973442e-21
3.2579435199325e-21
3.90176424355501e-21
2.07292518138382e-21
8.70012862438009e-21
1.7930756473125e-21
8.44651748710535e-22
1.88783365131057e-21
7.26331459381863e-21
2.4969436797178e-22
1.44875105543003e-22
2.19843097604628e-21
2.49126630910169e-21
7.63555490690696e-22
1.1403203884253e-20
9.20727373885472e-21
2.63602007685948e-21
1.14702323832502e-20
1.59088422333802e-20
3.28851343183012e-21
1.2691903023279e-21
8.55693385199864e-21
7.63328014971105e-21
8.26812466227821e-22
3.33204462232783e-21
1.13431966683159e-20
2.66261210576765e-21
5.92720013609334e-22
3.81155670856318e-21
1.38529776423477e-20
1.37043327365182e-21
1.91912928333447e-21
5.58693340779089e-21
6.11912172469589e-21
3.10151180217727e-21
8.82554945317612e-22
1.02735787617235e-20
1.06334751328312e-20
3.02785142239004e-23
5.95439621265546e-21
1.31307478017334e-21
1.41058255921494e-21
7.71764308161282e-21
7.624064881551e-22
1.02867882580932e-20
1.11041543645205e-21
1.63608827634394e-21
2.04385571940846e-20
1.42233362473245e-21
2.17310006167757e-21
1.31810900413799e-20
2.5428261010329e-21
4.67614964460933e-22
2.98632503125084e-21
4.96481855917605e-21
4.25127870299285e-21
5.58241093679359e-22
2.36359235358288e-21
1.11069987259392e-21
1.22244370005923e-21
1.04046380237781e-20
8.4270203240592e-22
7.93565080693849e-21
9.88045240510636e-21
2.09540858811572e-21
2.9985951298817e-21
5.62760539560309e-21
1.68504815523984e-21
1.10703680512531e-22
2.36009054329345e-21
2.37709081054947e-21
5.99125671808533e-21
5.22019571918664e-21
1.40499974454603e-21
1.09625992515703e-20
3.87248808980935e-21
4.41732229504702e-21
4.97798309550176e-22
1.89258866001532e-21
7.33678853769513e-22
2.08340233854554e-21
9.92282720569205e-22
1.1668647156374e-20
1.6807156024575e-21
5.49054946877121e-21
4.65365854985903e-21
8.08437777312862e-21
4.44776105943444e-21
2.39024672655323e-21
9.50675186495201e-21
1.73601094843232e-21
4.27794793914331e-21
1.52373670227226e-20
6.61391049707904e-21
2.44576578632485e-21
8.84576673622075e-21
2.59383167008576e-20
1.38712285453617e-21
9.05192610826183e-21
2.42108982255057e-22
6.79027478278791e-21
1.10751473566512e-21
3.83526776366074e-22
1.74856752962477e-21
1.58319386516795e-21
5.65806781290987e-21
1.59401874462266e-21
7.46338858153913e-21
9.11660890070101e-23
6.08265539260768e-21
1.92148506718107e-22
1.80190695676166e-21
8.08880810236988e-21
3.6559556522895e-21
1.28005054732406e-20
3.8400684940405e-21
7.77387557573908e-21
5.07907581346463e-21
8.53201832827923e-23
1.22985530608992e-20
1.48594020645811e-21
2.64904876016745e-21
3.99437747034648e-21
2.43061597388424e-21
4.48954988544256e-22
2.89423376406631e-21
2.31978992222097e-21
9.37055866606643e-22
3.33134175357365e-21
6.37220233907041e-21
2.27813229517926e-21
5.28537972143896e-21
8.77767887374398e-21
1.74596016703746e-21
6.88048792669408e-21
4.78838649708552e-22
3.52399700802081e-21
9.33920993143334e-21
1.09134290828806e-20
6.49476351061867e-21
4.25843558600118e-22
1.95019889096254e-22
2.47071168208226e-21
4.74170593594472e-21
9.12383269608275e-21
2.34429133107094e-21
4.76156194728841e-23
4.28942740117689e-21
2.90459910496938e-21
4.69883864360873e-21
5.73224387663647e-21
1.39507859486292e-21
5.443411600392e-21
2.90088270804665e-21
2.02899009229176e-22
8.90909682282831e-22
2.21090779056744e-21
5.54170961174942e-22
2.5136265554301e-21
1.301345634106e-21
7.30572101094551e-21
8.79157510468396e-22
4.30343726309161e-22
1.77608245105866e-21
4.53195984201702e-21
1.3113679133467e-20
4.76484455187032e-21
6.36976873779302e-22
7.14537806980588e-21
4.37754753121061e-21
5.75256414499852e-22
4.63315778206885e-21
1.6056911604278e-22
5.71450878826617e-22
1.87727085641462e-21
1.84175736344826e-20
3.44636473991474e-21
5.68034665526372e-21
1.26305433973437e-21
3.82633578074281e-22
5.00572538534797e-22
7.39738466573872e-21
2.52641626068246e-21
2.91762024014116e-20
6.58459091668134e-21
8.50609989627731e-21
6.18321183685655e-21
1.17394942771442e-20
1.03168310728138e-21
3.75483605557771e-22
3.2641497583433e-21
1.11852527263167e-21
1.61210538166386e-21
2.48187376136656e-21
1.50467993350271e-21
1.09181684182382e-21
7.12907372058572e-21
2.08990785644889e-21
5.4179265859251e-23
7.8272160996651e-22
2.82367532930163e-21
2.04082948008397e-21
2.72440876268076e-21
2.65738425366478e-21
3.42151333311577e-21
4.72088512698227e-21
3.69763435333871e-21
4.70298429750776e-21
2.83273610058235e-21
9.44364726071233e-21
4.97560699920528e-22
1.4071547329936e-21
1.33136658848531e-21
1.05701400063394e-20
2.1749008438782e-21
1.44527452021887e-21
7.62484206826434e-21
9.42628644499837e-21
5.3701991392039e-21
2.1916683076298e-21
9.29452739784838e-21
3.98115074554573e-21
2.39787828443799e-21
7.56903238099039e-22
2.24485340146312e-21
4.79546223366344e-21
1.24391885094916e-21
4.7112779817924e-21
9.61675868890064e-22
1.65164471119917e-21
2.59532462880829e-21
4.68328533731265e-21
9.08989191431921e-22
2.57187385290351e-21
3.73087433304181e-21
2.45659811932782e-21
4.48127987239728e-21
3.29472856908288e-22
5.59762647133068e-22
7.35669270960184e-22
3.31297310814422e-21
5.06776799216931e-21
1.31998112772596e-20
1.59822351384811e-21
9.11564043367951e-22
5.8273949053019e-21
3.64565492531395e-21
2.41587534640203e-21
2.60662158676658e-21
2.56265084174276e-21
4.70265163212858e-21
2.34576407240983e-20
3.19409540195421e-21
7.06315965209624e-21
3.24601412398838e-22
1.38789072969351e-22
2.20062129595407e-21
2.54175715168058e-21
5.38438315463654e-21
8.28559161693214e-22
1.10097247800785e-21
5.49222628609642e-21
1.77797639543604e-21
3.29101463632822e-21
1.78628218515528e-21
7.79683661535428e-21
1.90040044242339e-21
9.05608992086786e-22
1.11383427753694e-21
1.44724205685271e-21
1.03613629935283e-21
5.22782638738725e-22
1.29371293000951e-21
4.20520700924436e-21
6.63561729356284e-22
4.56355393210102e-22
3.13349996492058e-21
5.36925626624377e-22
2.04046667603311e-21
2.51647020298074e-21
1.0993542605523e-20
1.58177520834161e-21
6.04036088880847e-21
3.67900991282601e-21
1.85293044606387e-20
4.64748279904052e-21
4.20647345251129e-22
8.31721701754939e-21
3.70478857661393e-21
4.55651918221467e-21
5.30848724048618e-21
1.06033031444744e-21
5.55174836797241e-22
3.27884602450879e-21
7.00233714547504e-21
6.69056480086234e-21
2.24478110804906e-20
3.55198195899166e-21
7.89419731261902e-21
5.23444066942939e-21
3.37056924986251e-21
6.51694355519213e-21
5.99064062655764e-21
7.48877034272626e-21
7.841626450025e-22
4.56589682827108e-21
2.74316634375376e-21
4.84176281125803e-21
4.49675448058457e-21
2.16874721067982e-21
6.90533901613753e-22
2.36296716985084e-21
7.65511780020065e-21
5.27495116858895e-21
5.93878500951607e-21
7.39982748408735e-21
6.09278526585696e-24
1.0439825176549e-23
3.5235955373445e-21
7.05284390303081e-21
1.27890692463363e-21
7.31079644566209e-22
7.49314077089695e-21
1.82956177283796e-21
3.63013340676752e-22
1.18701535571296e-20
5.36833343202168e-22
1.02646689674306e-20
1.08248375176967e-20
5.70977675640734e-21
7.17188422576029e-21
3.89665795361319e-21
1.79620569901544e-22
3.74280925316018e-22
2.23208898764003e-21
1.47651226310995e-21
7.8772365217657e-21
3.59591971903158e-21
3.0425904575149e-22
2.95629057803106e-21
4.04235733060403e-21
3.32279438656464e-21
9.05007145411402e-21
8.7424560791293e-21
4.51911244302586e-21
1.00017315140084e-21
1.89995302445117e-22
2.13710009746447e-21
4.98591096087605e-22
3.17662964199024e-21
1.36868291424568e-20
1.1409646727016e-21
3.84912137138072e-21
1.12067343391261e-20
2.69247635057982e-21
3.05986598056726e-21
1.01251170655733e-21
2.79023625408247e-21
4.67673120508294e-22
2.57532720166668e-21
5.91916928576959e-21
2.47557793874481e-22
5.48067955573252e-22
3.65290644196999e-21
6.74097255450941e-21
1.66460457308429e-21
5.40369040489113e-22
8.3619795783974e-21
1.79292748180701e-21
3.2409932920886e-21
6.72237571148537e-21
9.14677147473699e-21
9.86219270792965e-22
2.34921538427578e-22
4.33605232843816e-21
2.05858717649423e-21
1.80660144823287e-21
8.08481882897994e-21
6.7134861401158e-21
1.29866377276602e-21
7.43061754047641e-21
1.49388155979466e-21
3.24112803716146e-21
2.97955241855914e-22
5.91417614098152e-21
1.17528573578658e-20
1.16473140500614e-20
7.22683005358135e-21
7.74937346540561e-21
5.13809311303146e-22
2.2227629476982e-21
3.37824315702686e-21
4.35096710614365e-22
7.42927431745204e-22
1.22789690843894e-20
7.93241249978746e-21
1.56000082799976e-22
2.65633831255152e-21
1.36663056677364e-20
1.56019783222841e-21
4.4798191961756e-21
1.65018845011902e-20
2.83794889816939e-21
6.67793848881045e-21
4.14278132808954e-21
1.74632675487186e-21
3.98057419753571e-22
3.78034376592178e-21
5.51162675636434e-21
6.51807148733229e-21
8.2939607613093e-22
1.79908555555241e-21
3.4076638666964e-22
4.27797875593134e-22
2.24375777692906e-21
8.45303252051918e-22
2.11982366158599e-22
2.86065081998737e-21
7.46531705502155e-21
2.14526477632022e-21
5.71261702821496e-23
1.55923178270892e-20
4.41346408766577e-22
2.63311347776717e-21
2.57877063503991e-21
2.43270887017932e-21
6.8833239085638e-21
1.07154408018757e-20
1.64452902425471e-21
1.16375160886801e-21
8.4840569317789e-22
3.63480623145067e-22
4.57450975115412e-22
2.59151417218035e-21
7.42031593923472e-21
1.41209072938042e-22
2.13572540671673e-21
1.42183084495698e-21
3.14855982234495e-21
7.0627323246219e-21
1.45016928223271e-21
6.687655352858e-21
8.87882954412625e-22
3.15175448704443e-21
5.3254963007311e-21
1.09410887837214e-20
5.7014233062355e-21
2.23848242495142e-21
3.36332973314624e-21
5.60167504915735e-21
1.61707761721687e-21
4.53742044888729e-21
9.97319245376799e-22
7.15827414041785e-21
1.27740929510701e-22
2.85431652921856e-21
1.3879258563668e-21
1.95870774836991e-21
1.01512179851998e-20
1.89628547369669e-21
3.77718537691098e-22
1.58638541744624e-21
2.96597780182195e-21
1.24404426886237e-21
7.45001763916742e-21
4.07245332933382e-21
6.21467175520504e-21
1.32419445759629e-20
2.19795599856264e-21
1.07323714316497e-20
5.44259446424207e-22
1.57324855715259e-21
1.51164358024761e-21
3.61614409425399e-21
5.78397346307766e-23
6.67846144217624e-21
1.62210954231418e-21
5.69199293016487e-22
8.711736557529e-22
7.60263430542579e-22
1.57752760858106e-20
2.86568946266881e-21
6.57540248097479e-21
1.12403968101195e-20
1.07673052543172e-22
2.66778760068343e-21
3.77090727823876e-21
1.23242823476875e-21
9.28771569735237e-22
2.49514676051471e-22
1.00133079894554e-22
4.66133501378437e-22
5.17345401793782e-21
5.51510828185531e-21
4.33776442508723e-21
6.82124441616024e-21
5.03320916081892e-22
3.94068729665351e-21
4.75026966388215e-21
3.26188464356593e-21
1.1850508303856e-21
3.22644535009006e-21
2.1105794731347e-20
1.00495929501724e-21
7.93631724802588e-21
6.36208496559241e-22
2.78327744206444e-21
1.67612306122017e-20
3.93128521530779e-21
3.17685284734068e-21
5.99507828584072e-21
1.29580489442235e-21
1.89575477410582e-24
1.23866055223531e-20
9.86069921111981e-22
6.69720040245665e-21
3.64893156207747e-21
2.26204318252758e-21
1.01341244150095e-22
3.93770291784088e-21
1.56241452603844e-21
6.2449922309915e-21
5.75692562310141e-22
4.96734489293021e-22
7.04366506993237e-22
8.07783894591135e-22
1.34304756454734e-20
6.66276710572713e-21
1.18494911894068e-22
1.17498439489178e-21
7.42165928510968e-21
3.96684430892588e-21
1.40008210772127e-21
2.09924914679364e-21
6.43468428276062e-22
4.59366779394025e-21
1.6420223567998e-21
1.22742217567929e-21
2.57759572499498e-21
3.3306594445542e-21
2.58049310364309e-21
1.01435111275464e-21
5.78103702979299e-22
1.14734980487484e-21
6.13678884461043e-21
2.40236843257752e-21
3.93385924479635e-21
3.0467103024232e-21
4.98185801687415e-21
3.66040718352912e-21
1.50296211917305e-20
2.65961320653205e-21
1.17999036544349e-20
9.09207583493042e-22
9.1403171311596e-21
3.7511437357008e-21
3.6485094243019e-21
2.33612922000739e-21
5.81928330467917e-22
5.36325199742353e-21
2.80002582018243e-22
1.60562220271761e-21
1.68635822622547e-22
4.51556089106684e-21
1.24940715876195e-21
4.42209063354033e-21
1.03364630021104e-21
2.18069890130573e-21
5.34535182879604e-21
7.38647189251793e-22
2.01095349781057e-22
1.51100979060785e-21
7.02447339844338e-21
5.20379267180665e-21
7.30374020634334e-21
1.92021905747857e-21
4.11858911840688e-21
3.51956406323687e-22
1.96420836226209e-22
7.03420401145676e-21
5.73075957915189e-22
7.49529104666804e-21
6.3955817537065e-22
2.91988916106719e-21
3.47977592807063e-21
6.97092959361643e-21
3.66005652328888e-21
1.82177393062812e-20
2.17375385296064e-20
8.45834057342158e-21
1.06201937112034e-21
7.32852054173488e-22
9.70653339280371e-21
1.39930319680493e-20
4.71740601202072e-21
1.24121064826706e-22
1.99925992352582e-20
6.54042628605393e-21
3.56205811052306e-21
4.47809271896054e-21
1.83350799979027e-21
5.29004321608596e-21
4.09301860200291e-21
6.68363529419584e-21
6.78694803626693e-21
1.56847512095329e-20
1.2836887858614e-20
7.91741073453652e-21
1.09844005886711e-21
5.02146528684512e-21
9.931938410779e-22
2.6369444909512e-22
1.51014183696339e-21
6.11821287549575e-21
6.29224589389078e-21
3.93094618292328e-21
5.65337567991362e-22
1.15267503290991e-21
2.44092708073508e-20
8.06910041105426e-21
7.98366872543999e-22
1.02303125557014e-20
1.65207812817306e-21
6.91366029864071e-21
3.59848884042387e-21
2.37762421483002e-21
1.74692030024568e-21
3.55262949793132e-22
6.06006320941442e-23
4.9893399304984e-22
8.78371398150168e-21
1.04494025950529e-21
6.48829750218621e-21
1.20026890997824e-21
3.7246088882864e-21
4.59161537902932e-22
6.85325434726598e-21
7.20503002543494e-22
2.29132333319024e-22
2.73732364783519e-21
4.91095211641778e-21
1.66075725271576e-22
5.18371943256457e-22
9.66562474032647e-22
3.81358965767253e-21
6.53041345250296e-21
2.37404667419764e-20
7.36289232063941e-21
4.90909731957662e-21
7.07998976571679e-21
4.05048563370032e-21
2.52775102801402e-21
2.94480364034033e-21
3.39515278508155e-21
6.08117789249709e-21
2.90452120568897e-21
1.00685318707619e-20
3.62545673484801e-21
2.69665301123314e-21
4.51589431469963e-21
4.49233927887649e-21
8.50468295769479e-22
7.69706395637503e-22
1.8657294577068e-21
9.99061319818551e-21
4.07483791563736e-21
2.89527098199869e-21
6.11697317842369e-21
8.52709768963643e-22
6.0322832852743e-22
6.58177497848158e-21
1.29469623393891e-21
1.51322635817283e-21
3.85979455741921e-21
6.96307412011379e-21
4.57844938431457e-21
3.6877734599671e-21
9.21715971072105e-21
6.20859156479417e-21
1.06572666054131e-20
1.42348357962821e-21
5.98557772504835e-22
9.45894423037699e-21
4.60519627806278e-21
3.10948539458507e-21
8.8641446803759e-22
1.92132189204726e-20
1.79546080883007e-21
2.33194379939559e-22
3.96147282400571e-22
3.29436422562411e-21
2.00862395477695e-21
2.39095857961294e-22
1.25517438775549e-21
1.37737730441792e-21
9.17198679172028e-21
1.8519091008179e-21
6.58804488050753e-21
3.74606982034121e-21
9.29085489819687e-21
1.93216862351014e-22
3.86262818592266e-22
2.17915928021049e-21
2.44693451134236e-21
1.73326256435559e-21
1.08431471020115e-20
3.80842230095162e-21
6.004512048998e-21
1.10792057810268e-20
1.28334406830009e-21
4.88894997053996e-21
1.38347123751735e-21
7.16681837796973e-22
3.53600582228551e-22
2.72750952180054e-21
6.17433072870793e-22
1.96272258743273e-23
5.98183433398868e-21
1.1481101307628e-21
9.17326425740224e-24
5.39907885674346e-22
2.0934513236137e-21
5.39592207366316e-21
1.90654066954414e-20
4.7877606381049e-21
2.73953696089775e-21
5.63436289605299e-21
1.73417421782062e-21
5.00180020768904e-21
2.07776533183636e-21
4.64764707866365e-22
1.50845585621951e-21
4.83846691823955e-21
1.46166044526346e-20
6.16692619992011e-21
1.0310900334158e-20
8.36188586114378e-21
8.66726612456789e-21
4.62931478575277e-21
1.18719093675365e-21
9.21383363522066e-21
1.1614025450723e-20
1.36600868440014e-21
2.90675522680706e-21
4.48620434658135e-21
1.1301741171797e-22
3.37744271555823e-21
1.3529768170117e-21
4.2486475340011e-21
4.81195777163423e-21
3.33540244145008e-21
5.51231143077759e-21
6.41980226366881e-21
2.89055226109345e-21
6.2629561530843e-21
5.46654396717775e-21
1.98337130836579e-21
5.57998736601011e-22
1.31229828166042e-21
1.4190151962678e-21
2.58655582065333e-22
6.30777631899128e-21
2.6365838400577e-21
1.60184274530505e-21
2.31653110066442e-20
1.94565894525714e-21
9.65391212885838e-21
1.52949082032331e-20
3.95455057700252e-22
4.87153758458538e-21
3.68645705245688e-22
2.3878410558654e-21
3.99970913493935e-22
1.23371861084222e-20
5.0324221987438e-21
3.43661415690409e-21
1.93123229433255e-21
7.81266427485599e-21
7.43970958801854e-21
1.03754354696446e-21
1.27336027193756e-21
4.37033353499513e-21
2.47216397639969e-23
1.38171212828609e-21
6.55275747902024e-21
3.48170940719148e-21
1.98119245507866e-21
8.41601037861521e-21
1.89932262319261e-21
2.09923337538789e-21
6.09539740203399e-21
1.55277044401025e-20
9.43160492498026e-22
3.3235895666501e-21
3.2168238696303e-21
3.06440929365954e-21
6.69812893287769e-22
8.43515715400488e-21
1.50274912443877e-21
5.95327618844976e-21
8.69755440572825e-22
3.98818624073509e-22
2.76166414789102e-21
1.09239909803185e-20
1.01301410073486e-21
2.59012131371912e-21
2.26433259605822e-21
4.60045712835951e-21
1.24882784465724e-20
7.93940968587413e-21
4.28686969287158e-21
5.79941696878057e-21
1.59513506391951e-21
4.86042498773806e-22
6.34097530537674e-22
3.01436276281766e-21
4.95613284618152e-21
3.56364946798881e-21
7.29995896654062e-21
7.59459527542224e-22
5.53747291917299e-21
6.07026544080527e-21
8.55266147388539e-21
1.20702207409888e-20
1.95661426987265e-21
4.62485894929195e-21
1.20120265672176e-21
8.63877030994656e-21
1.35309367297509e-21
1.14656324254499e-21
5.51890837747727e-21
8.39896809654267e-21
6.80611850292436e-22
1.87939108291022e-21
6.38320155490405e-22
6.73048029950018e-21
2.37824887432282e-22
1.53518890488386e-21
4.68199859555806e-21
8.41765127386541e-22
2.44020012683374e-22
3.26610682953642e-21
1.5824788493582e-21
2.08865331504462e-21
3.50910910303942e-21
4.90990405698488e-23
7.91241206323179e-21
2.54284657490649e-21
8.10539099343244e-21
1.51265920514129e-20
4.96859151080944e-21
1.21608389058481e-22
2.47844097086429e-21
7.29492666763165e-22
2.89120641467789e-21
1.92939841681962e-21
1.43074217793102e-22
2.79188215909567e-21
1.70448847275826e-21
9.91190716887918e-21
1.94532916598702e-20
1.2634358712403e-20
1.70294642070453e-20
2.29212494866383e-21
2.08148704975512e-23
5.2429093114099e-21
1.60636095866081e-21
1.59038251069315e-20
9.73830679478878e-21
1.00305708864534e-21
2.91109111757175e-21
4.47292437660746e-22
2.14870218589054e-22
2.59961376717678e-21
2.15224836696648e-20
5.39202822056814e-21
1.9259848768013e-22
8.11363087132007e-21
6.2259661844188e-22
5.7535205897494e-22
3.99190969176253e-21
2.48858971967043e-21
2.33781263210454e-22
3.04187038503051e-21
1.90759167902261e-21
1.4308844229652e-21
8.22509208649157e-21
1.41270585042295e-21
4.7562968103798e-21
1.73118608325705e-21
2.16322649166208e-21
2.91196859261194e-21
9.79091915711856e-22
9.89773027823808e-22
9.12612654589248e-22
1.43961386162971e-20
1.16725896776319e-20
1.43561022910921e-21
3.10730750354052e-22
7.10480937444686e-21
5.12415616425098e-22
6.7640371852003e-23
4.1304677173831e-21
4.44040690988762e-22
5.15897998460719e-21
3.66799180955765e-21
2.34488982413533e-21
9.62869702975659e-21
5.50590026093243e-21
2.18352930053537e-21
1.24745317386716e-21
4.30919273044672e-22
3.32902984733563e-22
2.71948312947143e-21
5.3212043375501e-21
2.25949512208296e-21
1.714282089795e-21
1.2082541032771e-21
7.13482257837783e-21
8.45651565929687e-22
8.6476734600618e-21
7.32646409816961e-21
3.29568540560208e-21
2.60070542323231e-21
1.55393840311958e-21
1.6236171767354e-20
1.57789938975185e-20
2.25938767090872e-21
5.33758389790167e-21
2.50155553566658e-21
1.88677266310718e-21
7.56284516680622e-21
7.35975395543318e-21
1.16396229376545e-21
1.08554268309509e-20
3.13585978827684e-21
4.83531088028908e-22
5.67743744189199e-22
2.93474402112148e-21
2.12472745837638e-21
1.47973414596596e-21
1.37816067818938e-22
6.18419465718975e-22
1.05898455005592e-20
4.34236852364469e-21
9.05827639638126e-21
4.079973387205e-21
4.42930666602656e-21
3.51729938684262e-21
6.88243672805105e-21
4.57252319686245e-21
2.19842694211159e-21
1.00253591933494e-20
6.77795240112863e-21
2.91356210884877e-21
5.52509471890607e-21
2.65434916116705e-21
2.54757262682335e-21
6.1583240642703e-21
1.16340668895799e-20
1.84952915263823e-21
1.3122300711288e-21
3.09535495587483e-21
2.53124502311346e-23
4.39244055157326e-22
7.98352986884497e-23
5.43689673968956e-22
2.63255396931318e-21
7.91380229505292e-21
5.48795331586839e-21
2.41711636258042e-21
1.44243531837368e-22
3.72128410062813e-21
6.05241726246316e-21
1.39338703172742e-21
1.92411817189856e-21
6.05999026964502e-21
3.42196809811557e-21
2.63165920252158e-21
1.214889963741e-21
2.3904457560175e-21
6.52402182248178e-21
4.35461959330535e-21
3.79063200089109e-21
1.71362442376605e-21
1.37066784445089e-20
3.89461421990831e-22
4.27308472580529e-21
6.08640264280371e-21
1.44987507047649e-20
4.54271952744347e-22
4.64372752676002e-25
4.20025231547606e-21
1.77350251025319e-21
1.81961740227966e-21
2.70833455551965e-21
5.07420700565261e-21
4.99073647177934e-21
1.26664153072208e-21
3.48917671404974e-21
8.62194441814914e-21
3.89904151142773e-21
4.19790783591628e-21
1.19725101489179e-21
1.92682003678856e-21
3.05467852783102e-21
5.65854927492787e-21
1.09782111169329e-20
8.2511264798776e-22
3.17510923435517e-22
3.49621834569766e-21
4.6927646093072e-21
1.36341072820037e-21
2.99283716414817e-21
5.82390932925956e-21
4.45918846965083e-21
2.82968829589723e-22
4.93916874715704e-21
3.24634505062551e-21
9.15578782605637e-21
2.48827792034067e-21
8.09019760068639e-21
1.56599573099227e-21
4.04493027219429e-21
4.45235508678183e-22
4.14204950417795e-21
1.94759175749967e-20
6.9313360735766e-22
1.36708454334835e-22
8.88316732378301e-21
5.89639371238669e-21
2.38690570040212e-21
7.03151224970056e-21
2.19546090896168e-21
3.06609473044195e-21
8.53129604963435e-22
1.65459925652592e-21
6.72546208452499e-22
1.55930239497087e-21
1.03328282498423e-20
4.70214001602598e-21
6.64073881729951e-21
4.24488931209311e-21
4.18686563830423e-21
2.52717646860441e-23
9.15009376423823e-23
7.8963598263025e-22
9.62566707381512e-21
8.69864302488185e-21
8.31183828635934e-21
1.6722986891251e-21
1.4918148188855e-22
6.52602892476434e-21
4.78351967338728e-23
4.55352383728857e-21
3.39507387346015e-21
5.3641674750496e-21
5.75164718860949e-21
4.70757221684429e-21
1.98661756293487e-21
2.06546600479372e-21
3.98949840174129e-22
8.09598029802977e-21
6.3524942520898e-22
6.41178349076178e-21
4.83493607803503e-24
4.01036765962311e-22
1.61469188134562e-21
5.91002784368669e-23
1.06603685568214e-21
2.90074288916932e-21
3.35552860045302e-23
5.79751660537309e-21
3.7595050562427e-21
5.21275634636987e-21
4.61828302962946e-21
1.46447718682266e-21
2.55977471546899e-21
6.08707274242405e-22
2.97590488350136e-21
4.29361236126749e-21
6.33286938756522e-21
4.40272077805731e-22
4.20807592403112e-21
5.82113927797926e-21
1.09248614850861e-21
4.70521313213135e-21
1.67044258345898e-21
1.37536214369829e-21
6.37781317873769e-22
4.54741208106811e-21
3.0374158037018e-21
1.07893129846377e-20
6.92375628367152e-21
5.09996616775154e-21
3.52485958049301e-21
2.79951394856307e-21
7.96369548561211e-21
5.13302275286579e-21
3.64320797054404e-21
4.6236306605101e-21
1.4469631112864e-20
1.82656050299109e-21
1.55238209029583e-20
2.77019649642131e-21
1.62319546025185e-21
3.79264488651865e-21
2.21510461291159e-21
8.21792408349493e-22
6.11231795356556e-21
9.92502697014558e-23
4.42412291574074e-21
4.24979525469301e-21
7.92060265044324e-21
1.01017822805357e-20
3.72696631855736e-21
1.07726058295589e-23
6.09344005643509e-21
3.80499604714908e-21
8.23225877745446e-22
4.12953462204519e-21
1.6757471451629e-22
1.11065039240224e-20
3.15180935759644e-21
6.36391451502198e-21
5.44715489884804e-22
1.6506566086245e-20
8.77268504450038e-22
2.32072863916624e-22
7.16735412713741e-21
3.1563503762709e-21
1.04407995710396e-20
1.01622403415611e-20
1.61821696915422e-21
5.68872583707747e-21
5.62142908988198e-22
4.04623930731181e-22
7.55995668985042e-21
5.33799210300367e-22
1.63237391742647e-21
3.21781660503233e-21
4.87601426278551e-21
4.1117648323431e-21
6.53974028084513e-21
1.81347156335037e-21
6.73751788817269e-21
5.97632208306742e-21
6.53749739908033e-21
5.49118080258032e-21
4.98114776176274e-23
1.94217024632043e-21
5.21360000408593e-22
9.21140738700316e-22
1.10376056769445e-21
1.6375247733278e-21
1.88917449774879e-21
9.09448981642019e-22
1.06557986401545e-23
1.23007766944503e-21
1.61345412822022e-21
1.0889492334861e-22
1.38187538023815e-21
4.55877200864921e-21
3.7926201619833e-21
1.38922599149296e-21
7.53199877396179e-21
3.96342097197024e-21
1.01272345664902e-21
3.17161436783456e-21
2.71208049136033e-21
3.31577552605694e-21
9.07429960533378e-21
1.44343837004607e-20
1.06259194831687e-21
4.54741669000839e-21
8.36277677010344e-22
4.8438850889308e-21
8.39810842319331e-22
8.18606842449177e-21
7.27793153787398e-22
5.96800473168903e-21
1.90421302781457e-21
2.20309233069015e-21
4.34661501270097e-21
2.16121538348472e-21
4.46916152806208e-21
6.49828946799704e-21
5.70803949019059e-22
1.254389972362e-20
2.84121239375481e-21
1.00567573689105e-20
5.1050895416421e-22
5.7031770704406e-21
2.22947907299904e-21
5.66363057324412e-21
5.79639341007673e-22
3.73119117339522e-21
2.297285238465e-22
8.27617384296289e-21
7.20302535319865e-21
2.28186300087161e-21
4.59581758423346e-21
6.47080718202729e-21
1.20594032945757e-20
2.23104525094622e-21
3.42462053737115e-21
1.50168555651946e-20
2.251062363701e-21
8.69196918096119e-22
7.53154713992401e-21
3.22642403861807e-21
6.40283707373284e-22
6.00856232641692e-22
1.34746862531394e-20
6.41820170236619e-22
5.10950605368409e-22
3.46382638656046e-21
3.13115211627627e-21
5.72403947172531e-21
4.05281554565096e-21
2.37051845297661e-21
4.1452266059728e-22
9.8657893531987e-22
6.76978730298991e-21
9.81784552518143e-22
5.00199627819845e-21
5.9544424716024e-22
2.5465524502668e-21
3.25326991746565e-21
2.16464698928853e-21
3.69476975339836e-21
1.03946462396415e-20
2.11395087840602e-21
1.22721350198941e-21
1.08610300581514e-20
3.72053064556298e-21
1.688997361459e-21
1.20039982758293e-21
4.1002042963667e-22
2.2195508777743e-22
2.98891481857995e-21
4.79712099143914e-21
3.52070724384634e-21
1.98802973960823e-20
1.09077991240745e-21
4.50743125005997e-22
1.35761519097016e-21
2.41923776794016e-21
1.46538602570904e-21
5.35464630089437e-21
1.86524380190957e-21
2.79101497506119e-21
3.67045982382006e-21
5.72735437789269e-21
3.81592389956872e-21
3.42317734193714e-21
5.58221871812727e-21
2.20595842312822e-21
3.34065808645436e-22
9.34548678140141e-21
2.11154922109911e-21
6.25918708204401e-22
1.0186223662639e-21
1.04218614578072e-20
8.22642452874371e-22
8.85136778915903e-22
8.88768770047534e-21
3.15151495632188e-21
2.69439862610167e-22
2.30322469831334e-21
1.83933509700116e-21
1.86906028723321e-21
6.66797950675646e-22
4.32929168596764e-22
6.94014547976361e-21
1.24557184841694e-21
9.83926868386476e-21
3.05592020048124e-21
7.81320498957116e-22
3.96591896745122e-21
4.07526679893451e-21
4.87847798580471e-22
3.93356609777546e-21
1.43598212451529e-21
1.96620200359236e-21
1.18107645917973e-20
1.03531213836909e-20
6.45836789201398e-21
1.6982510348439e-21
1.19919570460099e-20
2.20156115945081e-21
4.08400264979159e-21
3.93969716926569e-21
5.082614861492e-21
4.94034804785413e-21
3.42003113099965e-21
2.26169029835016e-21
1.07254390931261e-21
3.15526215095828e-21
1.54407138397678e-21
5.49693955625884e-21
1.45355424772639e-21
1.2868989607428e-20
1.00178594444629e-20
1.9061410436832e-21
3.12113517677838e-21
1.02082284452569e-21
6.63150552819804e-22
1.36185236395594e-21
3.51436626407892e-21
6.41950611772204e-21
6.40563456331319e-22
2.12502763391407e-22
8.67952539068878e-21
1.14518415972421e-20
6.13931091218882e-21
8.23088286889987e-21
8.04929533839515e-22
1.06563973998221e-21
1.97487690029906e-21
4.12349433593978e-21
4.53062511154708e-21
3.27644280373744e-21
4.46203335308122e-21
3.39595657369173e-21
7.96018699463822e-22
6.92347212533152e-21
8.07046868788949e-22
3.20017292239415e-21
6.30251328648296e-21
1.06714659109635e-20
9.9485754325994e-22
3.71773716075288e-21
7.59813188736499e-21
3.03674427542721e-21
1.68818529939194e-21
2.71390698811808e-21
4.17270999494822e-22
6.21715060384447e-21
1.07666223993272e-21
7.50652615324215e-21
3.3699443268692e-21
9.22986357298434e-22
6.97051930958383e-22
3.59543379377314e-21
1.44513260240291e-22
2.26591925222281e-21
2.84473697805973e-21
5.82140794647293e-21
3.22259474549744e-21
1.18852478793794e-20
1.62995016414628e-20
1.87448566072907e-20
3.0032472210641e-21
5.52174662213403e-21
1.12762858703212e-21
6.06903844404023e-22
1.22234251524071e-20
2.0957311505491e-21
5.70205200772708e-21
2.21681656388861e-21
3.48615183011077e-22
3.76749974955947e-21
7.12459065048822e-21
4.39595474689562e-21
4.62842976924598e-21
1.10712041693379e-21
8.56913717650065e-23
3.69146174129242e-21
5.10560260813205e-21
3.64647942781066e-21
3.48483316034218e-21
6.37130163078256e-21
5.9424435892244e-21
2.53655054072678e-21
1.2269810984594e-21
1.00279965843584e-20
2.99126554621375e-21
4.41143021835327e-21
4.57536925164321e-21
2.16885404736399e-20
3.32182681754402e-21
5.60388094842568e-21
1.51259582553514e-22
8.31235796293245e-22
3.34380815736596e-21
1.0834269992632e-20
1.98254143715921e-21
3.94562168969307e-21
7.51640543309911e-21
1.14000550755186e-20
2.55300295945132e-21
8.59357850312715e-22
1.72507710903602e-20
3.88200930395774e-22
3.04917719178501e-22
9.81344646060798e-21
9.21385861388326e-22
5.19516361845777e-22
6.78184834947502e-21
3.05568685624681e-22
5.29546175827801e-21
4.78164849712021e-21
3.46456188052438e-22
7.35106632240289e-21
8.54857361392417e-21
8.2409912036564e-21
1.97856059798101e-20
5.65110510471941e-21
1.491569046795e-21
1.98044649453321e-21
1.1631314707217e-21
2.07381255366911e-21
3.093104378601e-21
5.72223414005469e-21
1.09117674058232e-21
4.31322901604202e-21
3.80004193523164e-21
2.6239709229419e-21
7.9323478634746e-22
5.63533239172891e-21
2.20776790851284e-21
4.50667602486193e-21
3.29934802707034e-21
4.04399762377434e-21
2.22314472127526e-21
2.6811213332398e-21
6.29648351015115e-22
3.59572230180887e-22
3.14604853624637e-22
7.65188382389363e-21
7.39519650683403e-21
3.2281271555871e-21
2.0474889854393e-21
6.83898203764355e-21
1.70507200373036e-21
1.01919880382293e-20
6.00159284832094e-21
1.73784231085423e-21
1.78292936541006e-20
8.07302469951912e-23
3.56752670128505e-21
1.79759019353531e-20
5.05189138198573e-21
7.87029214223773e-21
5.17302691416251e-21
1.83377661913525e-21
1.65816081679202e-22
1.96173616199015e-21
6.46877759854971e-21
3.77545835904513e-23
3.44599741125946e-21
1.81371657188164e-21
2.10081277094512e-21
1.23804134816336e-22
2.06286419441408e-23
1.46311493212305e-21
1.20262367691751e-21
5.87200325872796e-21
9.04797243320096e-21
2.40874292136357e-21
2.71060902145793e-21
2.87906760778464e-22
1.72205181022838e-21
3.91808099598809e-21
2.87207534775451e-22
2.03048817021675e-21
5.47902571886396e-21
6.24384074565158e-21
2.8554737339794e-22
1.0139852693721e-21
2.04396443079517e-21
4.60456299825007e-21
1.24457830506357e-21
1.60463671676121e-21
3.54490806398187e-21
1.73926357307709e-20
2.03899477747891e-21
4.69730034569155e-21
2.9844463839342e-21
6.80809698979298e-21
2.32603470732896e-21
1.53105935437552e-21
2.68725354337846e-22
3.65084836663753e-21
3.68135464712296e-21
5.24288523129644e-21
1.07202991241855e-20
1.62014045916921e-21
7.02634137102391e-21
5.6947537382115e-21
9.42783538245263e-23
1.02655253848485e-21
3.26229246300891e-21
1.82585844663039e-21
2.15863723251941e-21
1.07166592404893e-20
3.78573304340865e-21
5.91549374919845e-22
1.1430841684513e-23
3.00240569287942e-21
4.5593339293213e-21
2.60983678090712e-21
4.53016258157097e-21
1.17052684845458e-20
9.9390099570093e-23
1.93720330146503e-21
4.04030341746459e-21
5.57496541260203e-21
2.79788745692811e-21
1.95308171007222e-21
3.31913478993243e-21
8.10630837515319e-21
8.60243813731949e-22
8.14348075249212e-21
6.45988818164767e-21
1.71902058300236e-20
3.78610759659787e-21
1.02272382738578e-21
1.07301257891613e-21
9.51690949606625e-22
1.02588620896692e-21
4.70979320979613e-21
1.37405628092877e-20
8.90017481076523e-22
4.69891586306493e-21
3.34136893585757e-21
1.16496592864353e-22
4.90825140542854e-21
2.06275415885268e-21
5.6261733299386e-21
8.93409151083574e-21
5.06735058952266e-21
5.35406563139532e-21
3.88379348394868e-22
8.88187679309684e-24
2.37260658012431e-21
8.36909813030347e-22
3.71567974086403e-21
4.28817231339187e-21
1.11437062929017e-22
2.94590686479146e-21
6.67729017022646e-21
3.20064822746715e-22
1.05607063355194e-21
5.41917828115732e-22
3.65246902511289e-21
4.59760900062105e-21
1.09585556615071e-20
4.94260900527556e-21
6.31803178181677e-22
4.65939675777024e-21
7.00380506637445e-21
5.39490085006112e-21
5.60098393898317e-21
3.53301958104214e-21
3.21949260865726e-22
1.22334085382001e-21
4.43461021906275e-21
1.38638543120305e-21
4.00084568398272e-21
3.35923187790687e-21
3.7692910424528e-21
5.93721262216683e-22
1.37283296964056e-21
3.39546684049544e-21
2.25264349948386e-22
8.689335636241e-22
6.1932476955754e-21
7.76866516177287e-21
2.02431165703568e-21
3.95780778827237e-21
1.72187674780417e-22
2.18032076030779e-21
6.21856398597324e-21
5.84889996265073e-22
7.47823064008272e-22
6.55128484415246e-21
5.91458544079021e-21
3.18077643095784e-22
9.06466213604612e-22
6.85640410584928e-21
1.16145853875283e-20
9.8459798766732e-21
1.09706643152511e-20
9.62800261811431e-21
6.86401509800311e-21
3.07787380907383e-21
4.37397886548844e-22
4.79472585694217e-21
3.22870227986764e-21
2.45309885177873e-21
2.7567904766972e-22
6.14418709251191e-21
6.3482317444203e-21
1.62381211658671e-21
6.42130692337799e-21
1.05143591535319e-20
2.10804835264069e-20
2.99392995185058e-21
7.91258677228378e-22
2.30073476868183e-21
3.32361134144326e-21
9.3739120041686e-21
4.75662992811791e-21
2.77911717755082e-21
3.94575041046264e-21
8.36556014873489e-22
4.84942888457507e-22
1.26634188738762e-22
9.49821885155212e-22
7.72186520424974e-21
1.35902497589488e-21
6.27189991714163e-21
2.58142005021263e-23
3.33676453440229e-21
3.59126514171425e-21
2.47638436224316e-21
1.47229986930027e-21
1.11944330614928e-20
4.2148174666231e-21
6.12240561402197e-21
5.57233230625509e-21
2.18310893726516e-20
4.0232646358857e-21
6.78473831831649e-21
1.97074180986247e-21
6.9553277899193e-21
3.43242575611137e-21
2.06058658227485e-21
1.91378084796027e-21
3.94607668289061e-21
8.1834770805131e-21
4.40549300905958e-22
1.30259366887517e-20
9.71037057955596e-21
1.48422088692516e-20
1.31223371178792e-20
2.0670180715443e-21
2.1180607228957e-21
1.20435117102917e-21
2.5298584164986e-21
9.96584878720174e-21
3.19294696615634e-21
8.03941628865213e-21
3.51197502906691e-23
5.33365749644466e-22
2.87553282295434e-21
1.3655926437351e-21
1.76267732855809e-21
3.12181552352114e-21
2.63453727951548e-21
4.63428112767401e-22
5.60584235788563e-21
2.41454692583805e-21
1.88135196753866e-21
2.2548236012777e-21
2.0160993177327e-22
5.05311596547452e-21
8.42308199669494e-22
1.10688572527889e-20
1.00620527481769e-20
1.15124891642147e-20
3.9533649081369e-22
1.9101403958611e-21
1.44954903147108e-21
1.81771119508063e-22
1.43883604820683e-22
3.88349270978606e-21
6.3351218295792e-21
2.97918729703958e-22
2.82090695145222e-21
1.24767626687981e-21
3.45769227630051e-21
8.77333338081668e-22
1.20045301944577e-20
3.74596191222655e-21
9.21101570794956e-21
2.43923696512103e-21
1.87814141028498e-21
1.1558437977415e-21
5.94189881019321e-21
7.39938304291136e-21
3.40886765824882e-21
2.26563369070494e-21
5.58273978532002e-21
1.3726184261844e-21
8.52028935675896e-21
2.16368215665455e-21
8.50553557139574e-22
1.84775991179677e-21
2.6950299631424e-21
5.69604422022105e-21
5.96513498249122e-21
5.02360496547297e-21
3.61897973837306e-21
2.01025860025335e-21
2.28106916141288e-21
2.98418339071298e-21
3.07659395168014e-21
5.13451096444948e-21
7.27000111489489e-21
5.98047557801354e-21
1.79623150496815e-21
1.69619997663768e-21
9.54170825489291e-21
4.10376694996577e-21
3.04793038826774e-21
5.50161337035973e-21
5.14223767259474e-21
9.95459868269265e-22
3.77729465757757e-21
8.75762246008496e-22
1.74887708055803e-21
1.71356659317247e-21
6.29521973311213e-22
1.56246407384106e-21
1.8884658339454e-21
4.6736600339693e-21
7.98135589760994e-21
6.84397087096747e-21
8.68571920324641e-21
2.62419774015866e-22
3.8356424149564e-21
3.09177968685029e-21
1.0510209945153e-20
1.6206932178112e-21
1.32171455264903e-21
2.14449270752403e-21
8.81155276327406e-22
1.81508041400232e-21
6.74970086101485e-21
3.96270928937788e-24
1.28962286618363e-21
5.37900724383542e-21
3.43484057635122e-21
7.30104265037763e-21
7.26966895724822e-22
3.42729321336938e-21
1.44904435688585e-20
3.29925331530038e-21
2.0679260268655e-21
6.88531446462228e-22
1.9242243202888e-21
3.86563685702778e-21
4.53728914657763e-21
1.08838801621926e-20
6.16100857979535e-21
5.54512852125352e-21
1.72771947150363e-21
1.01558492255957e-20
2.60980867799801e-21
1.50264448860765e-21
5.40901713496367e-21
1.44373717088803e-20
2.38685838183321e-22
4.82977438545214e-21
2.65585860230248e-21
6.6965337081366e-21
3.86166810540741e-21
8.87901296729688e-22
1.07147427292674e-21
2.29074803958109e-22
3.25274142441788e-21
5.62026446262192e-21
5.60537516121749e-22
3.07729079213497e-21
6.86736879149246e-21
2.20622203875772e-23
2.85305875500543e-21
8.68370612359774e-21
5.2674708277055e-21
7.81025798444568e-21
2.04991299332305e-21
3.26718380002262e-21
1.74046022733694e-21
4.85092450226398e-21
4.3139770980255e-23
1.79323345981533e-21
2.01156605239756e-21
3.7962298539548e-22
9.79556872063976e-22
5.05655908218498e-21
7.87442408756496e-21
2.51828559627871e-21
7.30746045387095e-22
9.80956603030602e-22
1.88953081634625e-21
1.6085366760253e-24
7.04129832074355e-22
4.21989077003228e-21
5.75518189484803e-21
1.60541296139167e-21
1.35858003720111e-20
1.69211838700385e-22
1.52922336348113e-20
7.58836513109313e-21
6.35645977930663e-21
8.79591185467422e-21
1.20799806406915e-21
7.45044680025816e-22
8.75944613137862e-21
1.6176959717587e-21
4.26531175453805e-21
5.51469342270965e-21
1.20338354952748e-21
2.19013922004812e-22
1.37740468362061e-20
3.00450740665871e-22
1.30532384259241e-20
4.97913821847026e-21
9.30906373431827e-21
7.30396235171556e-21
1.14253078313981e-21
2.38361038852319e-22
1.33307016438493e-20
5.03923632521867e-21
6.86232126500521e-21
2.33598383729827e-21
1.45102575548172e-21
7.4443434021067e-22
2.38411794108688e-21
3.08733619391294e-21
5.32056814679802e-21
4.19835271691963e-22
9.26201552409567e-23
9.67124433019252e-21
9.83777231990003e-21
3.81298139199187e-21
8.9634955340235e-22
7.43713923434771e-22
7.11205278648316e-21
4.9278984836149e-21
9.64659933513702e-22
1.98110837313711e-20
4.57824216874909e-21
5.96436829521679e-22
7.31653589541117e-21
3.15521290767687e-22
9.28645736952375e-21
1.01008232386776e-21
3.1309031015027e-21
6.66918205263803e-22
5.65750193311952e-22
5.1847059701348e-21
7.37558932341176e-22
6.83520565588104e-22
1.15719530469715e-20
6.37727575587968e-21
1.05837756361823e-20
1.03603486410068e-21
7.96023843816995e-22
2.30120823652574e-21
3.22372047953167e-21
2.80532937811354e-21
4.84177648636127e-21
1.09528208983806e-22
7.65035094213931e-22
2.1515505781315e-21
1.74304634153857e-21
3.28087694865384e-22
1.24124269531995e-21
6.65431117324638e-21
4.88899000893049e-21
3.05872766286757e-21
1.60804691273605e-20
4.87940367354185e-22
3.94982797437658e-22
1.8183285234328e-20
2.78174437628188e-21
3.23086716240684e-21
4.22346923631064e-21
1.06835140761214e-20
1.86578614285239e-20
8.53183568127768e-21
8.36504461202985e-22
4.4512128522051e-21
6.58158278090133e-21
1.05171004796151e-23
9.95885145599329e-21
3.29001898630045e-21
2.31851604817419e-21
5.99088853378637e-22
1.04052448717121e-21
3.90040943639951e-21
2.7227131426569e-21
3.39826288373799e-21
4.3318458499401e-21
5.93585020727096e-21
3.34312020906358e-22
2.14860722048571e-21
1.25441833796655e-22
4.34687030971695e-21
3.91707245350352e-21
9.88872440970199e-22
1.13470739378178e-20
2.69037621247826e-22
1.24884827525449e-21
7.80183635550574e-22
2.73070771108261e-23
1.18712915511223e-21
2.70609823881416e-21
7.36762863201874e-21
2.00529775377802e-21
4.41539911218765e-21
4.24530537619184e-21
1.403757251303e-21
4.69065479487987e-22
2.70444253586337e-21
4.79986426133752e-21
3.55936104232018e-21
1.28530649073901e-21
7.84313193172161e-22
1.87935332536145e-21
5.86704814338646e-22
1.9342923544844e-22
3.48595558956462e-21
6.49085242176222e-21
1.23178729994947e-22
3.40260719128033e-21
5.4705246102303e-21
9.08617820031263e-21
1.46503935840392e-20
5.46551585108035e-21
2.45597857547087e-21
9.35864729521023e-21
1.64185953113894e-21
9.74759495641372e-22
1.10338124756527e-20
2.10226994239969e-21
8.72766934775795e-22
4.75145166357849e-21
1.32670379006465e-20
4.03127364258656e-21
6.84377481155097e-22
2.29702746534261e-21
4.43511321841349e-21
3.36682033413888e-21
7.42106635168774e-21
3.29800377215054e-21
1.20211648503644e-21
8.46463768379397e-22
2.50937160925232e-23
1.32994201317049e-21
3.12042372249518e-21
2.72351642746952e-21
5.70262387164738e-22
7.96910467343201e-21
1.54961097117252e-21
2.68082004809125e-20
1.87053416861115e-21
3.67417320848323e-21
5.88725204519668e-22
1.00917868402215e-20
1.19127366092082e-20
1.50916139959567e-21
4.53427238781354e-21
3.65947188551081e-23
2.52916404742775e-21
4.17469737058383e-22
1.55496033052486e-20
2.14196936914541e-21
5.46363476842658e-21
1.96980915113427e-21
2.2196997935424e-21
1.71523247023804e-20
4.17460025349386e-22
2.6981004280944e-21
4.36452265715247e-21
3.82707671497247e-21
2.4789318858044e-21
1.40798540568227e-21
1.60120463063807e-21
7.92222726110043e-21
2.39758706971579e-21
4.83322500513228e-21
1.198920042314e-21
1.31122594902438e-20
1.00660277691691e-21
2.91812202572684e-22
1.20476956946642e-20
3.64133678959518e-21
9.43726462486962e-21
4.4709419268926e-21
1.80299321319115e-21
9.2371700887274e-23
1.48023448488066e-22
2.22662210635713e-22
1.20692040269361e-21
1.10174507274044e-21
6.9079005153363e-21
1.83789126309351e-22
9.32521739597119e-21
6.84604115000913e-21
5.24287084233117e-21
1.03818470995227e-22
1.09542728121429e-20
1.80176340017011e-20
2.51370114241744e-20
1.24738143137436e-21
1.48811117069005e-21
1.16352950028325e-21
1.09258915892719e-21
2.06609141098084e-21
3.096617617773e-20
3.16396615595208e-21
1.03011219471613e-21
8.15054506942488e-21
9.75299836195217e-22
1.31926417916568e-21
4.55701423742468e-23
1.72053567940792e-20
2.72454392811944e-21
7.9621516574917e-21
9.32412526101543e-21
8.18237495872377e-21
9.15059203890765e-22
1.68705605372276e-21
1.26388504786984e-20
6.04273754459231e-21
6.8102164371276e-21
2.56192399238816e-21
1.41746566932795e-21
3.9166939284207e-21
5.98953499375527e-21
9.7022304961624e-21
1.98509739071866e-20
5.82180766551454e-21
1.76611888994297e-21
1.16268992670264e-20
8.35282230909943e-21
3.87944079429164e-22
3.04896883607113e-21
1.97430431486108e-21
1.82175304138799e-22
7.77761245409087e-21
3.84669227928852e-21
4.17075312668577e-24
2.8468406749654e-21
3.0582048653648e-21
2.44603558822556e-21
3.93627708138149e-21
3.98247253923953e-21
3.22299996024438e-22
4.34285316065907e-21
1.9039761960337e-21
1.22774178040579e-21
5.70783678299474e-22
1.19658751556077e-21
1.85752064323805e-20
1.84643006659083e-21
5.31299039639805e-21
4.58997899700854e-21
6.49386314393702e-23
4.13201093131112e-21
3.39467286684823e-21
8.81945909043595e-21
2.38032223445726e-20
1.652885659284e-21
6.56791608057445e-21
2.26057103761622e-21
3.1338546227243e-21
9.06914590138132e-21
4.87985690969491e-21
1.34534974807861e-21
4.08282269106481e-21
2.00442355060546e-21
1.66245312617522e-20
8.45116615649639e-21
5.97917859676094e-21
1.33336500435438e-21
3.60051191261276e-21
1.49575775145081e-21
1.07015893447958e-23
1.74922492858133e-21
2.08028284516142e-21
2.22291446644846e-22
5.1315446722175e-21
7.70208514794262e-21
2.02388993463309e-21
9.61542677728581e-22
7.83629281008994e-21
1.06656511117248e-21
9.11991063315088e-21
2.31427415160212e-21
9.76874241398385e-21
6.2413079046604e-21
6.07151750145472e-21
1.10912026162216e-21
2.98316493134991e-21
8.33279159518382e-23
4.26423298039774e-22
1.75986693572107e-21
5.01967470127561e-23
3.04020913819388e-21
4.53137333196208e-21
5.06527925514097e-21
7.24643971513212e-21
7.53276340341445e-21
3.25494718218613e-21
3.01144127827893e-21
1.95821657574226e-21
1.57382511771974e-21
1.5081283095653e-21
1.66866407233468e-21
6.85056440956842e-21
8.61563360799885e-22
7.23784204723816e-21
9.34579641690244e-22
2.18110091524592e-21
1.49876798183544e-20
9.49501615482217e-21
4.21869504656742e-22
4.12453973774236e-21
9.61502052675586e-22
5.24890709769134e-21
5.57168035118459e-21
8.27861692584801e-22
3.1790077335447e-21
4.15191398632995e-21
4.14794952157553e-21
2.52358235981199e-21
2.01440634055044e-21
1.86017368976136e-20
6.41930559062703e-21
3.33717100716618e-22
4.52412531176692e-21
1.19546885583482e-21
3.32217213344517e-21
5.87301809329719e-21
5.00836565905283e-21
9.51408292085361e-21
3.562932681283e-22
6.38998383849864e-21
1.07706802252466e-21
3.3696013991246e-21
8.56614470025051e-22
1.07405469553176e-20
2.38330569210327e-21
2.76157408883725e-21
1.00973215830351e-20
9.72558587082394e-21
4.05020273389686e-21
8.44726489369839e-21
7.7640325668937e-23
5.84253031547202e-22
1.73281728558132e-20
2.44422700542395e-21
3.73156493582314e-21
1.49448608639818e-20
2.88095087908092e-21
1.69159451523095e-21
3.44101327801566e-21
7.12460134438159e-22
9.01057241456293e-21
4.64222916433627e-22
5.07312279563439e-21
6.22371718883842e-21
5.79089915165224e-21
3.39563621157258e-21
1.34508839023371e-21
1.58697107265336e-20
1.16932169200936e-20
6.75210457267047e-22
8.03087371608846e-22
4.74546009487834e-21
7.31097719017908e-22
5.84626526084495e-21
2.60234982877058e-21
3.7557851007797e-21
2.02617150162007e-21
7.915776402434e-22
1.16183258843382e-22
1.04061249586488e-20
6.86247684402293e-21
5.48812823061365e-22
1.75781199382897e-21
2.54273344204613e-21
1.0692822535017e-20
1.33010251310426e-21
3.83235467179184e-21
1.48824768608616e-20
4.46533624169097e-21
7.47476060901182e-21
3.33330208062043e-23
1.36056428163319e-21
5.30390639032825e-21
2.20326809238805e-21
2.54871887975045e-21
1.58611482730626e-21
1.77777931838388e-20
9.64510124018579e-21
2.8487423280687e-21
5.76946804279549e-21
1.724629026132e-21
1.4737154869555e-21
6.28734489822425e-21
2.94467053359125e-21
1.79964367593925e-21
4.69039035338288e-21
2.50597296061569e-21
9.2728758701716e-22
2.87496940440758e-22
3.97152616540671e-21
3.6481122197616e-21
1.95631147985386e-21
8.60846940633968e-21
1.29024699639438e-21
8.76947461196557e-21
5.84438179729242e-22
1.0092609026339e-21
1.20081544767536e-21
1.49700922490618e-21
8.05135287229672e-22
1.43928026203612e-21
6.79421499442968e-22
1.90527313014554e-22
7.60236799473438e-23
1.68312672249813e-20
7.6530277237804e-21
3.41455083163037e-21
1.0057010714653e-21
2.88356157257974e-21
1.50151159473251e-20
2.23620173465295e-23
4.13665126492278e-21
1.01192770603699e-20
1.00663560750352e-20
1.97081363829607e-21
2.12041975318491e-21
8.1154993162878e-21
4.87457755410669e-22
3.13380212167409e-21
6.903994861904e-22
8.14828670005309e-21
1.6944564233038e-21
1.16168188221232e-21
2.55358367576367e-21
8.30895326184844e-21
8.74833652319436e-21
4.87367664484749e-21
2.49473324095824e-21
2.73326299333349e-21
6.68199672573839e-21
1.64528566221825e-21
9.95614838657054e-21
5.60468578451061e-22
2.52387622334626e-21
7.84728148704133e-21
1.94553242193826e-21
4.285603371247e-21
5.18816675806625e-21
1.68464596657788e-21
6.61480409738195e-21
5.72259387049398e-22
2.35612984592425e-20
4.45173612396078e-21
1.03765383134866e-20
1.55188463171194e-21
3.40663583765888e-21
5.93134701326054e-22
2.64042697787423e-21
4.28673347066909e-21
2.7803400828481e-21
1.82776688386284e-21
4.36569892516244e-22
7.10662502738086e-22
7.92533840603118e-21
6.46055118760988e-22
6.06748344534454e-21
1.17082928136533e-20
2.81227683700743e-21
9.08401395832107e-21
4.48920724862274e-21
1.12829002418312e-20
6.3013518443024e-21
3.89862034084704e-22
2.7430222167697e-20
4.77441508614976e-21
5.35784307063865e-21
3.99740641302568e-23
6.70066777499139e-21
3.97315949324675e-22
6.18736543591492e-21
2.28456868038701e-21
3.39001229324847e-21
6.53623029501373e-22
1.09985481434214e-21
1.71499571876835e-20
1.87384875053886e-21
1.91413306028429e-21
3.5790835152382e-22
7.24081502322633e-21
1.30919626503116e-20
1.47831763432068e-21
6.19726283806757e-21
4.90322716174655e-21
1.04793256240278e-20
5.34269991982312e-21
2.63999168698407e-21
8.62069058410709e-21
4.70114478049996e-23
3.78997559491237e-22
7.15481670238351e-22
1.70516209934517e-20
2.11839232455208e-21
3.7724220805719e-21
4.4532266965608e-21
2.11651641285734e-21
2.94195030870414e-21
5.75510920858941e-22
7.0910767650498e-23
1.1548815476052e-20
2.06926758957984e-21
4.20464126729653e-21
7.89993275307289e-22
1.55589937277009e-21
1.69135126821045e-21
1.1584217053306e-20
3.58682169213653e-22
7.52153801593672e-21
5.09742935687256e-21
4.70574992677233e-22
7.03319035727633e-21
3.90889811348572e-21
3.4147150298106e-21
8.73632620231273e-23
3.01485268470974e-21
7.3616857995591e-22
4.08651980717197e-22
2.16709113676149e-21
4.12994498590374e-21
1.27892596335101e-21
4.67125964887973e-21
4.14483658164417e-22
6.01091077532182e-21
5.5692298538581e-21
4.39470082580297e-21
3.74406267515794e-21
7.81588773215683e-21
6.40583093952894e-21
2.77416575613337e-22
4.39831035716676e-22
2.27169234780037e-21
2.08053585251835e-21
9.43017593982336e-23
1.53709255714349e-21
4.40942360589949e-21
1.50992092296597e-21
1.51268122284264e-21
1.86392370466634e-21
1.21885480998925e-21
2.29250342436633e-21
9.02717318965225e-21
1.91991220951998e-21
1.58728678343108e-20
5.91819793876323e-22
6.22474921702832e-21
2.106844267328e-21
1.47795518488788e-20
2.36859248661536e-20
4.84867577591137e-21
9.17573304954403e-21
4.65409465242478e-22
2.17083841374466e-21
1.66387328505394e-21
3.17643308996223e-21
1.18366355181014e-20
1.08843048192626e-20
2.70681940638297e-21
3.29214112458892e-21
2.84036908263837e-21
3.35116497428528e-21
5.06586571315934e-21
1.08112517062636e-21
7.97536231506867e-21
4.48442866694434e-21
9.75539128515975e-21
2.4362416251853e-21
3.23115412972003e-21
2.87765345142027e-20
5.36788098412927e-22
1.97003459095343e-20
6.63385122860128e-21
7.58711000374948e-21
3.17540967804744e-22
7.35896175752478e-22
8.27869397656897e-21
1.09240004434283e-21
1.58303012673178e-21
3.51861867149759e-21
4.98757380829928e-21
7.53190812339469e-22
5.76902389616766e-22
5.88273991869373e-22
5.18747034180094e-21
1.72511070085603e-20
7.93357135967398e-21
9.1235073568467e-22
1.29152966085056e-20
7.74534937975106e-21
9.9369250642251e-21
2.08964763552233e-21
4.90623280613196e-21
6.14287908794813e-21
4.36502629237669e-21
2.02407488927131e-21
5.5641942631948e-21
4.70681723833232e-21
1.92983705304861e-20
1.97658293045745e-21
4.28539499992247e-22
8.12461824033024e-21
1.13925283113644e-20
1.95086464184426e-21
4.57031963215372e-21
4.13385344449582e-21
6.89266685005335e-21
1.13739436331642e-21
3.42312790876635e-21
1.67007864707153e-21
1.08655699639445e-20
4.82318366322256e-21
3.38754524201727e-22
8.35560145990422e-22
3.61604298967967e-21
7.69103633210162e-22
1.36305438522508e-21
1.24927680364016e-20
4.07180779186403e-21
8.03548397841083e-21
7.39839596404138e-21
2.09668870764877e-21
8.41129204655517e-21
8.73880854830742e-22
2.57618665451147e-21
1.33939341425217e-21
3.69495409766853e-22
4.34711499472027e-22
1.24679963093192e-21
3.28804830099566e-21
1.18818384225338e-21
8.1548401370553e-23
1.48728269431348e-21
7.0463062258461e-22
2.06217806613517e-21
5.67125603793675e-22
2.03546992438427e-20
1.52492162358861e-20
2.31393398744024e-23
7.30471612639737e-22
1.33651764252917e-21
2.84871976159971e-21
8.82791976407944e-23
3.14123235546478e-21
2.8296605148338e-21
2.25967582814613e-21
1.82062170023013e-21
1.04334325032421e-20
5.13102541980191e-21
5.05622678602944e-21
3.1750451269384e-21
6.66776457286188e-21
1.05019465553708e-21
5.36247668050249e-21
1.89714228804058e-21
1.5740115602177e-22
2.08881096398226e-23
2.46946134048789e-21
1.04423108647021e-21
5.10278101704477e-21
9.48552462241624e-21
5.68345270660799e-21
3.99132566801997e-21
1.22993019143978e-21
3.26795374995373e-21
1.29990500780291e-20
5.117184823885e-21
1.10414433525176e-21
1.32417512262784e-22
6.1341534519919e-23
1.10882316607399e-20
4.38917851285686e-21
9.66903275975312e-22
1.08992372559338e-21
3.47349933965598e-21
7.41713478134118e-21
5.91871954171981e-21
5.62527431868017e-22
5.96172339671802e-21
4.36819171089208e-22
9.43193509916276e-22
1.71329775565038e-21
6.44525352225591e-21
2.71685835471185e-21
2.27353356162292e-21
1.0803533408562e-20
3.59124715357519e-22
1.55681190274141e-20
5.49542406122172e-21
1.73077664385382e-21
1.03111248258228e-21
5.37067036194604e-21
8.37473452444816e-21
2.86463630176264e-21
3.8438716326772e-21
1.33858323664753e-21
4.86545511183116e-21
6.13837236799802e-22
8.48369820379878e-22
5.49792922332143e-21
1.44769554868455e-20
2.06284558651114e-21
7.03473809859549e-21
1.97091040175107e-22
8.98481283080405e-21
4.4060839067463e-21
2.16682052026334e-20
4.24133913045636e-22
1.48333402180956e-21
8.98927500255162e-21
2.1021826643688e-21
3.73045786049162e-21
1.34396638672175e-21
7.46855449144013e-22
3.61234122760596e-21
1.77529427261541e-21
9.3678797647552e-21
6.16692339510622e-21
2.86469872663531e-21
1.11062955875653e-20
2.05089565862901e-21
8.66557917130585e-22
3.14530015264561e-21
3.46151695846582e-22
2.88799465274928e-21
2.22693285688342e-22
4.41952718400272e-21
5.21344397238689e-21
4.86042284332302e-21
5.90447641162242e-21
6.85712406933811e-21
6.46999734674618e-22
4.2854696655e-21
5.73770403630815e-21
6.72292304277819e-22
4.10647005494635e-21
9.51303846438772e-21
2.55166549194971e-21
7.97858745497147e-21
1.54500864705522e-21
1.34902466852281e-21
1.60301978035324e-21
5.98713755860588e-21
1.92127117341531e-21
2.04026396110338e-21
6.75146222525632e-21
1.93603521328774e-21
3.65984346017136e-21
4.82405775976148e-21
1.52427035017729e-22
6.18473642165919e-21
1.80473863185685e-21
2.8659913781915e-21
3.70927308720311e-21
4.09745892599904e-22
2.3862240003163e-21
1.89589257619052e-22
2.04062773487322e-21
6.73056050174866e-22
2.82321151160045e-22
5.09578565154457e-21
3.45876482716306e-21
1.48013234979679e-20
1.28924351963953e-21
2.94078551671354e-21
3.98383599578004e-21
2.95849875537678e-21
4.89703275875028e-21
2.23245160312927e-21
4.08928207412164e-21
1.96981576787736e-21
5.84316407420898e-21
6.11245019574389e-21
5.13272486986424e-21
3.81328336437028e-21
4.49405401081921e-21
1.55628595598151e-20
2.60183156582874e-21
2.13713066053557e-21
3.40970245414465e-21
6.10363828659628e-21
2.46739504764194e-21
4.07854374600139e-21
1.09612340187743e-21
1.57583719506792e-22
2.4477059642737e-21
5.29501782504101e-21
1.56576184396289e-21
2.39156837503532e-21
9.30012433749927e-22
3.70230169389191e-21
1.47627911509141e-21
2.54082267335376e-21
2.40987250693538e-21
5.72555043670017e-21
1.06133448893639e-21
1.09690201172314e-21
9.90948641728813e-21
3.64463176099854e-21
6.03717189711841e-21
2.27126245447413e-22
2.54409039484032e-21
4.52470221485577e-21
8.43669593067369e-21
5.95395592488532e-22
3.539207937773e-21
3.29568829809744e-21
4.07694335413103e-21
5.17943654471178e-21
1.59950430837814e-21
1.02835541739191e-20
4.28955331870426e-21
2.62056290781734e-21
1.17959579995706e-20
3.18456194414835e-22
5.43116905635979e-22
6.85770754577496e-22
3.22071743390667e-22
7.35862811999509e-22
2.60769599072115e-21
4.75509882642366e-21
5.16109750925014e-22
2.0852380275152e-21
8.57282658652162e-23
7.59406156592511e-21
4.36027775058023e-21
2.37417961156233e-22
2.49480264482919e-21
3.03359651947443e-21
1.38759540667921e-22
8.03602478435162e-21
1.32922866530698e-21
3.91036695640084e-21
1.9815949528637e-21
3.25592732016217e-21
2.58889856432607e-21
3.48821105005452e-21
5.22731104268633e-21
6.7194150468871e-21
1.37669335990957e-20
7.36714315248318e-23
4.28913012011676e-21
5.40894347050049e-22
1.88819018982429e-21
5.21532352823462e-21
7.15503279395415e-21
2.78132599942709e-21
1.85163046378727e-20
4.92307924589639e-21
8.74177661023622e-21
3.85190065647458e-21
2.56220192905066e-21
7.80100911204389e-22
5.10383089273454e-21
2.84161345160138e-21
8.94709040336716e-22
1.09930365487539e-21
1.58275442126312e-21
1.1205853020345e-21
6.5028730683511e-21
5.56245077575848e-21
8.94754980370559e-21
9.18234500564296e-22
9.50355196066147e-22
1.52338310965806e-21
1.21380169571497e-21
8.34817113368969e-21
1.45535014271185e-20
5.9634578327497e-21
1.40932961786101e-21
1.78772682273241e-21
2.92678960730712e-21
1.37218646143719e-21
1.24258087821128e-21
1.39314634545164e-20
5.44970956890592e-22
7.7613999818817e-21
1.95381681666367e-21
6.35024090286558e-21
1.12775130143681e-21
4.91503378536363e-21
1.72559833233321e-22
4.80412608575507e-21
9.7444251859948e-21
1.37139824072739e-20
1.56818097288616e-21
3.78394224218422e-21
9.46908914015326e-22
3.8236687371615e-21
2.7491623005628e-21
5.240727596123e-21
4.14604353557511e-21
1.01556965973203e-20
4.21540210429514e-22
4.58728765033655e-21
9.49005921759886e-21
6.43176602777705e-21
4.40669907180656e-21
3.53306461806631e-22
1.35697428187334e-21
1.7538169371399e-21
9.3350709250235e-21
5.94583642753651e-21
1.45690177386391e-21
8.32618054772215e-22
5.9928796685043e-21
7.70250468951557e-23
3.57410491777658e-21
3.96368595615925e-21
4.7148419026693e-23
4.96669377972759e-21
5.24800960769016e-22
2.63333788266872e-20
2.27393009414742e-21
4.73859250315616e-21
1.98634867778505e-21
1.15732437276346e-21
1.03301161873138e-22
5.16241740511221e-23
3.64792541654881e-21
4.02150008846071e-21
1.59585341186763e-21
2.46287749204873e-21
1.26766489690676e-20
6.22127124876856e-21
4.56826026253202e-21
6.62192105147754e-23
2.715213378795e-21
4.92934242481539e-21
7.71113600244375e-22
2.47340495351492e-21
3.4426291082705e-21
1.2622403973952e-21
3.08776937383591e-21
9.28823475064103e-21
9.38908842052955e-21
3.63318119008067e-22
1.56399129571407e-21
2.73401871941923e-21
3.03531516979099e-21
6.98540679218796e-21
8.43661972795356e-21
5.5121565884332e-21
1.44276223459394e-20
2.69335213167651e-21
9.40314845015602e-21
9.70818058678231e-22
9.70579450242742e-21
9.57296211350935e-22
5.70951115088216e-21
4.02067227511094e-21
2.86548453623539e-21
1.44186880694421e-20
1.73642515312048e-21
1.92999617091887e-20
5.25783510027148e-21
6.28125115670255e-21
2.05316880731713e-21
5.27863110995177e-21
5.94231454007935e-21
3.15147215785092e-21
4.37075385812218e-21
5.09950214623163e-22
5.18792601607626e-21
1.01807836647527e-20
1.74178788750678e-20
8.70968030595783e-21
5.03372574967091e-21
1.02529315046035e-20
1.10342968346636e-21
1.71140647046874e-21
1.06363936731612e-21
3.72384520009965e-21
1.83660709278888e-21
4.02629915449899e-21
8.95834722619723e-22
6.44283626346484e-21
5.14689719520249e-24
4.74785235985341e-21
2.06245587262389e-22
5.89119774126283e-21
4.24438036247977e-22
2.01740830489501e-22
2.05213641890722e-21
1.44037481124506e-21
2.74420597619332e-21
6.52001202233281e-21
1.64569611174907e-22
2.06321429272603e-22
3.53463182393462e-21
9.41021667519917e-22
2.54926930132578e-21
4.3476734433396e-21
2.25930452437241e-20
4.97750948519165e-22
6.51877967562953e-21
4.16120596826659e-21
6.29613690282972e-21
1.49267514496926e-21
6.08782922382163e-21
1.84990045232523e-21
1.01907697695248e-20
3.43600433912961e-21
5.9567488350314e-21
2.01026594625917e-21
6.13088012546016e-21
1.33989134653215e-22
7.67129303551468e-21
3.39180088915217e-21
6.35259129195717e-21
8.58234995343475e-21
6.43163573825474e-21
5.69709618854469e-22
1.17800764791167e-22
5.48334306567851e-21
6.08818889742371e-23
5.81168740211193e-21
6.68256943677771e-21
2.93638349017462e-21
9.6704298806063e-21
1.16983243832856e-20
3.52835087434256e-21
7.19445155082903e-22
7.27056235773297e-22
1.8394723389217e-21
2.16369608564386e-21
2.94319444953253e-21
1.51064636228489e-20
3.00363804326435e-21
1.10527209380053e-21
5.42037782770702e-21
1.18412592134556e-20
9.95547269454851e-22
3.1159206317535e-21
2.40427707256477e-21
1.50780336722855e-20
2.12462293616713e-21
1.41081901053263e-21
2.91088081142819e-21
1.49219959829725e-21
2.67384501101631e-21
8.80694338545635e-22
1.19794389553099e-20
7.29663190893084e-21
1.54153366115941e-21
1.18553884338628e-22
1.19174274417639e-20
3.26459373905537e-22
1.02618862046115e-20
1.81554908687144e-21
8.66407631755737e-21
1.31034349619004e-20
1.71041061154339e-21
1.04237493161622e-20
5.36326601819276e-22
6.63599968790589e-21
1.24893017012704e-21
3.09207897633e-21
3.55825645518877e-21
4.44761773254769e-22
6.24896486511354e-21
7.48433277061234e-22
6.69508689207795e-21
6.93683934586719e-21
8.04228720910077e-21
3.2729138388086e-21
3.50106385599338e-22
3.57456174168961e-21
1.16183845480655e-21
4.53187688688418e-21
4.10798965259667e-21
6.39441702457713e-21
3.94213286820021e-21
1.71628459038677e-22
2.51638639600756e-21
1.58366218122793e-21
7.58053334174643e-22
6.21088567695345e-21
5.09970604044709e-21
1.47368851622371e-20
3.29342531961128e-21
3.42039087086562e-21
1.09853482234651e-20
2.93419654247601e-21
1.71988294099592e-20
1.74591566645487e-22
5.21160555605253e-22
7.85950106872667e-21
3.95875055837095e-21
1.5512495572523e-20
3.02585855523855e-21
6.51514573293452e-21
1.77178309391157e-21
6.67390187027093e-22
7.47878472502594e-21
2.52231529993151e-22
5.25486184954464e-21
6.15152462023484e-21
7.84781040601574e-21
4.94903638496756e-21
1.76191724527691e-21
6.04219938406123e-21
6.76170721513794e-21
7.88703480606209e-21
5.26960420844462e-21
7.62233514947233e-22
1.12787035005167e-20
3.29009668124835e-21
2.93470148007764e-21
3.17365493557094e-21
4.39311463196669e-21
7.29021348278184e-22
3.12089642200569e-21
3.53703546714301e-21
2.92796709023735e-21
3.77825433568379e-21
8.99538651436199e-22
4.87814489820397e-22
1.73747009936827e-21
3.551922486364e-21
6.22819982382825e-22
3.19945667011513e-21
1.06492007214375e-20
7.33491821829041e-22
1.08217099286574e-20
6.59655671019362e-21
5.38389708381616e-21
5.3297949642767e-21
1.14521070264226e-20
4.32803055827018e-23
1.99675462222459e-21
4.42834748380873e-22
3.97562584950211e-21
4.92032846920163e-21
4.54171024627195e-22
2.39927855819977e-21
6.63246575861745e-21
3.55878071596153e-21
9.67764811968304e-22
1.3015422694933e-22
3.3706875180959e-22
1.26721565170811e-21
3.86816669178076e-21
2.53989478778617e-21
2.12881603333407e-20
2.25863199358491e-21
7.00393804440214e-21
1.97775414900296e-21
1.19731929345755e-20
6.20370555259714e-22
5.23454156759759e-22
4.12233738190054e-21
5.1911880148053e-21
1.15780735773572e-22
1.78963078664532e-21
1.03302119752735e-20
2.51964319436532e-22
1.94076747407209e-21
1.34204937834446e-20
4.85519710162438e-21
2.01281571708528e-21
8.07003323842001e-21
9.09446084434986e-21
4.50052917511034e-21
3.64699884303471e-21
6.13085158295561e-21
1.05270711126113e-20
3.99030887534881e-21
4.76473495884807e-21
1.24135357634316e-21
1.20952883943574e-21
2.81420057137956e-21
1.97341357454928e-21
8.24398430057603e-21
2.03759099751173e-21
1.02683170611815e-20
4.25304301973101e-22
6.47690485553331e-21
3.58520279043745e-21
1.71218292997829e-21
1.03850446484184e-20
1.01381739928694e-20
1.95533930693902e-21
9.23356049731886e-21
2.16679352042252e-21
3.91715685660082e-22
2.3672125322851e-22
2.49772857682921e-21
1.33184770909883e-21
1.38011294333782e-20
6.07963220162619e-22
5.10252365024208e-21
1.80795099597445e-21
6.50809697524682e-21
1.8492924971976e-21
9.19934842376476e-21
7.37935430057853e-21
2.88063150995963e-21
1.95908823581456e-21
7.35632376244525e-22
3.85156972467515e-21
1.2382887182081e-20
1.04776095072714e-21
5.6117115063265e-21
3.38500833248299e-21
4.1666673381508e-21
7.56377993105687e-22
7.61141210306635e-21
2.33249453259705e-21
2.05111386969342e-21
9.34505777310275e-21
7.38700371391471e-21
2.51866897259732e-21
2.52824367246612e-21
4.57101597583158e-21
7.2811220787379e-23
4.09517375834413e-21
1.17130362128638e-21
3.55423585482038e-21
4.27604091703259e-21
3.4536720595286e-21
3.6039146787218e-21
1.42377701123965e-20
7.30907371303558e-21
4.72532642567267e-21
1.0073931394246e-21
3.25506997477106e-21
2.3949645477921e-21
1.36246239582655e-20
4.99275396228854e-21
8.31365521693381e-22
1.88254243036439e-21
7.04542033839612e-22
3.75440735368566e-21
6.40634527562247e-21
3.74863508080529e-22
5.98098407158675e-21
7.6952369865999e-22
1.69613888555484e-21
6.13942039289709e-22
1.20012542750077e-20
1.40480021125696e-21
3.08056619953017e-21
7.12275341781813e-21
5.12445544413108e-21
1.48815154618042e-22
1.01325916257525e-20
1.69468967915443e-20
5.38912498768894e-21
2.87857652605439e-21
2.91795065945798e-21
3.02921761305539e-21
4.04543946320048e-22
9.64220595029794e-22
2.67986252001612e-21
2.66982299127131e-21
1.57648025428146e-21
1.32449404238956e-20
1.85621263605286e-22
1.34907202521999e-21
6.57872299910833e-21
3.89177448178434e-21
1.40351507348912e-22
3.01872346297556e-20
3.07005301220939e-21
7.3760365747855e-21
6.45073404590765e-21
2.40879577102357e-21
3.2191890650755e-21
3.4051543003751e-21
4.23696507470912e-21
1.27919546318957e-21
1.77225510594935e-21
3.49960661981548e-21
4.36627117952092e-21
6.88552784011337e-21
3.23178770244329e-21
9.76378023876649e-21
4.26466073917248e-21
1.65106479185255e-20
2.85642382160961e-21
2.5838450041639e-21
3.28271734534142e-21
4.1746992603527e-21
8.79343508711284e-22
3.16017674432763e-21
7.4463572233958e-21
3.62873697313326e-21
3.84627327450009e-22
2.39271594828932e-21
1.77278392927096e-21
3.54156639640438e-22
4.37514955314686e-21
5.95301561727596e-21
6.94559086052806e-21
1.12346656662822e-20
9.28696791042575e-21
1.46647249492104e-21
2.56181765984798e-21
3.31166926609162e-21
7.64745562966429e-21
9.59966810101259e-22
3.74658799827129e-21
9.77442707760194e-21
3.21979884514266e-21
6.59001222753899e-22
2.97442274204119e-21
1.8482243283005e-21
1.80744816841192e-20
2.30446361483925e-21
2.4261611464926e-21
1.67098457440128e-21
1.6865950524992e-20
4.26430139485819e-21
2.85329960115988e-21
6.99676354823499e-21
9.71411316519573e-22
2.04764451327372e-21
1.45984633420514e-21
4.25382118477114e-21
3.40149113713869e-21
2.7667912868147e-21
2.20079132592168e-21
3.89078956476163e-21
5.11351905191166e-21
1.39048918672958e-20
3.46716729157757e-21
8.11224063421053e-21
3.43707812476619e-21
5.56894724747943e-22
2.46365810473285e-21
4.62257002634169e-22
6.61374512873778e-22
1.23052070466622e-21
1.76562748141028e-21
1.19279097479098e-20
5.42525473840404e-21
9.03616764068793e-22
9.01156707787231e-21
2.35227766100618e-21
2.60475890513835e-21
5.90276883590838e-21
6.10171736844797e-21
7.31410598409703e-21
9.39095118278029e-21
1.22773479651275e-21
1.42177292796977e-20
4.38876960554468e-21
1.97839848641267e-21
1.05729609483755e-21
1.83600190772282e-21
4.51327845895676e-21
7.96681883104827e-22
2.15318996180608e-22
2.89559705320232e-21
5.43947432900308e-22
3.63059585936757e-21
3.68360944248181e-21
9.71384131301102e-21
2.28901777709944e-22
3.10781103113035e-21
7.92430766495902e-22
2.02025784645451e-21
2.26157735946298e-21
2.21467307147434e-21
2.66163204884356e-21
1.38844344497689e-21
3.98386420320945e-21
4.82539351020178e-21
3.88446198210364e-21
2.26419584922029e-21
1.15104718274573e-21
3.09918797770232e-21
5.70334831226175e-22
3.35335177099533e-21
6.0560847386376e-21
2.45409424628888e-21
4.5221589719516e-21
7.23803450297105e-21
3.83592075295576e-21
3.16254692434799e-22
4.64823072365745e-21
6.38613901233911e-21
1.9277661731423e-21
3.33120408220105e-22
4.50597597449887e-21
3.05548888119995e-23
3.17130662560839e-21
1.8950184770255e-20
1.34553695004373e-21
7.90290982602502e-21
7.8899373703311e-22
5.9468701800289e-21
2.11013118635759e-21
1.5378319661553e-22
1.51636025572834e-21
9.26260469691517e-21
7.73893635819917e-22
1.70833351968684e-21
2.33082674170519e-21
1.18299826484918e-20
4.93547576017383e-21
9.05851647180684e-21
8.05447885367785e-21
2.4665174747692e-21
2.03928241617761e-21
2.01056340122025e-21
1.58198962058732e-22
5.13559448420088e-22
9.28040321537527e-22
1.35124882430753e-21
1.04327848755969e-20
8.84892387214941e-21
2.78569649540793e-22
2.01735937662639e-21
8.12453492473042e-21
9.70162651652595e-21
2.82739377432715e-21
2.62784296649183e-21
7.32700092823857e-23
3.63835046503651e-21
1.00614541777575e-20
1.75897162191132e-21
1.58169917506841e-22
2.44501329195603e-21
4.51295423808734e-22
2.12829559678008e-20
2.0613057744308e-21
1.85284703885174e-20
6.81881518614179e-21
2.60147083268751e-22
3.88316552974552e-21
9.14481534114789e-21
2.83639049706727e-22
1.18050345748611e-21
1.18159571949246e-20
2.45535153226717e-21
1.6468128861636e-20
2.93726051369779e-21
2.19842071003357e-22
3.74964454104775e-21
5.50186656023484e-23
3.15668934364165e-21
2.24027600272673e-21
)


// ************************************************************************* //
