/*--------------------------------*- C++ -*----------------------------------*\
| =========                 |                                                 |
| \\      /  F ield         | OpenFOAM: The Open Source CFD Toolbox           |
|  \\    /   O peration     | Version:  2406                                  |
|   \\  /    A nd           | Website:  www.openfoam.com                      |
|    \\/     M anipulation  |                                                 |
\*---------------------------------------------------------------------------*/
FoamFile
{
    version     2.0;
    format      ascii;
    arch        "LSB;label=32;scalar=64";
    class       volScalarField;
    location    "0.003";
    object      dsmcRhoN;
}
// * * * * * * * * * * * * * * * * * * * * * * * * * * * * * * * * * * * * * //

dimensions      [0 -3 0 0 0 0 0];

internalField   nonuniform List<scalar> 
654
(
10
6
10
6
16
7
11
11
8
10
10
10
7
12
10
8
8
9
17
9
6
13
9
13
8
11
14
12
5
11
13
10
8
5
9
13
10
12
7
11
5
13
8
13
5
11
9
12
7
8
15
10
2
8
10
9
7
7
8
13
8
4
11
12
9
7
12
7
9
10
7
11
12
9
11
4
5
6
10
17
9
11
8
7
15
14
11
10
11
7
13
16
9
8
12
8
8
14
11
12
8
9
10
9
13
9
7
10
13
7
14
5
13
10
10
7
6
8
5
6
5
8
13
7
9
5
11
5
9
6
13
7
8
9
17
12
18
4
6
10
8
14
9
11
12
15
8
6
9
7
6
6
6
8
16
12
13
7
9
5
6
10
11
10
9
11
13
11
8
11
7
6
6
5
9
11
6
10
10
7
7
7
8
9
10
9
11
11
10
12
13
8
10
13
9
10
11
9
9
7
7
8
17
9
7
4
13
13
7
13
5
9
9
9
8
8
3
14
15
6
11
8
9
7
7
13
10
4
7
10
10
4
6
16
12
10
14
7
7
9
5
15
11
6
7
6
10
4
16
11
11
10
10
12
12
12
7
8
17
12
9
8
7
8
14
8
9
17
11
14
5
9
5
6
11
13
9
11
7
9
7
10
8
9
9
9
11
11
5
11
6
9
12
12
6
11
8
8
15
9
4
15
7
10
9
4
10
8
8
6
8
11
11
8
11
8
14
10
6
9
7
8
6
10
3
10
4
13
10
9
9
9
10
13
8
7
11
9
6
8
10
9
15
14
13
9
12
6
15
12
17
13
19
11
14
8
10
11
12
10
7
11
8
6
5
11
8
5
14
11
11
7
4
10
6
5
9
8
8
7
4
10
12
15
12
11
8
9
9
12
6
7
8
5
11
8
8
5
10
14
8
10
9
5
6
9
11
7
10
20
4
5
9
16
8
6
4
6
10
9
7
11
11
8
14
12
9
8
6
10
4
8
8
10
6
17
10
12
14
9
23
24
35
24
18
41
28
34
31
19
10
17
29
20
19
25
19
27
24
20
12
14
13
12
24
23
23
25
20
41
5
13
15
14
15
19
22
21
19
15
12
11
13
9
17
26
16
25
15
18
11
13
10
11
15
13
17
11
24
19
7
14
9
9
11
17
20
10
8
15
14
15
13
16
10
11
12
15
9
14
10
20
7
12
7
16
18
8
9
16
9
10
18
4
14
11
9
13
13
10
14
4
15
12
8
12
12
10
14
14
7
15
8
9
10
9
5
10
14
13
14
6
11
7
6
8
10
12
5
8
17
9
8
9
13
8
17
7
10
8
16
14
7
10
13
4
9
15
9
11
9
18
11
3
10
11
5
10
19
9
5
11
8
7
11
5
6
9
7
9
9
7
8
2
10
11
7
13
8
7
10
8
14
5
9
5
15
10
6
9
12
7
13
5
10
5
14
11
10
8
7
10
7
9
14
9
13
15
13
7
8
13
11
6
)
;

boundaryField
{
    flow
    {
        type            zeroGradient;
    }
    obstacle
    {
        type            zeroGradient;
    }
    frontAndBack
    {
        type            empty;
    }
    procBoundary0to1
    {
        type            processor;
        value           nonuniform List<scalar> 
21
(
37
23
23
28
14
13
20
22
12
9
17
10
16
13
11
12
12
9
7
12
12
)
;
    }
    procBoundary0to2
    {
        type            processor;
        value           nonuniform List<scalar> 
31
(
8
10
8
9
8
11
11
10
12
8
10
17
11
19
15
11
13
9
8
8
13
13
15
9
7
8
11
7
7
13
6
)
;
    }
}


// ************************************************************************* //
