/*--------------------------------*- C++ -*----------------------------------*\
| =========                 |                                                 |
| \\      /  F ield         | OpenFOAM: The Open Source CFD Toolbox           |
|  \\    /   O peration     | Version:  2406                                  |
|   \\  /    A nd           | Website:  www.openfoam.com                      |
|    \\/     M anipulation  |                                                 |
\*---------------------------------------------------------------------------*/
FoamFile
{
    version     2.0;
    format      ascii;
    arch        "LSB;label=32;scalar=64";
    class       volScalarField;
    location    "0.01";
    object      dsmcRhoN;
}
// * * * * * * * * * * * * * * * * * * * * * * * * * * * * * * * * * * * * * //

dimensions      [0 -3 0 0 0 0 0];

internalField   nonuniform List<scalar> 
654
(
21
15
14
18
21
14
14
16
15
19
18
12
16
15
21
23
19
14
11
13
14
11
21
5
19
21
10
12
18
17
16
20
33
11
9
7
11
11
11
13
13
11
6
12
18
14
14
17
16
13
18
7
18
11
23
9
8
8
9
7
9
7
9
8
9
13
8
12
14
7
10
11
16
8
13
8
14
12
21
24
18
16
21
16
5
4
5
5
5
9
5
7
5
5
8
8
14
9
9
12
6
15
12
13
13
10
5
15
8
15
14
14
16
21
5
7
17
9
8
8
5
13
10
6
8
4
5
12
10
15
10
8
7
9
7
11
9
11
8
13
20
12
14
6
13
8
5
12
7
12
12
16
6
8
8
11
10
11
10
9
11
9
14
12
6
9
13
13
13
16
13
11
16
12
6
4
9
16
6
9
8
10
9
6
8
7
11
7
9
8
10
8
6
9
16
14
12
13
9
13
17
12
11
14
4
11
11
11
11
8
8
8
10
12
5
6
9
6
11
5
9
6
7
8
8
13
8
9
12
8
8
13
14
10
12
11
11
11
6
5
13
9
7
8
10
5
10
6
4
9
5
8
4
7
13
5
12
10
17
10
8
14
17
13
10
9
5
9
16
12
11
10
10
7
3
10
4
4
10
9
8
6
15
10
10
11
10
9
10
8
7
4
9
12
8
9
6
4
4
10
6
6
6
11
7
7
5
7
4
10
9
7
11
7
11
7
8
7
9
11
13
16
11
9
11
8
6
12
11
12
11
8
11
10
12
7
5
10
9
9
7
9
5
4
11
7
11
7
10
7
8
9
8
6
6
7
6
10
8
10
11
15
8
6
9
7
12
10
7
14
10
13
5
8
6
4
5
5
10
8
10
8
7
9
8
9
11
9
12
11
1
13
7
14
7
8
12
10
5
7
11
7
7
12
5
7
8
5
4
13
10
8
8
14
9
8
8
14
6
11
11
18
13
9
6
8
6
8
7
9
5
4
9
9
11
5
9
14
9
7
8
15
9
5
7
14
12
10
9
7
9
9
9
10
8
10
11
10
10
12
7
12
3
9
9
7
10
8
9
6
7
9
11
10
12
8
6
10
9
8
5
11
11
7
14
6
3
7
7
9
10
9
11
8
5
5
4
12
4
9
3
7
10
8
9
6
12
7
11
8
8
12
4
6
9
8
5
8
4
7
8
8
4
9
5
9
9
5
8
5
8
8
9
12
10
6
8
7
8
5
6
11
8
3
5
6
6
12
12
5
6
8
7
7
7
8
10
8
10
6
7
12
4
11
8
4
7
8
8
4
9
9
10
15
6
3
13
6
10
6
11
5
8
9
12
5
4
7
8
9
6
10
6
6
6
11
6
17
8
11
9
12
8
7
6
6
12
7
6
13
9
9
3
7
6
6
5
5
10
4
4
9
6
8
16
6
10
11
12
7
5
8
9
5
8
7
13
10
3
10
7
5
10
7
6
11
4
3
8
8
5
3
10
3
)
;

boundaryField
{
    flow
    {
        type            zeroGradient;
    }
    obstacle
    {
        type            zeroGradient;
    }
    frontAndBack
    {
        type            empty;
    }
    procBoundary3to1
    {
        type            processor;
        value           nonuniform List<scalar> 
36
(
13
15
20
14
19
19
15
20
10
23
17
21
21
13
8
22
9
16
16
12
9
13
14
12
11
11
10
10
9
4
8
7
8
8
19
19
)
;
    }
    procBoundary3to2
    {
        type            processor;
        value           nonuniform List<scalar> 
19
(
11
12
6
10
5
10
12
9
8
3
14
7
8
4
9
8
7
4
7
)
;
    }
}


// ************************************************************************* //
