/*--------------------------------*- C++ -*----------------------------------*\
| =========                 |                                                 |
| \\      /  F ield         | OpenFOAM: The Open Source CFD Toolbox           |
|  \\    /   O peration     | Version:  2406                                  |
|   \\  /    A nd           | Website:  www.openfoam.com                      |
|    \\/     M anipulation  |                                                 |
\*---------------------------------------------------------------------------*/
FoamFile
{
    version     2.0;
    format      ascii;
    arch        "LSB;label=32;scalar=64";
    class       scalarField;
    location    "0.005/lagrangian/dsmc";
    object      Ei;
}
// * * * * * * * * * * * * * * * * * * * * * * * * * * * * * * * * * * * * * //


6206
(
7.444282371e-21
4.722126458e-21
5.671257342e-21
6.921271142e-21
1.855147989e-21
9.432153665e-21
2.459058547e-20
7.98091029e-21
2.089472752e-20
1.066662573e-21
8.18263441e-21
4.341550004e-22
4.719665328e-21
2.864846409e-20
3.523054101e-21
1.952670202e-21
2.755127532e-21
6.63724385e-21
1.005211949e-20
1.08180849e-20
5.287226979e-21
4.638764941e-21
1.165113936e-20
9.980491062e-22
3.32976888e-21
1.492102357e-20
6.762105602e-21
2.411569165e-20
9.008235369e-21
7.935701656e-22
3.08946749e-21
1.016423482e-20
7.13877328e-21
2.096538802e-21
1.408468663e-21
3.656295337e-21
4.906168132e-21
4.375833086e-21
1.944997322e-21
1.947908975e-21
3.621951092e-22
3.946116801e-21
2.2819684e-21
1.661520337e-21
5.096910176e-21
8.143490476e-21
6.013257418e-22
1.676939024e-21
8.913736367e-22
1.272584138e-20
2.301315512e-22
1.533009829e-22
8.283871218e-22
1.983829368e-21
9.318900247e-21
1.315445498e-20
8.241436214e-21
9.675290216e-21
4.192352444e-21
5.466946404e-22
2.938227739e-21
1.177672288e-21
1.316683557e-21
2.566569505e-21
1.486862008e-20
3.706566194e-21
1.130910064e-21
2.706970155e-20
1.562495388e-21
1.193942309e-21
2.476557924e-21
7.065863315e-21
7.052850737e-21
1.150403477e-21
1.221195235e-21
2.026790884e-21
7.90494407e-21
1.519943233e-21
4.064814116e-21
6.462034872e-22
9.260997084e-23
1.025820885e-20
1.93264452e-20
2.51650114e-21
6.29498492e-21
1.763244419e-21
3.060804812e-21
1.477223895e-20
2.188510903e-22
1.174922717e-20
1.133000261e-21
8.918645799e-21
1.081070513e-21
1.187234556e-20
1.373044931e-20
2.375164073e-21
4.189568357e-21
4.163222635e-21
1.358703953e-21
2.834915107e-21
8.18074771e-21
6.480018019e-21
4.769953971e-22
3.966926146e-20
4.333255911e-21
3.872497075e-21
2.673450952e-20
1.846418672e-21
1.348810729e-20
5.60917317e-22
1.817735229e-21
5.975142162e-21
1.131698321e-20
6.063538266e-22
3.273716435e-22
2.757834189e-21
7.586782731e-21
4.523474925e-21
2.555678333e-22
7.309889941e-21
1.426483558e-21
4.081485421e-21
1.488384675e-21
1.204648467e-20
1.940024771e-21
2.552324562e-21
6.12121743e-21
1.877824079e-20
1.843200922e-20
8.02907822e-22
5.389597403e-22
2.919057508e-20
2.265989332e-21
4.171303569e-21
1.050879057e-21
4.480601506e-21
3.976865204e-21
4.798445871e-21
2.315224337e-22
3.900644973e-21
1.180423476e-20
1.723215619e-22
4.890380205e-21
4.299651942e-22
6.112238516e-21
1.781381003e-21
1.300172868e-21
3.558351666e-21
3.967832916e-23
1.629348802e-20
2.726057334e-21
1.90344999e-20
4.628425714e-21
2.431099079e-21
1.123950519e-20
3.003044003e-22
4.112126233e-21
8.695678005e-21
2.063810455e-21
1.887728225e-21
3.983332594e-21
2.528154409e-21
3.698476558e-21
5.730106044e-21
8.359292033e-21
1.095511695e-21
8.892004053e-22
9.749081051e-21
2.837318357e-22
6.322956535e-21
2.584647357e-21
5.326292242e-23
1.468746019e-20
2.162571457e-20
4.683405269e-22
2.171035641e-21
1.802357151e-21
5.884689793e-21
5.8269474e-21
1.092564268e-21
5.996832108e-21
9.536940509e-21
2.237943527e-21
3.557666074e-21
1.722301321e-20
4.396910025e-21
2.502431643e-21
1.405308254e-21
7.585138144e-22
5.135974407e-22
1.131176972e-21
5.003329601e-21
3.555557992e-21
5.974717722e-21
7.958566817e-21
6.569502234e-21
9.86663322e-21
2.041767776e-20
7.411256319e-21
4.243665525e-21
3.297547852e-21
1.073222003e-20
1.857293355e-21
1.700662184e-21
1.008093147e-20
1.034965851e-20
6.879079271e-21
7.46525611e-22
2.935133062e-21
5.752778897e-21
1.86282247e-20
7.857382434e-22
2.456889452e-21
3.120866637e-21
3.154407666e-24
2.891393479e-21
7.402256312e-21
1.539871564e-20
3.784058945e-21
1.905978593e-22
4.833056054e-22
1.321516327e-20
1.797870753e-21
1.174299801e-21
2.701059426e-21
2.481727811e-21
6.299846806e-21
4.816019268e-21
1.456414169e-21
1.977520678e-21
6.727932128e-21
2.814335567e-20
1.301353285e-20
7.8163659e-22
5.724758142e-21
4.081250081e-22
1.75308642e-21
2.738396465e-21
9.019375317e-21
6.402870015e-21
3.019312427e-21
3.173549386e-21
1.342026489e-20
1.205511227e-21
4.120576746e-21
8.143515728e-21
3.165472704e-21
5.472695031e-21
4.306462812e-22
3.159705501e-21
3.694740789e-22
5.560659652e-21
5.938572985e-22
2.115437483e-22
2.340145813e-21
4.00291429e-21
2.876973995e-21
4.271861539e-21
9.393487528e-21
3.040445038e-22
2.625913232e-21
1.102552649e-20
3.305818088e-21
1.514164817e-22
1.688954456e-20
1.333187086e-21
5.582324461e-21
7.300564208e-21
1.671931243e-21
1.571837886e-21
7.318700747e-22
9.412908324e-22
4.071201388e-21
8.075046696e-21
8.419907551e-22
2.54067686e-20
1.161469029e-22
4.770725488e-23
2.511425336e-21
1.325876921e-21
6.094104778e-22
7.029547773e-21
4.217164549e-21
5.839343993e-21
3.983447464e-22
2.751138124e-21
6.851550482e-21
2.970311982e-21
8.240260691e-22
3.099160228e-21
6.781204875e-22
1.287765558e-21
6.098504252e-22
1.876076561e-21
1.652081018e-21
4.13409651e-22
4.422213527e-21
6.244155346e-22
7.619418855e-21
4.440230021e-21
1.316295006e-21
9.398195647e-22
1.28437741e-20
5.493290453e-23
1.0357893e-20
1.027221864e-21
3.585961823e-22
3.094154985e-21
5.734127875e-21
3.301427935e-21
3.839236869e-21
3.308997801e-21
5.219828518e-21
5.701852545e-21
3.770993518e-21
5.794304942e-21
6.447334693e-21
4.982353701e-21
1.395195023e-21
5.833542266e-21
2.525829377e-20
1.563169734e-21
2.610755714e-21
8.723095189e-22
7.427198476e-22
1.065666338e-20
1.130454124e-20
1.172794817e-20
5.920260003e-22
3.942493444e-21
4.767351121e-21
4.703401543e-20
1.332061215e-21
1.284606647e-20
7.937816985e-21
1.747900896e-21
8.808427066e-21
4.84582187e-21
1.105419856e-20
1.721935871e-21
6.2266116e-21
2.130635044e-21
5.731814156e-21
2.7294606e-21
3.052842523e-21
2.745282646e-21
1.959536061e-21
2.713953788e-20
1.181234983e-21
4.527626362e-21
5.726723135e-22
4.401153266e-21
8.580372257e-22
1.986035043e-21
8.064294083e-22
5.852018994e-21
1.97773516e-21
2.381761789e-21
3.124198145e-21
1.330856502e-21
2.136737238e-21
2.627195782e-21
2.176129192e-20
1.351737336e-20
1.539499558e-21
3.464800796e-21
2.399006352e-21
8.494131935e-22
8.69814382e-21
3.653673778e-22
2.053821572e-21
9.324898888e-22
2.431060096e-21
6.465209024e-21
3.486548301e-21
4.405166115e-21
1.456371683e-21
1.556881305e-20
6.100975628e-21
3.921326993e-20
2.300292925e-21
2.760081732e-22
4.738857068e-21
4.107744029e-21
1.641918965e-21
1.408226271e-21
2.817730531e-22
2.318645005e-21
1.186793794e-20
7.047231744e-21
1.19101912e-20
1.26922e-20
3.303750932e-21
7.503326382e-21
5.451204375e-21
2.178465762e-21
2.293114868e-21
2.142352273e-20
2.446239681e-21
5.903179617e-21
2.712596968e-21
5.599749721e-22
2.055012943e-21
1.144374978e-20
3.876005813e-21
1.362672467e-22
4.534635395e-21
1.564445087e-20
3.510094623e-21
9.964771308e-22
9.005890435e-23
9.220685801e-21
8.445277486e-21
7.143709648e-22
3.198908472e-21
4.37302781e-21
1.757497482e-20
5.743882979e-22
4.416298896e-21
1.258653941e-20
3.610135821e-21
1.916334726e-21
1.109798764e-21
8.393913851e-21
3.544387788e-21
4.823969885e-21
3.820368349e-21
5.780078783e-23
8.737034629e-22
1.997260693e-20
3.365712621e-21
7.284400335e-22
5.19058363e-21
2.209233224e-23
1.647158584e-21
3.47937423e-22
1.192272058e-20
1.404289158e-21
1.525584467e-22
8.857305499e-21
1.622620845e-21
5.585291779e-21
5.15735366e-21
3.413478599e-21
5.542062341e-21
1.694940429e-20
1.058217557e-20
3.305549249e-22
6.536161785e-21
1.034808524e-20
1.545750107e-22
9.753035335e-23
1.590802333e-20
5.966463258e-21
2.548558078e-21
1.561485998e-20
6.853433504e-21
1.471905687e-21
5.781403288e-21
9.101827083e-22
1.944436442e-21
1.434707736e-21
4.250743522e-21
1.713396792e-22
2.118719336e-21
2.967028484e-21
4.242577804e-21
1.138195163e-20
4.970907111e-21
8.973738998e-21
3.073935969e-22
3.895744086e-21
2.405126606e-21
1.776336595e-21
6.21791942e-21
9.178468044e-21
4.737108295e-21
3.771512992e-21
1.315789118e-20
1.894306531e-21
9.066023735e-22
4.454070616e-21
5.67539031e-21
1.199411246e-20
6.336770442e-22
3.201328125e-21
6.448340201e-21
3.428377396e-21
1.288707188e-20
3.922315512e-21
3.273541492e-21
6.794487436e-21
1.736713783e-22
4.824109504e-21
3.766568049e-21
6.075311894e-23
2.519091202e-21
3.851351178e-22
8.112297007e-21
1.260122517e-21
3.229397376e-21
6.632608455e-21
3.07860834e-22
1.859957194e-21
1.563641612e-22
3.971270366e-21
2.373346131e-21
2.271843088e-21
1.678679288e-21
7.900970807e-22
1.230235257e-21
4.437563179e-21
4.836592803e-22
4.046988292e-21
8.274823881e-21
9.460557658e-22
7.843838263e-22
4.521578043e-21
2.625514808e-21
2.294360156e-21
3.915243978e-21
4.383695581e-22
1.495230752e-20
1.869673391e-21
1.478941689e-20
1.962431969e-21
4.591390505e-21
9.053068188e-21
5.189079464e-21
3.257676798e-21
3.75570038e-21
1.530969047e-21
9.591585096e-21
3.921248288e-21
6.16432273e-21
2.060221311e-21
3.26418248e-21
3.41433014e-21
3.499855263e-22
3.647906333e-21
5.355609671e-21
1.881216555e-21
4.35550726e-21
2.46193825e-21
5.752401942e-21
7.081703307e-21
9.267553173e-21
3.454048272e-22
5.374158281e-23
1.111372675e-22
6.263473744e-21
2.816321926e-21
1.739334495e-21
3.160628833e-21
1.814159019e-22
1.312484096e-21
3.863337489e-21
1.852931786e-20
5.263039665e-22
7.382866209e-21
6.712665954e-21
5.218337474e-21
1.037764356e-20
3.810457705e-21
1.010922726e-21
2.575501454e-21
9.272350238e-22
7.217849532e-22
4.575090331e-21
5.955289743e-21
4.446805161e-21
1.427535229e-23
6.73623468e-21
6.321657483e-21
1.543757554e-20
1.372611021e-21
8.833528954e-22
4.488100532e-21
5.85343054e-21
2.713538503e-21
3.360633429e-22
1.592820265e-20
1.352689757e-22
7.128884719e-21
8.164220444e-21
1.891467607e-21
3.329847584e-21
2.364309812e-21
3.912605309e-22
8.541244885e-21
2.322479206e-21
4.626213271e-21
8.055803395e-21
1.471362318e-22
2.755673328e-21
2.603099125e-21
8.551376164e-22
9.931456859e-21
3.027281e-21
3.611472712e-23
6.690609362e-21
3.08988053e-21
5.044655282e-21
5.516668816e-21
1.628903223e-20
3.118672722e-21
4.340228885e-21
8.637200455e-22
4.076100587e-21
5.807866433e-21
1.317744945e-21
3.087226626e-21
8.247243776e-21
2.027139527e-23
2.108998048e-21
4.379669806e-21
8.808373697e-22
2.036403998e-21
2.321281197e-22
3.062974388e-21
2.594028471e-21
5.030768164e-21
9.637021164e-22
6.467455356e-23
3.598302786e-21
7.401403359e-22
1.166766603e-21
1.789209698e-21
1.153087994e-21
2.456724917e-21
3.681960194e-22
3.668888596e-22
1.457171858e-21
5.607418725e-22
7.96136662e-21
8.060683809e-22
1.712795645e-22
9.873329734e-21
8.783739249e-21
5.165667793e-21
2.415921077e-20
8.413296894e-23
4.679618647e-21
1.485618722e-20
2.061363591e-21
2.48824046e-21
2.270325329e-22
9.806865462e-22
5.206835874e-21
2.06875634e-21
2.134283759e-20
6.521784126e-21
4.615802671e-21
1.865484272e-22
5.50255634e-22
1.773049999e-21
7.698579804e-21
2.76402848e-21
3.860173166e-21
1.236521574e-21
1.105807619e-21
1.032652107e-20
8.758418371e-22
6.165790795e-22
5.42461175e-21
5.599236052e-21
4.808378799e-21
3.303550073e-21
4.197778489e-23
2.487769744e-21
6.520830336e-21
1.776121465e-21
9.32683306e-23
5.593840463e-22
5.961412901e-22
6.563963247e-22
1.485262826e-21
5.202425656e-22
1.947977218e-21
1.253057652e-21
4.542823734e-22
4.936569197e-22
1.005053636e-21
5.125499694e-22
1.022488491e-20
7.506224381e-21
1.623736202e-22
1.746786428e-21
6.264709903e-21
6.989667528e-21
3.559974554e-22
1.09540374e-20
3.640312791e-21
3.199107619e-21
7.69798812e-21
1.314339526e-21
4.449479186e-23
1.14288718e-20
4.157554559e-22
5.959109264e-21
2.61607487e-21
1.240918926e-20
1.834942546e-21
7.050987346e-21
1.509074541e-21
7.579824915e-22
2.094487467e-21
6.036277907e-23
2.181999691e-21
3.074577405e-21
1.734069581e-21
3.785636097e-21
6.926003816e-21
3.055144371e-22
2.119320727e-22
2.413730801e-22
9.852287598e-23
8.381309977e-21
8.964429098e-21
1.017629331e-20
6.965155526e-21
3.371799684e-21
3.775017656e-22
3.426501368e-21
7.445883162e-22
3.028656406e-21
5.841287185e-21
1.309949464e-21
2.4322488e-21
1.475690527e-20
4.405205931e-21
1.264790554e-20
2.890101092e-21
1.628836364e-21
1.642977521e-21
4.362612365e-21
1.397650921e-20
8.557756491e-21
5.058856854e-23
1.513919187e-20
5.867257686e-22
2.953552389e-21
1.128361327e-20
2.023671901e-22
1.052626061e-20
4.943562049e-20
3.348282595e-21
1.247625881e-20
1.149311384e-22
1.190892927e-20
1.236307959e-20
3.520220005e-21
2.281408876e-21
1.069180921e-20
2.660071295e-20
3.021571106e-21
5.285339161e-22
3.752161713e-21
1.662426719e-21
1.836988741e-22
2.081787767e-21
4.248473709e-21
8.993909101e-21
1.252153517e-20
2.867548494e-22
1.049533782e-20
3.483817867e-21
2.281694697e-20
3.098895682e-21
4.786580554e-23
3.189853988e-21
7.229263076e-21
2.587197326e-21
4.486787826e-21
3.399080982e-21
2.535214469e-21
1.380302177e-21
1.438028826e-20
3.68104637e-21
8.80385366e-21
1.890586969e-21
7.04541263e-22
2.152874933e-21
9.993108549e-23
7.403489049e-21
5.04809754e-22
1.053680883e-20
5.621600763e-21
3.983793661e-21
9.132771016e-22
1.109880625e-20
8.854989925e-21
3.891475701e-21
5.30119464e-21
1.255746386e-20
2.78023784e-21
2.058176507e-20
2.870447327e-21
9.23995409e-21
8.462919223e-22
2.975677404e-21
6.680399746e-22
2.897824394e-21
6.356492738e-22
2.467406434e-21
1.905639892e-20
9.095216577e-22
8.38597259e-21
3.187147489e-21
2.174601586e-21
8.386714021e-22
7.493310616e-21
2.290069396e-21
3.315050755e-21
1.188363029e-21
2.179930925e-20
8.624841107e-21
2.685450161e-21
9.61769797e-21
2.029657707e-20
8.491223472e-21
3.791467587e-21
3.303389175e-22
1.626165463e-20
1.23047566e-20
1.615433514e-21
3.749132395e-21
3.266602848e-21
9.22837552e-21
4.229686758e-22
1.398003949e-21
8.473323804e-22
4.532557024e-21
7.685759093e-22
6.546066015e-22
1.255116044e-21
6.488675168e-21
2.59444625e-21
8.569344588e-21
5.176887332e-21
1.81568121e-21
4.109647853e-21
1.466833759e-21
2.517955416e-21
7.867050938e-21
2.167970313e-20
7.916869239e-22
7.835697712e-21
2.656051167e-21
7.333082828e-21
2.799969187e-21
5.315161553e-21
2.784354125e-21
1.348730828e-21
4.002523793e-20
5.190979318e-21
3.588975106e-21
1.945811297e-21
2.313665927e-22
4.223458218e-21
4.456720979e-21
1.767929158e-21
3.06599266e-21
6.441884087e-22
1.82674207e-21
4.650981975e-22
7.95041417e-23
9.750208466e-21
1.73232551e-21
1.324504965e-20
3.034879801e-21
7.906192588e-21
2.23136445e-21
1.2294236e-21
3.436689465e-21
5.371876455e-21
5.636108426e-21
4.739956548e-21
1.430267341e-20
3.18687657e-21
3.181674185e-21
5.042117801e-21
5.912075841e-21
3.03359507e-21
5.713787887e-21
2.053828655e-21
2.140576699e-22
5.933834401e-21
3.702579751e-22
7.493539513e-21
4.087093904e-21
6.934256859e-21
8.943101324e-21
2.956641189e-21
1.687459017e-21
2.094601205e-21
8.813728869e-21
1.043347526e-21
3.578826837e-21
7.295647823e-21
4.321109092e-21
3.21292675e-21
4.461781814e-22
3.011417053e-22
4.360143362e-21
1.517043065e-20
6.227743757e-21
3.398055921e-21
1.684471287e-22
2.073350933e-22
1.435840823e-20
3.024746747e-22
9.318677787e-22
3.572496902e-21
5.074401127e-21
9.795156442e-22
1.455318491e-21
9.86974068e-22
2.02835838e-20
3.44981778e-21
7.722035316e-21
4.052165908e-21
1.59746479e-22
9.746683855e-22
1.592576312e-21
5.541463361e-21
8.322638583e-21
1.289129821e-21
3.048186391e-21
1.789385391e-21
1.026846882e-21
8.040979814e-21
8.746760991e-21
4.39400686e-21
2.494180171e-21
3.446954066e-21
8.057031836e-21
3.373616521e-21
6.665705807e-21
3.937652179e-22
5.790931772e-21
1.267114235e-20
8.131468901e-21
5.501632407e-21
1.525663879e-21
1.694993846e-21
2.260878251e-21
6.996083307e-21
6.575847151e-21
5.271473178e-21
6.237815695e-21
5.617056033e-21
1.089643149e-20
1.460489282e-20
1.158120072e-21
3.421601787e-20
3.883247194e-22
1.361176369e-21
3.351718554e-21
9.06485137e-22
1.398870587e-21
4.49659393e-21
1.11956965e-20
9.128240603e-22
5.697927574e-21
1.925595828e-21
1.056579481e-21
4.476598347e-21
1.09205151e-20
2.954961908e-21
4.980487827e-21
1.115628911e-20
1.269665314e-21
8.910875569e-21
9.743778839e-21
4.187433357e-21
1.762144344e-21
3.902179079e-22
2.510381768e-21
1.113863798e-21
1.296054534e-21
4.122731951e-21
5.44256045e-21
3.005078485e-22
2.063650599e-21
2.86084949e-21
1.201809817e-21
4.236108955e-21
6.734973679e-22
3.308072921e-22
7.822980956e-22
6.62358586e-21
6.842641751e-21
7.508245157e-21
2.6389139e-21
2.983499698e-21
2.149703976e-21
2.720171938e-21
1.196720063e-20
8.94655101e-21
5.364882719e-21
3.615369367e-21
2.557841685e-21
3.345737683e-21
1.33280553e-21
2.517049772e-20
3.705547855e-21
8.046687604e-21
1.477200773e-20
5.958355493e-21
1.552655684e-21
8.25507393e-21
2.53413428e-21
9.992558051e-21
1.475665937e-21
1.967669049e-21
3.028081191e-21
1.804835545e-20
3.85711869e-21
3.308974986e-22
2.327804522e-21
1.106825501e-21
3.159633775e-21
1.152713123e-20
7.676217196e-21
2.178637685e-21
2.025804402e-21
2.0282443e-21
6.907036108e-21
7.822940096e-22
4.368619315e-23
2.434030363e-21
7.827099595e-22
8.410168432e-21
2.940084195e-21
4.849765752e-22
1.142094326e-20
6.589865585e-21
2.086480153e-20
1.434525305e-21
1.423623852e-21
1.096148989e-20
1.770817368e-20
5.887039148e-21
1.009481013e-20
3.750283429e-22
1.417325804e-21
9.246954227e-22
7.12150672e-21
3.31357684e-21
2.757036575e-21
6.397155014e-21
6.557939389e-23
2.449550147e-21
1.037208111e-21
5.589196793e-21
6.936339325e-21
3.175639592e-21
2.960226351e-20
4.239941553e-22
3.601563719e-21
3.805218849e-22
9.584403921e-21
9.753094022e-21
1.309341014e-20
4.802291878e-21
4.957177706e-21
5.908366963e-21
1.231285893e-21
2.057964502e-21
1.394280974e-20
3.637149805e-21
1.108986329e-20
1.078641252e-21
4.634385473e-21
1.479639563e-21
1.037197295e-20
4.105998802e-21
6.291533195e-21
1.494664287e-20
9.256038013e-23
5.847825167e-21
5.928812827e-21
5.389108192e-23
1.38030657e-21
1.25358844e-21
4.801504931e-21
1.284661361e-22
7.409372298e-22
3.72134883e-21
1.134309841e-21
6.713921178e-21
1.335844331e-21
2.854943705e-21
5.233663461e-21
1.185899646e-20
2.468276296e-22
1.165675135e-21
2.230867093e-21
4.665079772e-21
7.40155782e-22
2.389535077e-22
4.245620612e-22
1.08989312e-21
7.321732678e-21
1.432385516e-21
9.057626606e-21
1.833480003e-21
1.105702479e-20
5.721997654e-22
2.080672104e-21
2.171935264e-21
8.338724269e-22
4.890296113e-21
1.453782703e-21
6.232653686e-22
3.429126593e-21
8.027216232e-21
1.809935211e-21
6.990433254e-21
5.220388703e-21
5.306255746e-21
2.812835113e-21
9.549599558e-22
3.82251592e-21
1.149827817e-21
2.931355887e-21
2.295027252e-21
3.512916642e-21
1.360768887e-21
1.105330952e-20
1.422639611e-20
2.166411094e-21
5.228604157e-21
3.018416752e-21
6.137415813e-21
1.39125304e-21
2.038474841e-21
8.923916213e-21
1.889348962e-21
1.402550698e-21
2.35490288e-21
9.846028024e-21
2.338331717e-22
4.032596815e-21
1.920604079e-21
9.739609259e-21
2.440450057e-21
8.277726355e-21
1.174788166e-21
2.515393631e-20
3.356118223e-21
2.803267328e-22
1.949919941e-21
4.323252554e-21
4.203950793e-22
2.201608037e-21
3.716974522e-21
1.401340575e-20
7.022450377e-21
6.469969385e-21
3.519125523e-21
3.596818475e-21
5.799222909e-21
4.193127063e-21
4.019974164e-22
9.440545178e-22
3.731586172e-21
1.71320449e-20
1.401685301e-21
1.597903749e-21
8.205476812e-21
2.08622975e-21
1.865822143e-21
6.223184209e-21
6.240803359e-21
1.901052404e-22
4.127634673e-21
2.860353853e-21
3.146089463e-21
1.98009264e-21
2.282632226e-21
1.00628203e-21
8.900575086e-21
1.93868861e-21
2.012629942e-21
1.391707956e-21
1.975836795e-21
1.386113828e-21
4.221821548e-21
4.689064347e-21
1.663031021e-21
1.045178902e-21
4.564997699e-21
1.232367064e-20
2.33200468e-21
1.995074621e-21
1.184954593e-21
4.97815338e-21
4.68043522e-21
3.057628559e-21
7.555411697e-22
1.228114689e-20
3.660813285e-21
3.22842939e-22
3.40477372e-21
8.718064643e-21
6.260563577e-22
1.192492105e-21
9.442435833e-21
5.238909941e-21
3.224298629e-21
3.988118553e-22
1.219897217e-20
7.012593788e-21
4.145223685e-22
6.764081226e-21
3.146370867e-21
6.948332255e-22
2.597608639e-21
6.253504463e-21
1.607646103e-20
1.501137665e-22
5.48103841e-22
1.975168107e-21
4.235012281e-21
2.395601333e-22
6.66132616e-21
1.6605368e-21
7.76868378e-21
1.620377564e-20
1.986593141e-22
3.061221585e-23
4.21947567e-22
2.56096716e-21
1.886043404e-21
2.071159842e-22
1.787865932e-20
2.807402406e-21
3.002194136e-21
5.726411606e-22
5.9945963e-21
1.985213879e-20
7.979677741e-21
4.512147224e-21
2.069297097e-21
1.154382036e-21
1.016216632e-21
2.036398788e-21
1.451085965e-20
1.971274146e-21
3.087272357e-20
1.84314132e-20
1.490012146e-20
8.604246898e-21
5.776139478e-21
1.676159051e-21
3.806008022e-22
2.217923501e-21
5.846247434e-21
9.153555355e-21
1.644049641e-21
7.641977409e-22
2.974487062e-21
7.581395354e-21
2.134162527e-21
1.142717613e-20
2.633974352e-22
8.428298908e-22
8.285481168e-22
5.482659293e-21
3.060914118e-21
2.317206054e-21
1.517078461e-20
3.755040339e-21
1.835013297e-21
8.331115203e-22
4.720357863e-21
2.017707535e-22
1.756505208e-22
9.780052965e-22
3.069008638e-22
7.012352821e-21
3.825282876e-21
3.53993342e-21
4.056777423e-22
4.874025293e-21
1.347294536e-20
1.582175652e-20
1.610678665e-21
1.339203758e-21
1.982627425e-22
9.992768898e-22
1.410634798e-21
4.202193473e-21
9.108772278e-22
2.814282951e-21
1.722626143e-21
7.191787609e-21
3.271184514e-21
8.284565937e-22
4.089500718e-21
2.535514396e-20
2.426876315e-21
3.382024409e-21
3.192878178e-22
9.271281003e-22
4.49063083e-21
3.583944064e-21
2.029374415e-20
1.777222566e-21
8.314372506e-22
7.984560827e-22
3.929298757e-21
1.073987625e-20
1.520693044e-21
3.416043616e-21
3.063660842e-21
2.160722693e-21
1.122667925e-20
1.010780941e-20
1.078106089e-21
4.827096878e-21
4.565652803e-21
1.18413249e-21
2.100965963e-21
1.940341853e-21
3.656736559e-21
4.525076197e-21
6.028210266e-22
1.321748984e-20
3.391090819e-21
2.622378986e-21
1.285254042e-21
8.177707445e-21
2.228240384e-21
4.43158288e-21
1.013414921e-20
7.897013562e-21
6.821942329e-22
1.290105286e-22
9.77890671e-21
1.322271256e-20
4.103799517e-21
1.984012605e-21
4.706708627e-21
5.647035094e-21
1.917599075e-21
1.062187597e-20
9.003536632e-21
1.262557219e-20
1.798310066e-21
2.267347974e-21
8.557979906e-22
6.478238884e-21
2.211162593e-20
1.736545241e-20
7.476532288e-22
2.659936908e-21
6.652761621e-21
9.020535969e-21
3.719014758e-21
2.977507353e-21
5.443483234e-21
3.685669067e-21
1.1034363e-20
5.596919375e-21
1.195666655e-20
8.425965e-21
1.455549821e-21
3.740276242e-23
1.273718001e-20
1.194666394e-21
2.70542476e-21
2.366761668e-21
6.510067385e-21
1.46126936e-21
6.079547298e-23
5.16644477e-21
3.038860196e-21
3.088443913e-22
2.895615826e-22
1.739503962e-20
1.060773952e-20
3.431379201e-21
2.528445172e-21
7.090366577e-22
2.284911378e-20
1.278346244e-20
2.901884453e-21
6.030492449e-22
1.932618475e-22
9.908489345e-22
2.755240959e-21
7.155362482e-22
2.56990955e-21
2.397293567e-21
2.13431458e-21
6.419334601e-22
4.66586601e-21
4.480556962e-21
2.850032213e-21
6.081814179e-22
3.083013667e-21
1.05283537e-20
1.115219357e-20
6.358285819e-21
6.953741565e-21
3.020037097e-20
1.300766258e-21
1.828057036e-21
3.454334946e-21
2.796670691e-21
8.564514885e-21
7.652572944e-21
4.819194482e-21
2.249090793e-20
9.20416402e-21
9.042134636e-22
8.783563489e-22
8.563104426e-22
4.910835653e-21
5.406928978e-21
3.537225819e-21
8.331621787e-21
1.078262551e-20
2.516607863e-21
6.423865797e-21
8.100619166e-22
3.472616667e-21
2.356734157e-21
1.963541085e-21
2.64907138e-21
2.489914345e-21
3.053796991e-21
2.020815414e-21
4.917003132e-22
2.484586791e-21
1.229924452e-20
9.733054311e-21
1.299075864e-21
1.426808222e-20
2.722214329e-21
1.231356078e-20
5.795687546e-21
4.434431289e-21
4.765520048e-22
8.699679639e-21
1.067717265e-20
4.228929864e-22
6.172226972e-22
2.576502233e-21
3.50937013e-21
1.222119767e-22
3.988064743e-21
6.893080202e-21
1.255634262e-20
3.759416054e-21
1.969982582e-20
7.729671592e-22
2.812048623e-21
2.993383977e-21
2.655573614e-23
8.335474645e-21
2.626904423e-21
4.59025963e-22
1.366485749e-21
1.393602707e-21
6.683603177e-22
5.379933579e-21
1.485188912e-20
2.738082569e-21
1.247599559e-20
6.962443216e-22
1.15013932e-20
1.982569491e-21
1.411256726e-21
6.157763125e-21
8.409128988e-22
9.652041672e-22
1.411619974e-21
1.346958627e-20
7.191562418e-21
3.640058543e-22
7.023013139e-21
1.637202339e-21
9.079389201e-21
4.706025162e-21
2.511281865e-22
1.192034705e-21
1.068442815e-21
2.41198528e-21
5.438880424e-21
1.198733422e-20
2.232203624e-21
9.447871814e-22
1.125808786e-21
1.231979384e-21
7.327198536e-21
3.926432694e-21
2.985667846e-21
4.857971806e-21
6.15425071e-22
9.999609957e-22
6.052131051e-21
5.162328159e-21
2.332448077e-21
6.19402463e-22
7.103902663e-22
4.152337784e-21
6.77710412e-21
1.087659615e-20
3.475850823e-21
7.041507855e-21
6.348906664e-22
3.819330013e-21
2.597912792e-21
2.588603605e-21
6.001323619e-21
6.000912808e-21
4.434389543e-21
5.060880381e-22
9.938468965e-21
4.512848571e-21
4.51168325e-22
1.660665231e-21
2.30507846e-22
1.907627857e-21
4.82921554e-22
6.782143647e-21
1.31911867e-20
8.166136171e-21
1.28393336e-21
5.280618492e-21
5.614765657e-21
1.88917133e-21
3.030799068e-21
4.417496216e-21
9.052104009e-21
4.243638173e-23
1.540340377e-20
1.689976772e-20
2.42075747e-20
2.340754852e-21
1.150110112e-21
6.663167806e-21
6.458289686e-21
1.367601107e-22
2.301626686e-21
6.936973073e-21
4.980214529e-21
2.77234679e-21
5.847338613e-22
2.479527721e-22
1.359200296e-20
4.775657661e-21
5.817365245e-21
2.312217451e-21
1.364308106e-20
5.797155708e-21
1.110850249e-21
8.333500021e-21
2.322363641e-21
8.17102088e-22
1.418796693e-20
1.37944937e-22
6.838040725e-22
1.059390183e-21
1.425808746e-21
6.436581039e-22
3.556564713e-21
6.265942322e-22
5.133330109e-21
8.107836633e-23
8.839288417e-22
4.978070692e-21
1.234543293e-22
3.617386094e-21
2.349832338e-21
3.927202663e-21
1.845541554e-21
1.813456488e-20
3.820475831e-21
2.087641672e-21
7.548526019e-22
1.529223693e-21
4.845056585e-21
4.318523984e-21
4.57746868e-21
1.350132789e-20
5.352679405e-21
1.042810195e-20
2.050504839e-20
2.579506996e-21
4.648968311e-22
1.862938697e-20
3.196930718e-21
3.692049848e-21
3.497137164e-21
2.632782513e-20
2.395549952e-20
3.455255791e-21
2.321571564e-21
7.699127318e-21
5.708283766e-22
8.982787285e-21
5.453140626e-21
1.811727474e-20
3.593867873e-21
4.49548417e-21
2.080898137e-21
3.748331674e-21
2.204096288e-20
2.802840074e-21
2.790648261e-21
1.762164502e-20
2.263947731e-21
4.931261253e-22
4.967800834e-21
1.5786335e-21
3.552746421e-22
2.226749506e-21
2.572087524e-21
6.529779429e-21
6.024454793e-21
4.873953709e-21
2.722246225e-21
3.320786638e-21
2.073822515e-21
2.18016056e-21
6.784332216e-22
2.943297233e-21
9.115776043e-21
1.047583723e-21
2.081204556e-21
2.40540916e-21
4.655194075e-21
4.181601143e-23
3.728652563e-22
7.187096282e-22
1.982877004e-21
4.616349088e-21
7.77746466e-23
2.067896608e-21
2.527355156e-21
9.31511868e-21
1.700781561e-21
1.451027518e-21
6.985315442e-22
6.171173212e-21
3.777835745e-21
2.578765689e-21
4.055172896e-21
5.867754501e-21
2.736082507e-21
6.461692068e-21
7.462068763e-22
8.766886177e-22
4.138253354e-21
3.72310082e-21
1.697819745e-21
2.005864928e-22
2.610756065e-22
6.01895698e-21
5.68742206e-21
6.750114062e-21
4.24335367e-21
1.802168116e-20
1.22779131e-20
3.799026183e-21
1.159905032e-21
2.985279142e-22
4.434179518e-21
5.900929667e-22
3.072968883e-20
5.722408411e-22
6.958068332e-22
5.809225687e-21
1.335425765e-21
1.262806474e-21
1.190966828e-20
4.003571331e-21
1.940232327e-21
4.888337287e-21
1.279584753e-21
1.05189774e-20
2.437079118e-21
6.963820628e-21
2.293089646e-21
1.75890635e-21
7.113584648e-21
1.551805775e-21
1.164347488e-21
4.62202387e-21
7.911912329e-22
1.232263084e-21
7.509992448e-21
2.007742641e-21
3.902337118e-22
1.083782625e-21
1.118679339e-21
3.164082809e-21
2.807462328e-21
7.658119673e-21
5.323734982e-21
6.295510535e-21
5.786071343e-21
7.881302488e-22
4.11759009e-21
3.820193949e-22
1.16036374e-21
1.63425789e-21
2.557959933e-21
8.764509472e-21
4.280006457e-22
7.049040416e-21
1.477194433e-21
8.606714945e-21
9.566802185e-21
2.989435314e-21
1.228533372e-21
6.25997066e-21
3.118430291e-22
1.862107774e-20
4.51065227e-22
1.827276801e-21
5.196503954e-21
5.094630393e-22
1.203595803e-21
9.363020903e-21
1.093057213e-20
3.534107903e-21
1.287678429e-21
4.018223139e-21
8.267421196e-21
1.429219512e-20
4.440334642e-21
1.297181092e-21
6.119961022e-21
2.244561785e-22
9.402949817e-21
2.503725127e-21
1.671865883e-21
1.842488802e-21
1.290851357e-21
4.592312704e-21
1.411476374e-21
3.148762417e-21
5.66756343e-21
2.040871021e-21
6.017645819e-21
9.99515935e-21
1.099425157e-20
1.454418781e-20
4.197679846e-21
5.714662095e-21
1.236348601e-20
4.270206964e-21
4.370539628e-22
4.507947e-21
3.024276695e-21
1.462128776e-20
2.394563137e-21
3.146336144e-20
3.166732864e-21
3.055711405e-21
4.422761194e-21
8.291678456e-21
1.376200616e-21
7.04489946e-21
1.240609983e-21
2.761023354e-21
4.733357892e-21
1.29189416e-21
3.296265942e-21
1.963371213e-21
3.344123029e-22
5.935835865e-21
2.467597318e-21
1.176394582e-20
6.835457708e-22
8.112719871e-21
6.05464659e-21
3.296456323e-21
5.031011078e-21
2.854469773e-20
2.894116677e-22
2.135711709e-21
6.153535621e-21
4.158335842e-21
9.053119565e-23
3.029990827e-21
4.069944834e-21
3.064503453e-21
4.587475981e-21
3.110825321e-21
7.673169507e-21
2.356067577e-22
4.609532713e-21
9.083039983e-21
1.739176969e-20
1.471081018e-21
9.738654708e-22
6.726950572e-21
1.14899725e-20
3.242840204e-21
4.885697069e-21
3.325648498e-21
7.689029801e-21
5.608754153e-21
2.681035972e-22
3.296535138e-21
9.88015665e-22
1.421929456e-21
1.17164749e-20
2.872144024e-21
3.062575103e-21
5.553216292e-21
3.191721029e-21
1.734000421e-20
4.607782108e-21
5.024471374e-21
5.809146506e-21
1.6361367e-21
2.310158012e-21
3.818556606e-21
5.28571972e-21
4.129771527e-22
7.514034732e-21
1.024741643e-21
7.770740187e-21
2.883511044e-22
9.989173447e-21
2.454812581e-21
4.8053358e-21
6.877691218e-21
3.520377174e-22
2.434559126e-21
1.430510436e-21
2.129281647e-21
1.601639377e-21
2.729469717e-21
1.672435049e-21
1.26437495e-20
6.352603311e-21
1.221580941e-21
5.288506006e-21
1.646336412e-21
2.878562353e-21
3.958751592e-21
1.006072802e-20
8.765196725e-22
1.45822925e-20
2.648328307e-20
4.630504345e-21
1.860204197e-20
2.678460277e-21
4.597783889e-21
1.622631957e-20
1.052410888e-21
2.243563929e-21
2.298312735e-21
3.174604372e-21
8.357507582e-22
5.884406395e-21
2.786401449e-21
1.684460645e-21
1.456719403e-21
1.468094857e-21
4.966860718e-22
1.865160554e-20
1.853409259e-21
1.276769261e-21
5.588012425e-21
3.108556653e-21
5.730971117e-21
1.846575859e-21
3.83994077e-21
3.630981135e-21
3.098678611e-21
6.819727969e-21
4.555382992e-21
1.99026996e-21
3.327571004e-21
1.614128322e-21
2.634530691e-20
3.983131705e-21
1.539884511e-21
2.500070042e-21
2.029538464e-21
1.95835106e-22
5.080062393e-22
3.045038029e-21
8.284910889e-21
5.170350257e-21
5.897843325e-21
1.008390396e-21
1.16157413e-21
2.577299701e-21
1.725081355e-20
9.275553788e-23
1.720674817e-21
3.060920396e-21
5.394337242e-21
2.524278701e-21
5.178558441e-22
2.035344578e-21
7.659417328e-21
4.778051087e-22
9.960762889e-21
6.186679948e-22
4.563662219e-21
8.647671794e-22
2.176773037e-21
4.690322307e-21
4.564253069e-23
1.415732907e-21
7.505205934e-22
6.710130717e-23
2.532728455e-21
6.561367443e-21
4.236457258e-21
7.861196386e-21
8.713451643e-22
6.232412637e-21
2.40188661e-21
3.604346166e-22
3.139413876e-21
5.398554586e-21
3.80734832e-21
6.254260963e-22
1.172203044e-21
2.780837867e-21
1.854461711e-22
1.670377002e-21
8.114189539e-21
4.392720717e-20
9.963048321e-21
4.82820777e-21
6.430163114e-21
4.341592802e-21
2.86946291e-21
9.263356908e-21
7.926003364e-21
1.153987526e-20
5.370688941e-21
2.236078397e-22
1.784788485e-21
1.109413664e-20
6.172607558e-21
9.636705099e-21
1.011811197e-20
6.916603987e-21
9.92861685e-22
1.849564169e-21
9.288064955e-22
4.044759765e-21
7.045348883e-21
6.7048881e-23
1.466823499e-21
2.612594818e-21
9.479990982e-21
1.041367353e-20
1.806143661e-21
3.345407326e-21
3.202809252e-21
1.976777157e-21
2.578751069e-21
6.180248646e-21
6.380377325e-21
1.141361963e-21
7.466834875e-22
1.080594358e-21
1.094444325e-20
1.432348158e-21
7.464002822e-22
2.36646839e-21
2.649018874e-21
1.593557544e-20
6.658548109e-21
3.077391635e-21
6.269402666e-21
1.471885119e-21
2.617291741e-21
3.726249323e-21
7.610118374e-22
8.554095912e-22
5.115446312e-22
1.13938651e-21
7.270236079e-23
3.577743722e-21
4.863363888e-21
2.963933489e-21
3.03971431e-21
3.458003054e-21
1.091167907e-21
6.198406511e-23
9.759821963e-21
2.56576211e-21
8.508545068e-21
1.02142764e-21
1.956081097e-21
1.943749395e-20
3.578761906e-22
5.135786644e-21
4.510283968e-21
3.689624934e-21
3.996790518e-21
1.796815037e-20
6.224605282e-22
6.324297728e-21
7.423932511e-22
6.217366901e-21
3.195841962e-21
6.60522614e-21
5.88558655e-21
2.027708832e-21
1.152810363e-20
4.136453469e-22
3.153783823e-21
3.040489253e-21
8.881638239e-21
9.960333423e-21
1.94592858e-22
6.323371496e-21
1.825715303e-21
3.82994426e-21
1.774363964e-21
1.105641198e-20
4.639604803e-21
5.758036853e-21
2.859760556e-21
5.400409506e-22
6.833462467e-21
3.462757598e-21
1.205598732e-20
4.596869914e-22
1.124564954e-21
3.610000519e-23
1.66251026e-21
9.792931488e-21
1.080289569e-21
2.780612301e-21
5.937313965e-21
4.368948364e-21
1.016526895e-20
6.71034866e-22
7.199509526e-22
2.638969331e-21
1.151000525e-20
4.840542592e-21
4.168604893e-22
6.593997101e-21
1.590736755e-21
1.325437062e-20
4.650629657e-21
1.881170199e-20
8.177331309e-21
6.493835206e-22
3.391593614e-21
1.06556852e-21
2.661660436e-21
5.493209203e-21
2.79417431e-21
1.26981094e-21
1.834819106e-21
9.23245009e-21
2.373267302e-21
4.288798362e-21
2.005708684e-21
6.345797609e-21
1.688942186e-21
1.915623747e-22
8.323912386e-22
7.174790374e-21
1.311313607e-20
3.730581397e-21
4.191440978e-21
2.119601384e-21
1.467158322e-20
4.3527085e-21
3.926395488e-21
5.05237933e-22
5.707319456e-21
4.827425695e-22
5.734569702e-21
9.704471544e-21
1.681080639e-21
4.377720791e-22
2.118776893e-20
7.959744456e-22
2.100602437e-20
2.653135758e-20
1.201110309e-21
1.670478322e-20
9.291576098e-21
4.387590417e-22
3.707008271e-21
2.539313284e-21
5.194394871e-21
4.522743888e-21
1.017716514e-20
4.634575804e-21
5.97650672e-21
5.794797819e-21
3.568073398e-21
3.644785575e-21
8.324740574e-21
4.134556057e-22
4.675662264e-22
6.613663469e-21
8.278712145e-21
1.120210359e-20
1.297552468e-21
1.265009564e-21
3.883126007e-21
7.176845491e-22
9.665385867e-21
7.334192588e-21
1.103389334e-21
3.891940808e-22
6.118565481e-21
1.642893584e-21
3.383460501e-22
7.327507579e-21
5.934227781e-22
4.010987858e-21
8.520405534e-22
2.088818904e-21
1.623795804e-21
6.495677699e-22
2.454279041e-21
4.442774663e-23
4.491378037e-21
2.03228496e-20
1.51929585e-21
1.719907604e-21
2.080057808e-21
1.277891764e-21
5.502440305e-22
1.241612625e-21
3.332557348e-21
9.908284439e-22
7.274029905e-21
5.875645548e-21
6.898503495e-21
2.940174842e-21
2.757416305e-21
1.749885702e-21
5.843733281e-21
6.111489368e-21
1.05099674e-21
9.998545249e-21
4.094666352e-21
4.720649245e-21
1.764273283e-20
7.02613121e-21
9.391080671e-22
4.04493306e-21
1.358633257e-20
9.787837175e-21
1.981190175e-20
3.03907692e-22
2.284344607e-21
6.69165448e-21
1.507399333e-21
6.843011773e-21
7.070563289e-22
5.443538231e-21
7.342809176e-21
5.640347597e-21
1.843568414e-20
7.446987368e-21
1.627443904e-21
5.945083864e-22
8.240220662e-21
2.216290576e-21
8.012110256e-21
3.082274883e-21
1.960056163e-20
8.64425324e-21
4.232671132e-22
8.806000257e-22
2.226570668e-21
8.485608268e-21
2.981385151e-21
3.799362722e-21
4.999583575e-22
3.399702159e-21
1.50495333e-21
2.816499265e-22
8.360882705e-22
2.631503071e-21
1.587102376e-21
3.377093005e-21
1.616229306e-20
2.289553135e-21
7.383255367e-22
1.848659227e-21
5.64474633e-22
1.018864656e-21
3.909382966e-21
3.004263874e-21
1.985429523e-21
4.459185049e-21
4.201521624e-21
6.691706172e-21
2.654370689e-21
1.814052333e-20
9.19772804e-21
1.862877015e-21
3.589762067e-21
1.115521174e-20
9.090507591e-21
2.543555713e-21
1.190457192e-20
4.54573943e-21
3.951948301e-21
1.386623641e-20
2.778617883e-21
9.164215433e-21
7.052209921e-21
9.045699882e-22
4.314495042e-22
6.988190593e-21
1.206145771e-20
6.355137753e-22
9.791871965e-22
3.262218781e-22
1.895545678e-21
1.244918267e-20
7.226445748e-21
7.463579159e-21
6.03358847e-21
7.086318035e-21
1.793048669e-21
5.765640004e-21
9.242013561e-23
1.601714194e-21
3.533542045e-21
1.172320876e-21
8.708516695e-22
1.43712487e-21
2.74943578e-21
1.927463734e-21
4.603393504e-21
4.388858661e-22
6.865979317e-22
1.681342607e-20
9.726297192e-21
8.838571277e-21
2.90451195e-22
5.965631793e-21
3.50037183e-21
7.045798084e-22
1.974137111e-21
1.536213818e-20
2.366720765e-22
4.176505005e-22
7.173644e-21
4.179886767e-22
3.102047743e-21
1.516547514e-20
6.242220457e-20
3.860563456e-21
8.441995716e-21
3.306574983e-21
7.927293223e-21
9.791067591e-21
1.07782642e-21
4.758904447e-21
8.653862041e-21
2.203096073e-21
3.212441284e-21
7.972494982e-22
1.116856138e-20
2.537883013e-22
3.605632963e-22
7.121842766e-22
4.687717729e-21
1.066256907e-20
1.245631591e-20
6.800598057e-21
7.505921722e-21
1.018163465e-20
2.549891946e-21
4.649833678e-21
1.978591573e-21
1.92892678e-21
8.928111483e-22
8.258888651e-22
2.577201116e-21
1.58196937e-21
5.259622225e-21
4.249260703e-22
1.805201057e-22
1.360677427e-21
2.393789678e-21
3.947239349e-21
3.869019075e-21
3.164017017e-21
1.111506478e-20
4.647468376e-21
1.64534025e-21
1.034509793e-20
1.932163373e-21
5.450559034e-21
1.533277027e-21
4.87178338e-21
1.679551249e-20
6.073145911e-22
1.991700971e-21
7.381261066e-21
2.09784639e-21
3.425502485e-22
4.983093892e-22
2.626867747e-22
6.345741577e-21
1.214376914e-21
2.206061699e-21
1.541626275e-22
1.453245974e-21
6.120988739e-21
2.491349039e-21
4.389852918e-21
2.861959466e-21
1.14009854e-20
3.692185955e-21
6.373869854e-21
3.673922015e-21
8.222991064e-21
7.238111217e-21
9.895485199e-22
5.45630177e-22
1.654009706e-20
2.834611424e-21
1.507494851e-21
5.133272179e-21
7.544092123e-21
5.859539891e-21
1.290118741e-20
3.64559923e-22
1.235577673e-20
1.755279976e-22
9.273131727e-22
3.125903352e-21
3.43176109e-22
3.997603671e-21
1.530260097e-21
1.714667626e-21
3.38133398e-20
7.774935236e-21
7.001961445e-22
3.330832108e-21
5.175745135e-21
3.516791156e-21
8.249550786e-21
4.168669393e-22
7.524264694e-22
2.976527223e-22
1.463387579e-20
8.164674119e-21
2.154989484e-21
5.86505357e-21
2.203140179e-21
1.553781451e-21
6.746860075e-21
1.453171734e-20
2.661303124e-21
5.040135511e-21
7.464847733e-21
6.149722584e-21
5.652008582e-22
4.300182078e-21
3.419703624e-21
1.093090073e-21
1.946715873e-21
1.306902682e-20
6.119495337e-21
2.326922812e-21
4.918469394e-21
9.449597867e-21
1.469273056e-21
9.22165194e-22
2.214046922e-21
1.81484402e-21
3.194522338e-21
1.769544708e-21
4.554250753e-21
5.245300827e-21
1.543001222e-21
2.879940858e-21
3.006921679e-21
1.436289791e-21
4.179156243e-22
1.787458936e-21
6.61798166e-21
5.360656346e-21
9.523034771e-22
1.016872456e-21
1.683411586e-20
4.875087173e-21
6.401810348e-21
2.171330938e-22
6.617713021e-21
1.024418894e-20
4.758479797e-21
4.506819365e-22
1.862004078e-21
3.263662736e-21
1.369362804e-21
5.391733952e-22
5.856146833e-21
1.959483365e-21
4.684022346e-21
1.917350291e-21
1.539948399e-21
1.999447769e-22
4.499966457e-21
1.641938029e-22
5.791257573e-21
8.029413991e-22
3.067061167e-21
1.170371835e-20
1.837718974e-21
1.393447465e-21
1.119390624e-20
1.011424866e-20
3.79526927e-21
2.33589957e-21
3.142651771e-21
5.225390867e-21
2.378413574e-20
6.042456254e-22
1.677253933e-21
3.317664259e-21
7.465285198e-21
2.387622333e-22
1.051803516e-21
2.371100978e-21
2.267836117e-21
1.132091565e-21
1.784582069e-21
2.5527977e-23
4.641117671e-22
3.613364455e-21
5.958109721e-21
1.941024554e-21
4.340486735e-21
6.957852692e-21
1.582472438e-21
1.945696646e-21
2.408214247e-21
3.689736286e-22
5.432287505e-21
1.85227456e-21
9.51974947e-21
1.075775978e-20
1.102993336e-20
3.179893145e-21
7.304249496e-21
9.459194978e-21
2.721637818e-21
2.868727555e-21
1.093794271e-21
4.504766628e-22
2.854991922e-21
5.298401401e-21
1.779154151e-21
4.377932582e-22
3.823303495e-21
7.276044584e-22
9.226035131e-21
2.137787913e-20
1.238669597e-21
7.721750282e-21
1.477155677e-21
1.53124265e-22
1.42383431e-20
1.895453814e-20
7.247770011e-21
2.75039489e-21
2.570255502e-21
2.961671959e-21
7.997715141e-22
5.505907188e-22
4.909783656e-22
1.161432755e-20
5.855687848e-21
7.361748555e-21
2.743358657e-21
9.268449007e-21
5.466108058e-21
1.41227223e-20
3.206892842e-21
1.164908593e-20
7.412033592e-21
4.526368078e-21
3.077373418e-21
1.163620666e-20
1.513069083e-21
2.936308992e-21
3.266230537e-21
1.051636977e-20
5.853452497e-23
2.53844199e-21
5.917979857e-21
2.380646035e-22
1.333270341e-20
8.294683205e-21
5.072471443e-20
4.11216648e-21
1.276409935e-20
1.375493109e-20
4.303293988e-21
4.731871436e-21
1.438216982e-21
5.879334314e-21
6.741236918e-21
1.341263175e-22
9.268561021e-21
4.276725882e-21
2.09636394e-21
6.132236913e-21
9.280364182e-23
3.956090953e-21
1.086648519e-21
3.370907898e-22
3.438717975e-21
3.403633664e-22
6.376309415e-21
3.260279441e-23
5.479937676e-21
5.776185512e-21
3.953997714e-22
1.534825777e-20
8.790396611e-21
8.960452261e-21
1.655028055e-21
1.432893316e-21
8.598645664e-21
1.940015101e-20
2.049718247e-22
1.282315268e-20
3.162200906e-21
1.717493831e-22
1.63155456e-21
2.464369967e-24
2.495010788e-22
7.401890466e-22
6.321344895e-21
6.917697041e-21
2.523653304e-21
1.777274911e-21
4.632463549e-21
2.234820298e-21
3.14781448e-22
1.374421034e-21
7.346614227e-22
3.119963296e-21
1.581951053e-21
1.075891715e-20
6.661908324e-21
4.787396206e-21
1.411678585e-21
2.78291483e-21
1.125931714e-20
2.018969108e-21
5.413805425e-21
1.325116424e-21
6.959832892e-21
2.114114052e-22
9.573011953e-22
3.621586631e-21
1.126798917e-21
3.706462139e-21
1.031942866e-21
3.643053598e-21
1.951271103e-22
1.57723201e-21
4.726401077e-21
1.477896083e-21
9.862045204e-21
1.495000196e-21
3.326450224e-21
5.910739268e-21
7.878196049e-22
1.189369418e-20
6.352309096e-21
2.578615942e-21
1.349477202e-21
5.711409523e-21
8.589589146e-21
1.212406141e-21
1.412691852e-20
7.838662045e-21
4.950076606e-21
6.030541378e-22
4.72416085e-22
2.631062323e-20
9.53108383e-21
3.711263241e-21
1.437838736e-20
2.078358971e-20
9.206111329e-21
3.601541826e-20
5.615757395e-21
1.587093748e-20
1.991840029e-20
1.08992764e-20
2.480738789e-21
5.196890327e-21
2.635760116e-21
2.880836932e-21
5.526252868e-22
2.275557628e-21
2.535652501e-22
1.079008526e-21
3.907175823e-21
2.173571014e-20
5.255876256e-21
5.256998583e-21
1.87557405e-21
1.007002766e-21
1.965182655e-21
2.236966617e-21
4.380425633e-22
7.114428206e-22
2.708702071e-21
6.84630015e-22
5.543860554e-21
3.153599086e-21
8.754495846e-22
3.85113933e-21
7.123237907e-22
1.881104541e-21
3.331175685e-21
3.003477161e-21
7.257313098e-22
5.312660791e-21
4.493579561e-21
4.241565278e-22
1.910694123e-21
2.401295889e-21
4.608668349e-21
9.984895539e-22
1.140990795e-20
9.053665991e-22
1.050179555e-21
4.42166169e-21
2.606195886e-21
5.984621041e-21
9.421419162e-21
1.894046415e-21
6.16880704e-21
1.966792268e-21
6.27414229e-22
1.318212451e-21
1.430720928e-21
8.62556932e-22
1.230030273e-21
1.340654474e-21
6.101936261e-21
1.257388097e-22
3.951286833e-21
1.586533338e-21
3.558260522e-21
1.063373387e-20
7.456925152e-21
3.761779393e-21
2.571441153e-21
2.227536636e-21
2.688153564e-21
1.275865343e-21
5.464080751e-21
1.176150312e-20
1.467036614e-22
8.292116852e-22
1.625729509e-21
2.36171959e-20
1.827544918e-21
1.564691237e-21
8.608354509e-21
2.933504187e-20
3.977463628e-20
1.100397467e-22
1.790891318e-20
4.352306631e-20
1.599549801e-21
3.84970956e-21
4.114697578e-22
3.512433412e-21
6.44499087e-24
5.51260449e-21
2.19233178e-20
1.649665139e-21
2.95063271e-21
3.675698045e-21
4.280581585e-22
2.047102982e-23
2.942512846e-21
7.320018364e-21
2.606146428e-21
6.650371107e-22
9.042461949e-23
5.363817621e-21
2.091059536e-20
1.665887879e-20
3.220750132e-21
1.121532233e-20
1.620343022e-21
1.594988353e-21
8.581951833e-22
9.274751059e-21
9.460209137e-21
6.78223803e-21
6.358101239e-21
5.300338249e-22
7.688913343e-21
5.776210509e-21
2.824421328e-21
1.950244318e-21
4.118163109e-21
6.837557804e-21
2.570355528e-22
6.934984788e-21
5.391606574e-21
3.79986092e-21
5.477781304e-22
4.604869795e-22
4.241271972e-21
3.14063786e-21
6.347843112e-21
1.923084803e-21
4.685339498e-21
1.014316291e-22
4.549818611e-21
2.49786231e-21
1.529397175e-21
3.138734561e-21
2.728079553e-21
2.635981719e-21
1.519842899e-21
7.777938178e-21
2.118502168e-21
4.13495031e-21
2.326666973e-21
1.668463501e-21
5.120214308e-21
5.333541638e-21
1.246932537e-22
6.328081372e-22
3.009578989e-21
2.691155772e-21
3.397036732e-22
5.911953543e-21
4.407414604e-21
2.475887043e-22
3.585724218e-21
3.461821175e-21
2.216646917e-21
9.256529057e-21
8.572495056e-21
2.133049329e-20
1.792026302e-20
2.814457587e-21
3.951357838e-21
1.075207683e-22
2.121960041e-21
5.330757564e-21
2.351624014e-20
2.019679608e-21
9.858238627e-22
5.914080063e-21
3.657604474e-22
5.674052429e-21
2.836489058e-21
3.409461801e-21
1.081338129e-21
4.57699628e-21
2.873469153e-21
8.328720433e-23
1.837831338e-21
3.454859148e-21
8.433143431e-21
5.410691002e-21
1.046814833e-20
8.461480552e-22
1.366963059e-21
1.790077065e-21
5.50998098e-21
1.281886771e-21
2.857829472e-21
3.663737196e-21
6.980298429e-21
2.021236472e-21
9.838698088e-22
6.293721155e-21
6.738854251e-22
2.218732077e-21
9.51119969e-21
3.23680581e-22
3.678750481e-21
2.871295428e-22
5.171953186e-23
5.874288814e-21
6.427421378e-22
3.196795405e-21
3.958921097e-21
9.252070821e-21
6.476593877e-21
8.144866307e-21
7.100821332e-22
2.670011161e-23
1.546965428e-21
5.001179316e-21
2.600688939e-21
3.897910354e-22
4.755397678e-22
8.620897871e-21
3.247429047e-21
1.182997235e-21
9.585014217e-21
5.53951379e-22
5.380813194e-22
6.960355233e-21
2.053832584e-21
3.097875209e-21
2.986672031e-22
4.772538889e-24
1.218942322e-22
7.463606232e-22
6.535298457e-21
1.862752925e-20
4.46037652e-21
4.372725705e-21
4.037678612e-21
7.865717512e-21
4.475411168e-21
4.077981781e-22
1.39093846e-21
2.612110796e-21
5.907454894e-22
1.637042197e-21
8.786411128e-22
4.32622632e-21
6.337100199e-21
9.20044466e-21
3.284769984e-21
3.749006232e-22
8.610213862e-21
4.771753143e-21
1.072466452e-20
2.135109261e-21
4.256921042e-21
7.968082824e-21
8.155952262e-21
6.838438038e-21
4.92373275e-21
4.263296293e-22
5.219655235e-21
8.557366685e-21
4.750970159e-21
2.227546972e-20
6.565199533e-21
3.111342678e-20
6.403328951e-21
5.879713437e-21
4.116747534e-21
3.390836499e-21
1.679312457e-20
1.485592412e-20
4.916121184e-20
9.5018697e-21
3.36096284e-20
1.407064989e-20
6.641504091e-21
1.516741045e-20
6.097532519e-21
5.211548041e-21
6.835972604e-21
5.767565868e-21
1.682829156e-21
1.776837001e-22
9.636256518e-21
1.706776491e-21
5.444460072e-21
1.641418601e-21
1.750207534e-20
3.583763584e-22
5.804864722e-21
1.194642948e-20
2.579930349e-22
4.723194922e-22
6.262434255e-21
8.852813227e-22
1.542533636e-21
8.526923995e-21
1.947146395e-21
7.062951136e-21
4.226255429e-21
2.401057969e-22
2.786716357e-21
1.24155635e-20
8.526783177e-22
2.599025062e-22
4.36071252e-21
1.584343734e-21
3.001313397e-20
3.162445053e-21
1.95749111e-22
1.652456061e-20
1.285202699e-20
8.205137937e-21
1.882130693e-20
1.976967113e-21
4.648505868e-21
2.971923922e-21
2.295808673e-21
3.64442007e-21
3.309017071e-21
9.473041391e-22
6.418609177e-22
2.117363704e-22
1.617950629e-23
1.038788427e-20
8.459348568e-21
1.525920964e-20
3.466702923e-21
4.966291247e-21
2.427375364e-21
7.347517667e-21
8.845810395e-22
3.219920475e-21
4.410064151e-21
2.518180671e-21
2.998033007e-21
4.547802707e-21
4.964044257e-21
4.783198078e-21
2.101772339e-21
1.421527331e-21
8.537957756e-21
1.909550393e-20
1.066053389e-21
4.170419363e-21
1.300608466e-20
6.591417619e-21
4.151234808e-21
1.964646016e-21
8.545416683e-21
5.256419952e-21
3.411580064e-21
1.658119948e-21
7.460216405e-22
1.35940206e-20
4.864760857e-21
4.318459991e-21
4.07239502e-21
8.575321459e-21
8.077266656e-21
3.442234686e-21
1.661941387e-21
3.95990862e-22
2.066461814e-21
7.337176175e-22
1.797835377e-20
1.769997257e-20
7.684064806e-21
2.348196357e-20
2.029168874e-20
1.265843241e-20
9.707291534e-21
6.333883861e-21
3.09952099e-21
3.102285235e-20
1.589917171e-20
2.814005329e-20
9.892302604e-21
1.805400473e-20
1.102345416e-20
7.296774314e-21
6.035787725e-21
4.097643832e-21
6.23805117e-21
5.296034288e-24
3.884388494e-21
1.913698051e-21
3.626914466e-21
2.269169319e-21
5.311333898e-21
2.381941662e-21
3.106301452e-22
5.582155087e-21
4.035635683e-21
7.332754046e-22
5.160790034e-21
2.00515212e-21
3.611544426e-21
2.685590191e-21
2.627370607e-21
8.784801889e-21
4.86725648e-21
1.570932547e-22
3.172837581e-21
1.213975613e-21
2.491787254e-21
2.510392518e-21
1.091680533e-21
8.3738166e-22
5.401394861e-21
6.165720009e-21
2.981009362e-21
6.31057434e-21
7.846689507e-21
3.825425998e-22
7.243614937e-22
6.133782964e-21
2.29484453e-22
4.410930406e-21
5.627358014e-22
2.054290585e-21
2.900260961e-21
2.022648546e-23
2.390758194e-21
3.171892269e-22
6.126495663e-21
9.591197626e-21
1.663699691e-21
2.278452085e-21
1.634898651e-22
2.429657382e-21
6.626797219e-21
4.69281176e-21
6.530439146e-21
1.089436864e-21
8.567668347e-22
6.319107129e-21
3.014372612e-21
2.166202898e-22
6.539382843e-21
5.036468683e-21
4.640889727e-23
2.447319533e-21
1.508638113e-20
7.345597589e-21
5.356244428e-21
6.527730933e-21
4.186198677e-21
6.41854259e-21
1.939420593e-21
3.245847116e-21
3.981795617e-21
9.339786127e-21
4.693332604e-21
1.041142912e-20
9.733529264e-21
1.844326987e-20
3.297190487e-21
3.882136449e-20
3.420175983e-21
4.905668894e-21
3.190513876e-21
3.566946658e-21
7.80943525e-21
8.769725183e-22
3.042470024e-21
1.754487852e-20
1.530278395e-20
1.419020581e-20
2.278648444e-21
5.082475376e-21
1.371931531e-20
9.85053504e-21
1.619920849e-20
2.9744345e-21
1.030614864e-19
7.36567911e-22
4.038227853e-21
1.965527863e-21
9.225950842e-21
7.268367425e-21
1.613367724e-21
5.258443425e-21
5.163540444e-21
1.336061935e-20
1.198202818e-20
4.437312777e-22
6.47145371e-21
4.673899075e-21
9.451052706e-21
4.156702592e-22
6.065483431e-21
1.259906739e-20
5.024868383e-21
1.136356096e-21
4.018546935e-22
2.411916686e-21
7.569595861e-21
5.782055786e-21
2.552795695e-21
5.486639047e-22
1.758903674e-21
7.281609653e-22
6.709104281e-22
1.305677583e-21
2.688240468e-21
6.647776847e-21
1.346132995e-21
7.863935855e-21
1.162763672e-20
4.075252064e-21
1.371315953e-21
6.930819768e-21
3.55979268e-21
6.637595638e-21
6.443589174e-21
1.136942089e-20
1.450139181e-21
5.887367329e-22
2.237432625e-21
2.98624993e-21
5.564741865e-21
6.677126129e-22
5.440062057e-21
3.028045173e-21
2.051898138e-21
1.177432908e-21
8.332728911e-22
2.607373767e-21
8.074941838e-21
4.4996848e-21
7.071703172e-21
2.680430465e-21
5.329426086e-22
1.040045526e-21
1.135653086e-21
5.178888147e-21
2.92539894e-21
4.095357615e-22
3.727739116e-21
8.932663121e-21
8.211837401e-21
3.381112132e-22
4.126521451e-21
4.462630905e-22
3.240669539e-21
7.196874249e-23
3.901667642e-21
4.713618447e-22
1.100472857e-22
3.439267091e-21
1.24951403e-21
1.543232238e-20
1.022620526e-23
3.853463656e-21
2.5867244e-21
2.971576263e-21
5.836485744e-21
1.047275249e-20
4.758169125e-21
1.299387942e-20
1.165920443e-20
1.563998928e-20
1.916347875e-20
1.131674153e-20
1.23126333e-21
3.704862855e-21
3.511727851e-20
1.068375253e-20
3.77548244e-21
1.560353103e-20
3.149633774e-21
3.389850083e-21
2.223994849e-21
1.097513281e-20
7.40796554e-21
6.947164057e-21
8.60722082e-22
1.768422312e-21
8.316179329e-21
2.23135044e-21
5.879754726e-21
5.695279585e-21
6.504073343e-21
6.20692517e-21
2.496389064e-21
1.549773443e-21
4.633749093e-22
2.197241276e-21
5.418000749e-21
7.630605459e-21
2.988022492e-21
2.081136613e-21
5.070883295e-22
4.320077179e-21
8.954387882e-21
2.641819029e-21
1.873550267e-21
9.067612262e-22
5.0925494e-21
1.273723045e-21
4.701556119e-22
3.808415213e-21
1.295958243e-21
1.172518303e-20
1.095884166e-20
1.830721975e-21
2.250745273e-21
3.372975222e-21
5.292765551e-21
3.84386573e-21
2.64606853e-22
5.148836169e-22
5.935593476e-21
1.239296558e-21
2.231125952e-21
1.279443063e-21
4.464959207e-21
1.449627825e-21
1.453024173e-21
7.47663258e-21
2.7260902e-22
1.471085022e-20
2.566066379e-21
8.277736216e-24
1.237889835e-22
2.992289761e-21
3.134994088e-21
1.180447529e-21
1.358310792e-21
3.698723874e-21
5.573351676e-21
1.000511462e-20
6.886912718e-21
5.255012753e-21
7.203093266e-22
1.438095789e-21
2.753602087e-20
9.590760072e-21
6.13415037e-21
4.906033189e-21
3.355113596e-21
1.227047019e-21
7.784528978e-22
2.950569445e-21
1.624819172e-23
3.111676575e-21
2.423398009e-21
4.288283301e-22
8.445957219e-21
9.469332163e-22
1.497307746e-20
2.475729972e-21
2.939316637e-22
1.704708283e-21
2.382977428e-21
3.291193116e-21
1.115863813e-21
3.945286806e-20
4.864344176e-21
3.705143851e-23
3.195054447e-21
1.17917006e-20
1.184652116e-20
1.91613567e-21
6.172457298e-21
9.529166329e-21
2.120313534e-20
1.150818077e-21
4.02257685e-22
2.394971082e-21
6.633703259e-21
1.136319505e-21
3.999099504e-21
7.939557133e-21
1.249094598e-21
5.069308866e-22
3.245763262e-21
4.725172246e-21
1.703029422e-21
7.371581966e-21
2.08787355e-20
3.125044532e-21
1.997072869e-21
4.235017479e-22
6.065995079e-21
8.96081351e-21
1.198178832e-20
1.762530556e-20
2.356662108e-21
3.806414544e-22
1.332735336e-21
4.445393554e-21
9.56645238e-22
1.034169025e-20
3.144935165e-21
1.32158199e-21
2.62694604e-21
1.164253398e-20
3.225832613e-21
6.311502452e-21
6.853639564e-21
4.640977032e-21
5.433341085e-21
4.129761331e-21
1.050397855e-21
7.175566425e-21
4.536921302e-21
1.308518364e-20
1.40354303e-21
9.09158421e-21
7.772372671e-22
1.972583931e-21
9.335244443e-22
5.543884017e-22
4.801476811e-21
4.560911558e-22
5.688346671e-21
8.287253967e-21
7.474629372e-21
2.228617028e-22
3.657833987e-22
8.439353415e-21
8.452713359e-21
1.964414871e-21
4.139940643e-21
7.477857846e-22
2.267720855e-21
7.704070892e-21
1.448962696e-21
1.369418677e-21
9.887595098e-22
3.84462167e-22
4.481113686e-21
1.666715117e-21
3.51007828e-22
8.850266185e-21
3.233081738e-21
6.857661319e-21
3.178005467e-21
5.386095342e-22
2.95374528e-20
3.860343539e-21
4.725159115e-21
5.161684372e-21
7.172742662e-21
6.170560826e-21
5.794162951e-22
1.667318676e-20
1.687427177e-20
7.435603792e-22
1.362890978e-20
1.931340106e-20
3.258957617e-21
1.80926909e-21
3.266455997e-21
3.60858126e-23
5.581773729e-21
3.37019048e-21
2.350932312e-21
1.603153635e-20
1.72169555e-21
4.653338059e-21
3.204836495e-20
1.087293191e-21
3.773623835e-21
4.272861488e-22
7.630584064e-21
2.286532989e-21
1.388492671e-21
3.775785197e-21
5.226008958e-21
1.385470258e-22
3.767647054e-22
5.212464716e-21
4.150866876e-21
5.9602055e-21
1.787759787e-20
3.239165832e-21
7.646300475e-21
1.536274047e-21
1.797770764e-21
2.579904326e-21
1.860558228e-21
1.166467104e-20
1.226234043e-21
1.375622831e-21
5.502014972e-21
3.406435226e-21
4.157768663e-21
4.738747137e-21
2.053775858e-21
1.167601391e-22
8.165960505e-22
1.316130146e-20
2.981839156e-21
4.525855705e-21
1.425484913e-21
2.323226182e-21
2.455881348e-21
5.818601185e-21
1.75506082e-21
1.434549233e-21
2.448292642e-21
6.331410358e-21
4.922444751e-22
2.781186069e-22
5.1968621e-21
3.077555165e-22
2.906625355e-21
1.302316256e-20
5.100274203e-21
1.131639518e-20
7.210758278e-21
5.12418576e-22
1.583528999e-21
4.675684301e-21
1.00200135e-20
1.208017772e-21
2.247643795e-21
7.684955993e-21
4.427187242e-21
2.256150122e-23
1.120157998e-20
3.161935996e-22
9.414529017e-22
1.71331662e-20
5.757015951e-22
8.950301001e-21
7.386258522e-22
3.052849569e-21
4.264206128e-22
3.60396765e-21
1.902099671e-21
1.012885959e-20
1.183238191e-21
1.273561797e-20
8.083035704e-21
1.192454381e-21
9.911139642e-21
4.836119358e-21
1.499593654e-21
1.602896816e-20
3.918064362e-22
1.402948531e-21
4.008562249e-21
3.042220734e-22
1.376370644e-22
7.188981149e-21
3.763104121e-21
4.029641902e-21
1.697787217e-20
3.952605092e-21
9.314107897e-22
1.49648726e-20
6.97934352e-21
6.440293025e-21
6.469327579e-21
2.239230078e-22
4.201556292e-21
1.747448986e-21
3.56484836e-21
8.991775653e-21
3.044502673e-21
4.64184266e-22
5.38796112e-21
1.838960368e-21
3.149486539e-20
3.642557816e-21
1.129340544e-20
9.168282594e-23
2.652690706e-20
1.398362944e-20
2.460693606e-21
2.174527202e-21
6.919719569e-21
1.748962884e-21
1.208090822e-22
5.523903081e-22
1.118369114e-20
2.288102472e-21
3.467870825e-21
1.854851126e-21
9.943225633e-21
3.972618108e-21
1.164103274e-21
1.398632188e-21
4.860944564e-21
4.54160589e-21
1.219304413e-20
6.931933855e-22
8.010375962e-22
3.772077114e-21
3.745753906e-21
2.160560336e-21
3.073961128e-21
3.643111972e-22
4.157849375e-22
6.8186256e-21
1.469426905e-20
8.655083755e-22
1.94121399e-21
3.651794619e-21
3.202958608e-21
1.115471079e-20
1.989968169e-21
1.211111485e-20
2.798732455e-25
4.762067944e-22
4.008068716e-21
1.679320027e-20
1.155590517e-20
5.810673448e-21
5.809871311e-21
3.48092286e-21
2.592459448e-22
1.336192894e-21
4.626880974e-21
4.826553654e-21
4.12647118e-21
7.535324091e-21
2.017973465e-22
4.612435492e-21
2.881307669e-21
7.819582909e-21
9.515793351e-22
4.616081468e-21
5.805381345e-21
1.750153081e-21
1.156733517e-20
1.232563389e-21
2.190742574e-21
1.497986798e-20
1.103377142e-21
1.845446155e-21
4.921611994e-22
3.701721809e-21
7.999349623e-21
2.152297103e-21
3.834445025e-21
1.532692896e-21
8.868497399e-21
1.790305294e-21
3.614127789e-22
2.820733193e-21
9.621385246e-21
8.05636696e-21
3.967087824e-21
3.144810619e-20
3.140183083e-20
7.445574826e-21
1.083202481e-20
2.185566647e-20
2.317241097e-21
2.573671317e-20
2.529745401e-20
5.050981515e-21
5.116146348e-20
1.648533541e-20
2.059800669e-20
1.296913552e-21
9.259374679e-21
7.496967725e-21
1.518952344e-20
1.00884218e-21
8.035162505e-22
8.432702716e-21
1.15443796e-20
4.722992106e-20
6.889211012e-21
3.123204844e-20
1.672789454e-20
1.134802843e-20
4.663634414e-20
4.278034379e-21
1.092030929e-20
8.507323836e-22
7.412119824e-21
7.220631171e-21
8.180681628e-21
1.763734979e-21
8.491895331e-22
9.613181888e-22
6.962050697e-22
4.48585778e-22
5.396291972e-21
6.11866329e-22
7.384645468e-21
1.154831008e-21
4.721114106e-22
7.087205677e-21
2.645189538e-21
8.538881347e-22
5.575518774e-21
3.595609798e-21
4.673299657e-21
6.051796978e-22
5.714404967e-22
2.714094224e-22
8.843459687e-21
2.783706369e-21
2.194734016e-21
1.250345256e-21
3.727740245e-21
2.373842167e-21
1.792653752e-21
1.373210786e-21
4.744086364e-21
2.849814122e-21
9.20318341e-21
2.893570705e-22
1.201094127e-22
3.096511554e-21
2.703179696e-21
4.269233836e-21
7.078891737e-22
2.916085419e-21
5.720017358e-21
1.846952765e-22
1.129177164e-20
3.401122364e-24
1.968323478e-21
2.650009874e-21
3.441710706e-21
7.463140056e-22
3.776449402e-21
1.901853219e-21
4.539737818e-21
8.946008662e-21
1.208775913e-21
3.941122596e-21
7.145269357e-22
1.306490737e-21
7.732606054e-21
6.379025374e-21
7.838386469e-21
9.366254353e-22
4.725119355e-22
2.088514853e-22
2.03211089e-22
1.000061769e-21
8.763726006e-21
1.010105249e-20
1.771518738e-21
2.132599765e-21
1.628234769e-21
9.109135397e-21
3.130205532e-22
6.495605058e-21
5.220811379e-23
6.727920154e-21
5.856075983e-21
3.190295038e-21
4.273558084e-21
2.52962744e-21
3.421817041e-21
7.951264793e-21
2.936247908e-21
6.212031411e-21
1.328248435e-20
1.170335778e-21
1.376562532e-21
8.153539831e-21
7.095769284e-21
1.330188319e-20
5.001279141e-21
1.105908962e-20
7.352139014e-21
9.761285392e-22
7.68687694e-21
1.07415736e-20
5.145939084e-21
9.89879266e-21
1.496830916e-20
3.23597263e-22
6.855485304e-21
3.783630946e-22
2.71959176e-21
2.529352086e-21
7.691981527e-21
2.107886471e-21
1.175483718e-20
9.893586071e-21
1.005903265e-21
5.122759313e-21
1.815015234e-21
5.253623392e-21
1.317949211e-21
5.264086996e-21
6.760387702e-21
6.875665401e-21
1.749702387e-21
1.352903462e-22
8.409015545e-22
7.55294373e-22
3.235033649e-21
9.918915147e-22
1.083409788e-20
2.59894697e-21
7.65237179e-22
3.56402116e-21
9.51039753e-21
1.106748774e-20
8.57322839e-21
3.176248297e-22
7.334695642e-21
4.077714805e-21
3.078399342e-21
5.142361197e-21
5.059718979e-21
3.108492418e-20
9.077412414e-21
3.845178862e-21
9.692295351e-21
2.803825839e-22
6.497379987e-22
2.536450545e-21
1.991088318e-21
2.654535935e-21
3.172716734e-22
3.092401702e-21
2.144969716e-21
1.183634854e-20
4.565641381e-22
5.328717001e-21
1.964214587e-21
1.050218943e-20
4.006231601e-21
3.528554058e-21
2.787980437e-21
6.616718957e-21
9.155530937e-22
2.38017058e-21
2.532745984e-21
9.335635846e-22
5.79863482e-21
6.359499081e-22
5.307145223e-21
1.721191081e-21
5.619073626e-21
6.341197222e-21
1.046320103e-21
4.022269848e-22
1.381453898e-21
1.538518014e-21
1.779656629e-20
5.038554796e-22
4.19439639e-21
8.169455415e-21
6.878910429e-21
6.634153084e-22
9.90712047e-21
8.785730353e-21
3.700863106e-21
1.989445783e-21
4.842216553e-21
1.084586996e-21
2.842712429e-21
2.469389737e-21
2.520123065e-21
1.965449142e-20
8.328118682e-21
2.071504418e-21
8.486036328e-21
5.398282553e-21
1.940753606e-21
1.734491067e-20
2.062422844e-20
1.549363764e-20
9.467182481e-21
2.455945539e-21
2.700568692e-21
9.935132344e-21
4.043168571e-21
9.934250977e-22
2.326496388e-21
2.641750547e-21
3.721335152e-21
9.181319222e-22
1.162792524e-20
9.986524578e-21
2.001217159e-21
8.241967677e-21
2.364108481e-22
2.392283053e-21
3.358205831e-22
3.754157794e-21
3.372360427e-21
2.732250769e-20
3.544194522e-21
3.262391605e-21
2.185386352e-21
5.996322152e-21
5.804498222e-22
1.176734249e-20
1.768060108e-21
2.662207294e-21
4.480711401e-21
1.025450881e-20
4.842729946e-21
1.510110091e-21
1.788602535e-21
4.566937542e-21
2.062925947e-21
7.38745911e-23
7.916275019e-21
1.158068724e-21
2.05721971e-22
1.496883369e-21
3.448180016e-21
4.325784579e-22
1.780802153e-21
7.502907208e-22
3.869155418e-23
1.178157857e-21
6.748109945e-22
1.455863147e-20
6.589407601e-21
4.9692361e-21
2.851093071e-21
1.405155785e-21
1.321458356e-21
1.437608976e-20
1.172254908e-21
2.107414208e-21
1.166206624e-20
1.591257978e-20
4.793080166e-21
7.201143214e-22
1.751113143e-21
2.862982803e-21
2.538598561e-21
2.846526141e-21
7.771230757e-21
2.100499462e-21
1.596938479e-21
7.239525709e-22
1.613600782e-21
1.156035693e-20
6.77756551e-21
3.714468384e-22
8.552727147e-21
1.365756616e-20
2.13699204e-21
8.67223718e-22
7.083358304e-21
1.72403572e-21
7.231832072e-21
1.07745565e-20
4.469426205e-21
9.921721894e-21
7.501352567e-22
4.306879458e-21
3.988731362e-20
3.561690741e-21
1.578898528e-20
2.093069507e-20
1.15317831e-21
4.389394422e-23
7.446778894e-21
2.710112103e-21
7.992074477e-22
2.368865281e-21
1.044354286e-21
6.845840803e-22
3.55827169e-21
3.375024107e-21
5.692879933e-21
3.388781526e-20
7.90238885e-21
2.576458778e-21
7.884754467e-22
3.870451063e-21
6.2048056e-23
6.953089371e-22
9.422626875e-22
2.794481057e-21
1.088160216e-20
8.208623824e-22
9.336800573e-22
5.746689926e-22
4.956308674e-22
3.845629999e-21
1.245787024e-20
4.521278142e-21
1.28338647e-20
1.747420947e-21
8.996831611e-22
2.017526838e-20
2.325992674e-22
8.343232948e-22
6.765849603e-21
5.275303099e-22
1.644153541e-21
2.883777752e-21
1.538621657e-21
3.962431557e-21
9.471413057e-21
6.926728251e-21
3.978663205e-21
1.162648515e-21
1.970267889e-22
2.090202898e-21
8.149722989e-21
2.970519785e-21
2.412495508e-21
2.495589702e-21
5.335600666e-21
6.222985298e-21
3.010410962e-21
7.108772895e-21
1.27536956e-21
9.005533494e-22
9.935202194e-21
7.652762931e-22
9.586619301e-22
6.931946935e-22
3.376903706e-21
7.970688669e-21
6.907506358e-21
1.998076318e-21
2.250995847e-22
2.338152376e-21
6.853859727e-21
7.047700711e-21
2.900076266e-21
2.224047001e-21
2.699385235e-21
1.586621552e-21
1.51741083e-20
5.654724395e-21
4.116906691e-23
1.317951416e-20
2.578129012e-21
1.994141038e-21
3.260910413e-21
3.935853606e-22
1.065381157e-21
1.461028239e-21
7.662704685e-21
7.974629467e-21
1.037672716e-21
5.627731687e-21
2.686984274e-20
1.859148861e-21
3.379460251e-21
6.612022778e-22
7.881252573e-22
2.182714385e-21
4.197022768e-21
1.213426148e-20
1.687337242e-20
6.892122493e-23
1.083389836e-20
3.108376293e-21
1.949523169e-21
1.409622577e-21
2.723262536e-20
1.016195055e-21
6.778988612e-22
1.267839839e-20
6.20512108e-21
1.661782894e-22
5.174422172e-21
1.581453307e-22
2.337810021e-21
3.458595113e-23
1.208295939e-21
1.099312509e-20
6.899035996e-22
1.269561401e-20
2.093134153e-21
4.223197107e-21
2.847881542e-21
3.274791074e-21
2.639823047e-22
1.751898325e-21
2.38185017e-21
1.228041698e-20
5.341214721e-22
4.341244145e-22
4.675095544e-21
1.868161003e-21
3.052693948e-21
6.087057559e-22
3.764006172e-21
1.114396933e-20
2.155472804e-21
2.889435374e-21
8.463423599e-22
5.378426996e-22
2.968134487e-21
1.673061595e-21
5.389392485e-21
1.191337554e-20
3.591808662e-21
1.178080007e-21
4.764646885e-21
4.586413026e-21
1.332826829e-21
2.616655675e-21
3.471728991e-21
3.682654838e-21
3.915643227e-21
5.877321383e-22
7.736477925e-21
1.470123598e-21
1.100835569e-21
2.695877101e-21
2.383731467e-21
1.982794991e-21
8.693730603e-21
3.871534313e-21
8.529794754e-23
8.191002129e-21
6.687140349e-21
8.629112517e-21
8.454601802e-21
8.000551502e-22
3.47465154e-21
2.485421799e-21
2.635762552e-21
1.7465143e-21
1.008050011e-21
4.368728598e-21
3.064107788e-21
1.229122779e-22
7.565995061e-21
8.132752009e-21
2.654035821e-22
4.57864989e-21
5.201545941e-21
1.418995709e-20
3.546684222e-21
9.781590731e-23
2.375524692e-21
2.238989501e-21
5.506893148e-21
8.911992112e-22
1.707742928e-21
3.227800521e-20
4.110738747e-22
2.163098194e-20
6.179521621e-21
3.062341064e-22
4.012776513e-21
3.51887206e-22
1.448442467e-21
1.494547569e-20
2.413309305e-21
7.859583549e-22
7.40095953e-21
1.15716999e-21
1.113013481e-20
2.923577829e-21
2.172141508e-20
1.767340583e-21
4.700169662e-21
1.548036887e-20
2.189361723e-21
8.374621834e-21
1.509055867e-20
5.125766673e-21
1.455886781e-21
1.209887865e-21
8.598581089e-21
4.261730464e-21
4.912244491e-21
4.856244457e-21
5.091420769e-21
1.744648266e-20
9.771625756e-21
1.578475155e-21
3.437822813e-21
2.234789858e-21
4.050741605e-22
2.469767298e-21
8.740825728e-22
4.867979172e-22
3.670362554e-21
6.479509039e-21
7.7337905e-22
7.872725592e-22
4.244005187e-21
2.300972465e-21
7.845159334e-21
1.887906514e-21
1.452158057e-21
2.375800184e-21
1.099766232e-21
7.447433924e-22
8.609212482e-22
1.615363328e-21
1.905435412e-20
6.089738508e-21
8.843467142e-22
4.054023549e-21
2.503481224e-21
6.362350886e-21
5.291509369e-21
4.152984248e-21
5.033161759e-21
4.089798521e-21
2.614566119e-21
5.344911207e-21
5.163334723e-22
1.247498015e-21
1.494205527e-21
1.456003095e-20
2.571940795e-22
8.299608703e-21
2.491065363e-21
4.510917865e-21
3.003737026e-21
1.512592702e-20
7.626519056e-21
7.343145337e-21
3.299854263e-22
7.23729559e-22
9.941854951e-21
4.703135812e-21
9.370590222e-22
1.252704648e-20
8.07278897e-22
6.665330477e-21
1.975805393e-21
4.566080945e-21
6.900362721e-21
5.616203274e-22
7.173260511e-21
7.818795714e-21
4.126910137e-21
8.306218901e-21
5.262353438e-21
1.326287666e-20
1.57889902e-21
1.229748147e-20
8.135426238e-21
6.163374591e-21
5.284651989e-22
2.45718499e-20
2.228394936e-20
9.616331064e-21
1.27208653e-20
5.418170425e-21
4.199235011e-20
1.577717182e-21
5.981479948e-21
2.491015829e-20
1.094822179e-21
9.389077755e-22
3.392134495e-20
7.476047933e-21
1.693582708e-20
3.141082297e-21
1.076432849e-20
3.388411527e-21
1.015422695e-20
1.032064309e-21
8.574066862e-21
1.022123502e-21
7.247304885e-21
1.340801004e-20
2.691444835e-20
9.241458915e-21
1.493072221e-20
5.468816898e-21
2.669732795e-21
3.845638716e-20
9.964041214e-22
6.547322011e-22
1.214986334e-20
2.834690796e-23
8.177339478e-21
1.668731042e-22
5.382711562e-21
4.214325292e-22
3.45602871e-21
2.472943696e-21
7.637155071e-22
5.099854425e-21
1.621377157e-21
6.900332818e-22
4.53013798e-21
1.552871757e-22
1.892244204e-21
1.210573989e-21
8.031390978e-22
4.111888281e-21
2.988535365e-22
5.364830191e-21
6.633789593e-22
7.101304067e-21
6.429433441e-22
6.03111966e-22
2.468661716e-21
7.035259512e-21
2.981434612e-21
4.047293827e-21
1.889883274e-21
1.434034784e-21
3.526145277e-21
3.08950711e-21
2.173746797e-21
1.484015447e-21
9.085040816e-22
1.055858225e-20
1.202613074e-20
1.328153371e-21
4.629059838e-22
2.16502575e-21
1.136177346e-21
3.07067108e-21
3.836180908e-21
3.854683715e-21
5.399558405e-23
7.404256301e-21
5.547109846e-22
9.622565955e-21
5.983942012e-21
5.335461601e-21
3.997536307e-21
1.10691458e-21
2.46969486e-23
2.140397285e-21
2.848944617e-21
3.349911429e-21
1.350816415e-21
7.051495143e-22
6.674444686e-21
6.063242875e-21
6.282134047e-22
1.440722354e-20
1.221557142e-20
2.510870235e-21
3.801599266e-21
7.666282603e-21
4.142858979e-21
3.145570715e-22
1.734600312e-21
6.450013578e-23
1.152853381e-20
2.636390339e-21
2.340721758e-21
5.863582547e-21
3.798461334e-22
6.685380977e-21
1.762239753e-21
1.061311553e-20
5.428428778e-21
4.656719921e-22
3.87263732e-21
1.431502434e-20
4.636585566e-22
2.377536005e-22
4.371821786e-21
2.339146514e-21
6.114706007e-22
8.554105813e-22
7.207922684e-21
1.061181975e-20
7.458810257e-21
2.830706362e-20
1.042124939e-20
4.851365674e-21
4.388982473e-21
1.375395909e-21
7.036515204e-22
1.873385399e-20
1.430931006e-20
6.846334512e-21
6.481184629e-21
1.082206362e-21
2.229493765e-21
7.47976451e-22
9.756047646e-21
2.893013995e-22
2.452656647e-21
7.882279239e-21
1.82223849e-21
4.677217414e-21
2.114786393e-21
2.262361579e-21
1.71368592e-20
1.860600236e-21
5.883287288e-21
8.639243081e-21
4.581365595e-21
6.668180052e-22
2.697606825e-21
7.18537446e-21
6.38570733e-21
2.521580947e-21
9.619591025e-22
1.190970755e-20
2.044688896e-21
1.984334005e-22
1.786546897e-21
2.850993406e-21
1.844810634e-21
3.018470297e-21
3.553355768e-21
2.11097141e-21
1.711754665e-21
4.447131546e-22
1.112803857e-20
5.211864681e-21
1.126254499e-20
3.947292559e-21
7.16331921e-21
2.364275941e-21
6.906141133e-21
1.054657825e-21
2.357039771e-21
2.484857841e-21
4.890592256e-21
6.495679748e-21
5.17190303e-21
7.511634696e-21
5.611688986e-22
2.469675412e-21
6.05090783e-21
2.570018299e-21
2.447478504e-21
2.711476068e-22
1.264892472e-21
5.980574123e-21
1.037936972e-21
2.96393912e-21
1.121902477e-21
2.456733831e-21
1.459559387e-20
1.033139716e-21
1.336241885e-21
9.842857208e-21
4.736440428e-22
4.751146658e-21
3.501246566e-21
2.817472316e-21
2.352622754e-21
3.983599462e-22
1.100210797e-21
1.850007311e-21
2.204039869e-21
4.488454826e-21
1.827996689e-21
3.400937932e-21
4.935458241e-21
6.571981255e-21
3.377157032e-21
6.913812925e-22
2.185531427e-21
2.937105947e-21
3.693069624e-21
5.518258114e-21
5.867122302e-22
1.076175593e-21
1.011224597e-20
1.69633723e-21
1.960759075e-20
3.893186267e-21
9.179182416e-21
2.426383613e-21
8.681113205e-21
8.568337607e-21
9.081447345e-22
4.277304838e-21
7.872821675e-21
4.953818459e-21
1.191338646e-20
4.874722203e-21
9.777881334e-21
2.305979053e-20
1.314839413e-20
1.07828698e-20
3.751589856e-21
1.062895302e-20
9.120113062e-21
6.576474985e-22
2.177144603e-22
6.85710564e-21
3.557037686e-23
1.598970807e-21
3.785335835e-21
1.575013154e-21
1.998403304e-22
2.370048879e-23
2.053619551e-21
4.445614131e-22
7.25267862e-22
8.172958894e-21
3.701560113e-21
1.274563153e-20
2.682384253e-22
1.796846065e-21
1.889448128e-20
3.647016755e-21
1.880675093e-21
7.831298329e-21
1.584712728e-21
3.109552401e-21
2.04175498e-21
1.934653056e-20
1.324463829e-21
7.50215649e-22
1.681319996e-20
1.135712006e-20
2.24428915e-21
7.691976663e-22
9.383918105e-21
4.906145802e-22
4.348950147e-22
7.964653623e-21
5.886956545e-21
3.117640033e-21
3.338433158e-22
4.255287606e-21
1.126106511e-20
1.717073565e-22
3.66614411e-22
2.950014242e-22
1.4519582e-23
2.690636956e-21
5.084016343e-21
1.45970421e-21
4.434440159e-22
1.932888201e-21
8.727594198e-21
1.281148839e-21
1.267216027e-21
5.209324879e-21
1.67869284e-20
6.020466934e-22
7.734978974e-21
1.618305036e-21
1.040764279e-20
1.535686432e-21
7.188914061e-22
1.677155032e-21
1.473940147e-21
1.781736879e-21
1.028106898e-20
8.137573507e-21
3.587734147e-21
2.825287323e-23
7.545269212e-21
2.854806211e-21
3.566339697e-21
7.387342517e-21
5.340505947e-21
9.251693599e-21
5.697571855e-21
2.235391725e-21
1.836012848e-21
6.940676927e-22
2.820487823e-21
5.51879109e-22
2.154575508e-21
5.621422174e-22
3.016848658e-21
1.304880189e-20
1.199925322e-20
4.300790571e-22
4.580164675e-20
1.188506369e-20
1.994430128e-20
8.762735164e-21
3.815004769e-21
8.868074762e-21
2.930065427e-22
1.685604397e-20
6.695241345e-21
8.525739986e-22
1.68296825e-21
2.671553653e-21
8.645221175e-22
7.486004053e-21
3.621126936e-23
1.535600509e-20
1.194132479e-21
4.420039639e-21
3.884570729e-21
5.909915633e-21
5.765651885e-21
1.478229012e-21
6.168443285e-22
1.070537545e-21
4.392987024e-21
2.199220184e-21
2.381930674e-21
8.04510234e-21
1.450061254e-20
2.496954013e-21
3.633419253e-21
5.820733845e-21
4.00581712e-21
3.649049511e-21
5.421867578e-21
2.144241022e-22
1.619946616e-21
4.861502595e-21
2.007889374e-22
9.495850545e-22
1.72268259e-20
1.34032305e-21
1.006638902e-20
8.649240433e-21
2.039574505e-21
1.606761462e-22
6.02935149e-21
2.292174469e-21
6.588064149e-21
2.954886508e-21
5.773824191e-21
2.438571514e-22
1.645490164e-22
2.029123143e-20
1.110166831e-20
5.30717e-21
6.572031723e-21
4.674035217e-21
1.841909855e-20
2.818781396e-21
5.74144399e-22
1.186116672e-21
5.413158093e-21
1.170573101e-21
3.971744023e-22
9.044876456e-21
2.204314508e-21
3.903908571e-21
2.6040729e-21
1.755996964e-22
1.067685924e-22
1.178332246e-20
1.237254733e-21
8.009113669e-23
7.723209224e-23
1.460502081e-21
1.273548166e-21
4.206206729e-21
1.019958196e-20
6.161937452e-22
7.059648805e-21
1.180955917e-20
4.310460084e-21
7.962946273e-21
7.955123036e-22
7.583329749e-21
6.10547328e-21
4.820784016e-22
2.301774658e-21
2.705786386e-21
1.176489397e-21
4.725762701e-21
2.481842385e-21
2.536520225e-21
1.256979606e-21
4.342616848e-21
2.75318975e-20
6.393647554e-22
2.397473823e-21
1.781237072e-20
2.379266478e-20
2.636336883e-20
5.319824122e-22
3.289072627e-20
2.955406849e-21
6.521483562e-21
5.76631742e-21
7.600987567e-21
5.669799947e-21
8.119523651e-21
3.015067077e-21
2.014962012e-20
3.32137179e-21
9.722908749e-21
3.826991975e-21
3.87740709e-22
2.148456927e-21
7.107458259e-21
1.09361851e-22
6.864775845e-21
1.188031431e-20
4.026331846e-21
4.394705455e-21
2.584157542e-21
4.053835212e-21
6.229521399e-21
1.841393683e-21
3.490301138e-21
3.927905675e-21
4.374404865e-21
1.761571602e-21
2.584313485e-21
2.8073369e-21
3.060776981e-21
4.093185166e-21
6.719133192e-21
1.93419503e-21
6.084983169e-21
1.078881895e-20
2.529310808e-21
5.315758022e-21
4.627205258e-21
5.394104058e-22
2.829925612e-22
1.025664239e-21
7.03245909e-21
2.767167369e-21
5.127310472e-21
9.375429469e-22
1.352459267e-20
2.1306262e-21
4.302728964e-22
7.283038707e-21
4.465976907e-22
1.617164558e-21
3.906715916e-22
1.287930012e-20
5.035666002e-21
5.393447511e-21
7.234036239e-21
4.475151409e-21
2.576348508e-21
8.673259942e-22
2.262769509e-20
5.43652455e-22
2.218180431e-22
1.828979992e-21
9.453889206e-22
3.410266403e-21
1.386641727e-20
5.41450566e-21
5.821524566e-21
1.796992437e-21
9.656783381e-21
6.534344546e-21
8.271677367e-22
2.692815634e-22
8.20334004e-21
4.145926534e-22
2.489426038e-21
5.365245533e-21
9.490125155e-21
1.286362391e-21
7.010534533e-22
1.534346653e-21
3.395056165e-22
8.180582901e-22
5.160336355e-21
1.140854758e-20
6.089657106e-23
7.806514198e-21
8.157992809e-21
3.29845392e-21
2.794294197e-21
3.266162991e-21
2.877462655e-21
3.628260368e-21
2.414010683e-22
4.576206151e-21
5.248877223e-21
8.48409167e-22
3.240054738e-22
6.132436819e-22
5.161570008e-21
2.212941505e-21
9.528120479e-21
7.314761187e-21
2.900941926e-21
1.801457153e-21
3.100402094e-21
5.158046948e-21
1.794486676e-21
5.209792345e-21
2.005680505e-21
1.589030105e-21
1.855753573e-21
3.287763189e-21
9.492455488e-21
7.958738269e-21
1.034287203e-21
2.462559992e-21
1.994259744e-21
1.487651104e-21
5.52189447e-21
1.089437418e-21
3.844175972e-22
1.891592093e-21
5.730748704e-21
6.029425223e-21
7.508766205e-21
9.358795471e-21
3.686098167e-21
2.334470171e-21
8.625265054e-22
1.181720239e-21
8.956822274e-21
6.932711309e-21
3.670560921e-21
7.981094745e-21
3.329123037e-21
5.241143451e-21
1.163359544e-20
1.205249358e-21
2.193358399e-20
2.018994441e-21
1.460539947e-21
6.378072362e-21
3.855353367e-21
4.98006312e-21
1.534889791e-20
4.897631268e-21
3.317840222e-21
8.989719767e-21
2.305025774e-22
2.584362117e-21
6.340114679e-21
6.751204294e-21
1.469798422e-21
6.833449235e-22
1.749014713e-21
5.607648377e-23
1.436769106e-21
2.117657533e-21
3.37752161e-21
5.162531897e-21
9.231374342e-22
4.304157904e-21
2.39722121e-21
2.384743193e-21
7.119661969e-21
1.559405973e-21
4.522330157e-21
3.874875694e-21
4.43307498e-21
8.800888573e-21
2.634475354e-21
7.002668294e-22
3.972975617e-21
3.253943755e-21
1.510699715e-20
5.29877788e-21
1.756532202e-21
3.027917361e-21
4.796587825e-21
7.089464612e-21
7.917405493e-22
5.172872666e-21
1.46281564e-21
6.122546312e-22
5.885782237e-21
2.505340179e-21
3.838926313e-21
5.827543533e-21
4.53913414e-21
3.020809073e-21
4.17586151e-21
9.444181186e-22
1.360695118e-20
6.316196609e-21
2.855040588e-21
1.007213774e-20
7.24119376e-21
1.618059161e-21
5.223412466e-21
4.766792916e-21
2.205385104e-21
3.601566456e-23
3.155218589e-21
1.435160132e-22
1.350784826e-20
6.45100737e-21
5.810258981e-21
9.88207233e-21
2.218255293e-21
4.121929272e-21
6.500285943e-21
3.78969848e-21
2.394861718e-21
2.305102854e-21
6.378283274e-22
7.062720258e-21
2.92021242e-21
1.630021232e-21
6.593064807e-22
1.714805116e-22
3.194460771e-21
3.047016428e-21
4.899870777e-20
1.880385545e-20
6.920056643e-21
1.626763203e-21
8.170841813e-23
2.755328583e-23
1.308770687e-22
6.047329566e-21
7.356448624e-21
7.226059698e-22
8.586125807e-21
3.763282847e-21
5.250029868e-21
1.834322585e-20
1.821591137e-21
4.822962238e-22
6.398918065e-22
4.276967665e-21
4.104884632e-21
4.177833639e-22
3.167374302e-21
1.169046287e-21
4.523600309e-21
1.049213192e-22
2.607545676e-21
1.028823458e-21
1.219925715e-21
7.749915861e-21
8.565627661e-21
4.814456545e-21
3.722565353e-21
1.745582587e-21
2.81035583e-22
3.855928094e-21
2.181300845e-21
9.488946482e-21
7.91500307e-22
5.325759856e-21
3.232878206e-21
1.009289524e-21
3.29316108e-21
2.680953296e-21
4.222833999e-21
4.254682607e-22
2.596484859e-21
3.648785612e-21
2.229257848e-21
9.805307044e-22
7.118103883e-21
5.514149579e-21
5.748691255e-21
1.439064806e-21
8.888689777e-22
2.889788753e-21
8.098873851e-21
6.980686557e-22
2.086062456e-22
4.345009132e-21
1.081066511e-21
2.421346919e-21
1.281173525e-21
2.877616313e-21
7.40362866e-22
5.829134008e-23
1.781634059e-21
8.312049573e-22
4.74585753e-21
3.310599437e-21
2.113455242e-21
8.097284719e-21
1.138739045e-20
1.776185422e-21
8.866254126e-21
7.025022152e-21
3.550419857e-21
2.144332662e-21
4.164551466e-21
3.081401315e-21
1.267186892e-21
4.417802012e-21
5.927810109e-21
2.953990237e-21
2.02584484e-20
1.929058327e-21
5.69276744e-23
7.443791081e-21
1.054526705e-20
1.69363183e-21
8.886507972e-21
8.058202133e-24
3.381012943e-23
3.20018777e-22
3.531571549e-21
5.95108904e-24
1.326496939e-21
1.332549135e-20
1.347691973e-22
7.390417766e-21
1.439106292e-21
3.036938155e-21
3.932056889e-21
1.000241662e-21
9.589334668e-21
1.069791658e-21
3.612541722e-21
1.810913601e-21
1.603994918e-20
1.54698549e-20
3.631963167e-21
1.24832412e-20
3.849530266e-21
9.798687227e-21
5.351004447e-21
8.295275648e-21
6.477206418e-22
6.136360357e-21
4.985802159e-21
1.088028994e-20
1.805503677e-21
1.391206942e-20
1.049853776e-20
2.197831406e-21
3.857977376e-21
1.374210417e-21
1.124344446e-20
3.177690896e-21
1.03591035e-20
7.562097197e-21
9.553757933e-22
1.426113113e-20
4.782067656e-21
6.73710709e-22
7.776213015e-22
1.750511789e-20
6.79323287e-21
2.832608713e-20
1.829159184e-20
6.50171242e-21
2.27725303e-21
8.514053683e-21
1.103968476e-21
2.593989502e-21
7.931106484e-21
5.298796889e-21
1.018679977e-20
1.842957415e-21
7.013783973e-21
4.459004288e-21
7.785502588e-21
1.265794519e-21
2.445055128e-21
5.226798402e-23
1.00530445e-22
3.892893875e-21
2.628354734e-20
2.161541235e-21
1.056850796e-21
7.375421545e-21
6.201095257e-21
7.356669102e-21
4.680370101e-21
1.011970715e-20
2.174768877e-21
3.238686085e-22
7.342371937e-22
4.386609198e-21
5.61474748e-21
4.716154403e-22
7.74217711e-21
3.419219994e-21
1.758454577e-21
1.704235857e-21
1.925648209e-21
7.409778751e-21
3.508323012e-22
6.552384762e-23
3.539332791e-21
1.256911204e-21
1.127238537e-21
2.071093431e-21
1.086295244e-21
9.212339357e-21
7.996421768e-22
4.044815426e-21
3.262635902e-21
1.182025407e-21
1.586607359e-21
2.342343123e-21
8.174045975e-22
4.191863381e-21
3.120778495e-21
4.521444171e-21
4.383539051e-21
5.968772284e-21
1.598079745e-21
7.4117833e-21
1.486905894e-21
7.350399149e-21
3.34185584e-21
2.631498905e-21
2.010729204e-21
4.191995864e-21
6.217180774e-21
4.354517965e-21
7.938654184e-21
3.01937402e-21
4.346768313e-21
4.571211869e-21
2.751886911e-21
4.536552912e-21
4.226006241e-21
1.82394716e-21
4.889748469e-21
4.230013073e-21
1.399144592e-21
4.98750702e-22
8.536438243e-21
2.633428585e-22
3.080717744e-21
3.517151105e-21
2.399652127e-21
7.618677871e-22
1.530850431e-21
2.175539355e-21
7.913848648e-21
4.403304917e-21
1.472044235e-20
7.78624486e-22
2.778359309e-21
2.17920606e-21
2.081569861e-22
3.868905228e-21
8.783279161e-22
2.562018077e-21
7.27355843e-21
1.867683638e-20
1.963170503e-21
9.008745182e-21
3.004552264e-21
2.676472958e-20
2.420370458e-21
1.295313448e-20
2.402261514e-21
3.341776298e-21
1.454696139e-20
1.869781805e-21
9.552052173e-21
4.885966462e-20
7.354126294e-23
1.370626171e-20
6.696480378e-21
8.946683989e-21
8.123430215e-22
2.112218201e-20
1.035118549e-21
6.197984723e-21
1.322122646e-21
1.94343575e-20
3.402663894e-21
2.873334746e-20
2.18068564e-20
5.298073961e-21
4.109858329e-21
2.873544128e-21
7.572329873e-21
2.746671312e-22
4.529270146e-22
4.89388891e-21
6.974935424e-21
2.07041873e-21
5.781034816e-22
8.8808865e-22
3.117024815e-22
1.95778241e-22
4.128253175e-23
2.493493242e-21
1.337597401e-21
1.2790024e-20
1.372760059e-21
1.372135935e-21
2.197859745e-21
9.942115615e-22
6.115268631e-22
1.505051062e-21
3.946497293e-22
1.406027019e-21
1.763594709e-21
5.953277989e-21
1.387745597e-20
1.128052863e-21
6.760706077e-21
6.252211827e-21
2.582960444e-21
6.225263783e-21
1.380637834e-21
2.421166878e-20
5.732643832e-21
1.122171115e-20
3.770006534e-21
2.172223501e-21
8.588412936e-21
4.65676803e-21
7.600306527e-21
8.811930636e-21
3.358641817e-21
3.466950686e-21
4.067735581e-21
8.856880703e-22
1.305044142e-20
6.556432474e-21
7.900345906e-21
1.122270028e-20
1.146936509e-21
1.223939007e-21
6.908499673e-21
3.660714546e-21
2.626213526e-22
5.873789881e-22
1.802718839e-22
5.619268782e-21
4.972310204e-21
1.067079064e-21
1.461687265e-22
9.803505822e-21
3.697971261e-21
1.659479183e-20
6.101488115e-21
1.743409683e-21
1.085689466e-20
2.995646387e-21
4.153215272e-21
4.819671695e-22
2.910613221e-22
6.344738307e-21
1.124848249e-20
6.311727952e-22
2.105033073e-21
1.437345762e-21
1.15548267e-21
1.063137262e-20
2.395880523e-21
4.1887508e-21
2.906940567e-21
2.082499834e-21
8.7887615e-21
4.713863248e-21
5.936851892e-23
4.29258524e-22
8.84817681e-22
4.156120459e-21
4.891274824e-21
3.063431094e-21
1.90756732e-21
1.564125946e-21
2.753053173e-22
1.270967996e-21
1.886131457e-21
3.17873567e-20
1.153988678e-21
3.189693548e-21
2.923266681e-21
7.399976913e-21
2.855537344e-20
8.165693458e-21
2.005745959e-21
1.799696151e-21
1.257102986e-20
4.116495082e-22
9.384032984e-22
5.478922472e-21
7.125780773e-21
2.244718688e-21
1.386305577e-20
5.814647299e-21
6.973516731e-21
7.044953875e-21
3.532603553e-21
1.13300505e-20
1.452696153e-22
3.61345984e-21
4.273304717e-20
2.182812923e-21
2.285192175e-20
7.687580159e-21
1.182852101e-21
7.836905089e-22
1.290117527e-20
9.113268504e-22
1.38426319e-20
2.595886805e-21
5.718619895e-21
1.238866914e-21
7.584997361e-21
1.108387066e-20
1.407586692e-21
8.963958842e-22
1.647050979e-20
3.823605134e-21
5.562150717e-21
4.189232699e-21
1.018106781e-22
7.283226301e-21
8.109509104e-21
2.363602396e-21
4.644567825e-21
2.58100051e-22
3.318067208e-21
6.530618646e-22
1.860854058e-21
1.047037496e-21
7.466719854e-22
4.788791626e-21
4.440361909e-22
6.70462294e-22
3.961050668e-21
2.97239085e-21
5.820750666e-21
9.337741312e-21
2.685197451e-21
3.657479781e-21
3.585880041e-21
1.497785666e-20
6.339121287e-21
8.001508623e-21
1.788650434e-21
1.048456281e-21
1.816823199e-22
8.828959948e-22
1.002744128e-21
7.565069223e-22
9.408999867e-22
1.162978409e-20
1.882612156e-21
3.351935392e-21
1.062685778e-20
3.309835564e-21
5.528243797e-21
5.832951743e-21
1.418642802e-21
5.941003108e-21
3.465748049e-21
9.102965561e-21
3.108965761e-21
4.036142873e-21
1.71834263e-22
8.105332366e-21
3.523435333e-22
3.922449257e-21
1.207133384e-21
7.838588336e-21
1.212669206e-20
3.463733489e-21
4.207760924e-21
1.103683785e-21
1.158408241e-21
8.50541036e-21
1.036291674e-20
1.284460604e-20
5.844671265e-21
9.977948751e-22
1.429612728e-20
2.204273407e-21
5.248964493e-22
7.788429886e-21
4.875747251e-21
5.865986571e-21
4.169481519e-21
8.073767442e-21
7.307385393e-21
3.711949049e-22
5.867945901e-21
6.315612654e-22
5.525100277e-21
5.314890307e-21
1.219833042e-20
7.14759254e-22
3.14361631e-21
7.286021648e-21
5.500069123e-21
8.83530636e-23
8.307686131e-21
3.391122798e-21
8.890093342e-21
4.53237784e-21
4.607492477e-22
3.915049642e-21
1.806701597e-22
1.57815196e-21
2.619471118e-21
2.498502648e-21
4.045150304e-21
1.062712975e-20
1.233069674e-20
7.203730583e-22
1.037877142e-20
7.655544417e-21
1.796252538e-21
1.256171264e-20
2.005770409e-21
1.05005999e-22
6.91265066e-21
3.105647445e-20
1.837814995e-21
9.22494962e-22
7.457343369e-22
9.038918947e-22
6.079451994e-21
1.756375037e-20
1.521578426e-20
4.102678776e-21
8.148559413e-21
3.778950646e-20
1.195413227e-21
5.815860273e-22
3.091758508e-20
3.3195971e-20
2.486181798e-21
8.777404936e-21
1.403159193e-20
6.867521177e-22
7.438945729e-21
4.410916096e-22
1.19685788e-20
6.990382784e-21
1.587726884e-21
1.103726136e-21
4.493712856e-21
9.271837141e-22
5.067189755e-21
5.467808607e-21
1.163501546e-21
3.798370915e-21
1.309085309e-22
2.329839826e-21
7.331561802e-21
8.869647666e-21
1.014585948e-21
1.386670612e-20
4.071458723e-21
1.035749123e-20
3.938752879e-22
3.813474571e-22
1.019325148e-21
2.464180169e-21
1.010187141e-22
1.110948238e-21
1.268344164e-20
1.664819155e-22
3.363274815e-21
6.915160231e-21
1.061191985e-21
5.224046743e-21
2.125957304e-21
8.658931249e-22
8.00193174e-21
1.2178057e-21
7.249981394e-21
7.929688698e-22
7.009356498e-21
1.224250835e-21
6.100497954e-22
1.132525904e-21
1.22210108e-20
2.256187468e-22
4.768206653e-21
6.907914892e-21
3.732547769e-21
2.890130795e-21
3.32567765e-21
8.201607954e-21
2.630926503e-21
2.732256231e-21
5.039028787e-21
1.567420287e-21
1.143077276e-21
3.176226135e-22
5.697102875e-21
3.227571086e-21
5.102920514e-21
7.02627533e-22
3.186760975e-21
2.183637524e-21
4.730149925e-21
9.088448384e-22
3.923193952e-21
2.95711808e-21
1.955483144e-20
2.817389977e-21
1.754497295e-21
4.249949882e-21
4.774668837e-21
7.734534281e-21
7.352672428e-21
1.757848611e-21
1.565671664e-21
1.45465088e-20
9.340743753e-22
7.353647561e-21
1.260372684e-21
8.145087882e-21
4.878905995e-21
6.735071226e-21
5.825389384e-24
1.926306323e-22
2.177414991e-21
5.217224832e-21
2.242648423e-21
2.080308041e-22
2.093309413e-22
9.123221093e-21
8.308978801e-22
2.485863614e-20
1.234090702e-20
1.710087282e-20
1.122959603e-21
2.995649578e-23
3.399241784e-21
3.183113015e-21
1.311410493e-20
1.484172145e-21
1.882696261e-21
1.78477204e-21
1.719829819e-21
5.256951234e-22
3.209217194e-20
2.831192304e-21
1.07279055e-20
4.151896832e-22
1.148869221e-20
1.902348202e-20
6.578224515e-22
1.417241557e-21
1.060102915e-21
5.984539537e-21
8.650481735e-21
1.309130314e-20
6.544200455e-22
4.811469182e-22
5.351957968e-21
3.316958692e-20
1.275577198e-21
9.275783668e-22
5.829747574e-21
4.335885852e-21
9.594679505e-21
2.678191473e-21
1.070127368e-20
2.959940261e-21
1.23276364e-20
1.999678523e-21
2.720553627e-21
1.78143184e-20
4.966214347e-21
4.845148262e-21
6.882315386e-21
9.407898419e-21
9.27382775e-21
2.274195667e-21
3.943703412e-21
5.596307592e-21
1.602982658e-20
1.130772102e-20
9.794603134e-21
9.168884047e-22
3.129226336e-22
3.361597175e-21
1.428477484e-20
5.604188729e-21
1.242496363e-21
4.457197598e-22
4.365357647e-21
1.055474573e-20
9.554592333e-21
6.103704117e-22
9.128841877e-22
9.882659454e-23
9.511650519e-22
2.504201413e-20
1.90847266e-21
2.849872744e-21
1.033764624e-20
7.27301055e-21
2.876220369e-21
1.138569381e-21
7.804890041e-22
2.437906619e-21
6.862883136e-21
7.27388467e-22
3.687003632e-21
1.261502143e-21
5.370080411e-21
3.009486605e-22
7.746552586e-22
3.415486669e-21
8.411713647e-22
1.124718595e-20
3.747639789e-21
1.128821349e-22
6.48079259e-21
8.285708089e-22
1.24513484e-21
2.683560762e-21
5.991281108e-22
6.887327351e-22
5.730699057e-22
7.891704869e-21
5.803628445e-22
1.946556918e-21
2.932973391e-21
2.09945901e-21
2.676319544e-21
3.317850166e-21
1.08018869e-22
2.17669939e-21
2.380479934e-21
1.938953708e-21
9.467318002e-21
1.392852739e-21
1.60084061e-21
6.915262745e-21
2.408921937e-21
2.905848685e-21
2.900604047e-21
3.06886259e-23
3.533318269e-21
1.233370606e-21
7.185826904e-21
4.113063229e-21
2.911861557e-23
1.248401312e-21
2.2172145e-21
2.478035794e-22
3.719629429e-21
1.21202214e-22
6.921551028e-21
6.432498884e-22
8.939831808e-22
1.252302833e-20
1.839846978e-21
1.36609659e-20
6.411153526e-21
4.097674045e-22
1.613752028e-21
2.375774968e-22
2.58597744e-21
3.481873549e-21
1.333487286e-21
2.631548688e-23
1.85118487e-20
3.486748758e-21
8.312386554e-21
2.237549145e-21
5.407704158e-21
9.725962293e-21
1.134644038e-20
1.190631883e-20
1.053253672e-20
3.120710533e-20
2.440297927e-20
4.431307697e-22
1.103808912e-20
2.784872347e-20
2.579990797e-21
3.829649703e-21
2.301957662e-21
7.574934689e-21
2.645885873e-21
5.361550664e-22
4.539852794e-21
1.597205771e-20
3.332615169e-21
1.744700836e-21
2.259196964e-20
2.461403319e-21
4.192118524e-21
1.681885724e-20
1.442472875e-21
1.521505109e-21
1.087492235e-21
1.283359833e-21
5.395249059e-21
1.126518024e-20
1.099660548e-21
1.574171725e-20
1.062677313e-20
1.917254168e-20
5.568511994e-21
1.608210328e-21
6.531018554e-21
7.175517464e-21
1.046114263e-20
1.406030647e-20
1.071126833e-21
2.091957736e-21
3.517041896e-21
3.599407975e-23
4.505236509e-22
2.708260824e-22
3.753840051e-21
1.018301423e-20
6.703712421e-21
3.409436762e-21
6.938102583e-21
2.832787308e-22
5.285682616e-21
8.268683793e-22
1.216255859e-20
1.552936126e-21
5.118950766e-21
1.203656527e-21
1.005125768e-20
9.840818099e-21
1.989736533e-21
3.705054046e-21
1.905589143e-21
4.702158619e-21
1.181114339e-21
5.763980222e-22
1.575450128e-21
2.159689832e-21
2.783565498e-21
1.416963533e-21
3.189444602e-21
3.135824877e-21
2.762525866e-21
1.827667957e-21
3.393547805e-21
5.262413342e-21
6.582717874e-22
8.964495029e-22
8.141881509e-22
1.102817895e-22
4.052977807e-21
3.858660162e-21
8.501533477e-21
2.221785505e-21
9.126977846e-21
1.13134185e-21
5.493816495e-22
5.449024954e-22
1.167200085e-21
1.454345802e-20
2.748165795e-21
2.760873915e-21
5.639249147e-21
4.19734695e-21
1.845710052e-21
1.759308884e-21
1.044145863e-20
1.232900563e-20
3.099624638e-21
1.528398253e-21
1.388397683e-21
1.452947549e-20
1.501505688e-20
5.786361534e-22
8.047251315e-22
7.229212827e-21
7.259699347e-21
6.686022266e-21
5.498088073e-21
3.702171433e-21
3.18423168e-21
5.546557178e-21
3.900896296e-21
4.648073522e-21
1.210583646e-21
1.728193992e-20
3.267691673e-22
7.852492022e-21
1.407680719e-21
1.259639441e-20
6.528900009e-21
1.329584717e-20
3.087071362e-20
9.286557428e-21
1.177068317e-20
1.031789186e-21
2.859605955e-21
1.179947242e-20
8.659716561e-21
8.444623408e-21
9.736626841e-21
1.743293888e-21
4.960460622e-21
2.707591489e-20
3.371364948e-21
1.270654277e-22
2.632890047e-22
5.337926767e-21
9.971905742e-22
9.753474642e-21
3.729841489e-21
4.83788826e-21
3.592699204e-22
5.272255736e-22
1.455827377e-21
4.752930145e-21
4.252346749e-21
4.375544381e-21
1.477428671e-20
8.841304967e-21
7.157146383e-22
2.557442632e-21
7.395244703e-21
5.227265447e-21
9.952059659e-21
3.528536936e-21
4.979176425e-21
1.990653624e-21
1.969811675e-20
8.066470567e-21
3.323094121e-21
8.844610109e-22
1.659745039e-21
7.233817319e-21
3.969502316e-21
3.938754257e-23
1.349627827e-21
2.242488174e-23
6.350137223e-21
9.304100088e-21
6.065577488e-22
3.634111641e-21
3.335920625e-21
3.984596171e-21
4.812309133e-21
2.583947135e-21
6.36749975e-22
4.812635838e-21
1.378154401e-22
3.207970831e-21
3.902669676e-21
9.36218091e-22
1.998577132e-21
1.980506007e-21
2.55538568e-21
1.041256469e-21
5.900089714e-21
1.140892245e-20
2.612880869e-21
9.581970154e-22
6.802991928e-21
1.733419186e-21
1.190160888e-21
5.994206604e-21
7.511070174e-21
3.764594439e-21
2.538538053e-21
4.948648378e-23
3.39924481e-21
4.975169507e-21
4.21440482e-21
9.343812216e-21
5.371170252e-23
2.750539684e-21
3.813073015e-21
2.524940992e-21
1.534297156e-21
1.844866992e-21
3.943141093e-21
5.795394613e-22
3.762759263e-22
4.677414484e-21
1.363614371e-21
7.020476984e-22
5.909556606e-22
8.946967267e-21
2.86182515e-21
1.607351876e-21
3.547860175e-21
1.528395177e-21
4.185361829e-21
2.58155005e-22
5.189422749e-22
9.616444379e-21
2.9124394e-21
1.579418936e-21
3.841146868e-21
1.580110941e-21
2.986520041e-21
1.881391508e-21
3.366802099e-22
1.490404277e-21
8.575869733e-23
3.05604182e-22
1.650555852e-21
4.856009908e-21
7.501846456e-21
1.16328237e-21
2.260912236e-21
3.795616541e-21
1.041564491e-20
3.670398334e-21
2.212380827e-21
1.298358119e-20
1.159710045e-21
6.657912472e-22
6.277554051e-21
2.431606861e-21
2.546839184e-21
9.33515106e-22
1.029517586e-21
1.494615283e-20
1.831537645e-20
2.250305247e-22
4.938983509e-21
2.501676599e-21
1.693110696e-21
2.604038233e-21
8.043851507e-21
1.789984131e-21
1.798890837e-21
1.627019419e-20
1.539060364e-21
2.757109951e-21
5.130390793e-21
2.106553073e-21
5.366537192e-21
1.146387043e-20
3.307990671e-21
5.160765606e-21
5.895378329e-21
1.017308489e-20
4.179344186e-21
1.414578785e-20
3.064083249e-22
2.491165087e-21
2.529113282e-21
2.307500252e-21
1.159069389e-21
8.5153944e-22
8.805849043e-21
1.44130636e-20
9.13548693e-21
5.97595811e-21
4.833410707e-21
8.103501516e-21
3.682165083e-21
2.562503358e-21
4.147837601e-21
3.376868746e-21
7.316765996e-21
1.214155677e-20
2.802785721e-21
1.081523422e-20
6.043014092e-21
9.950739677e-21
1.655904374e-22
8.166453987e-21
1.803615952e-21
1.336117468e-21
6.280205505e-21
3.498555927e-21
2.357640148e-20
5.515932303e-22
8.480598501e-21
1.02488333e-20
8.961611078e-22
6.9519645e-21
6.268215342e-22
9.546013417e-21
1.44079498e-21
9.083763305e-21
3.768451237e-21
5.120982795e-21
2.57245272e-21
2.341063277e-21
5.443504916e-21
6.366010359e-21
2.719170405e-21
3.659360962e-22
2.825007539e-21
6.019103574e-21
4.538535152e-21
2.49441872e-23
4.709960636e-21
2.755338495e-21
6.651904443e-23
3.112520764e-22
6.15464342e-21
7.737349955e-21
2.566799268e-21
2.874679894e-21
8.915166133e-22
9.697894666e-23
3.717826524e-21
1.731804033e-21
3.036533874e-21
1.309799825e-21
1.090917515e-21
5.744918505e-22
3.758675141e-21
4.896210034e-22
4.211648283e-21
8.252644363e-22
6.580679578e-21
9.549552536e-22
5.062829597e-21
9.740857336e-22
2.100234991e-21
3.588859753e-23
1.102889996e-20
6.638638876e-22
4.292713712e-21
1.737476842e-21
5.5555239e-21
2.356163337e-21
3.625608581e-21
3.450696986e-21
1.368578086e-21
2.217020996e-21
2.948091012e-21
2.496930538e-21
4.654488348e-21
4.678422542e-21
3.096025967e-21
1.895012396e-21
1.091407304e-21
2.917268003e-21
2.645991736e-21
9.367546927e-22
6.403630464e-22
1.268506412e-20
4.088239235e-21
1.746834813e-21
9.459327062e-21
6.350557225e-21
2.275107362e-20
1.765420612e-22
4.997582025e-22
2.918804493e-21
4.505845548e-21
6.300997935e-21
3.188486396e-21
1.269097031e-20
4.155651565e-21
9.344231961e-21
3.867336616e-20
3.434487708e-20
3.168947244e-21
7.794786222e-21
9.567903664e-21
2.418994739e-20
1.016130848e-20
2.948456176e-20
1.359695613e-20
5.435880209e-21
4.350076265e-20
4.673815715e-20
1.157783026e-20
7.055688603e-21
2.378159777e-20
4.584255986e-21
1.031709298e-21
3.195850332e-21
1.509974543e-21
1.281810989e-20
1.252783051e-21
1.21447616e-21
3.337249515e-22
1.294492465e-21
1.461711663e-21
1.24744735e-21
2.085760551e-21
3.192904316e-21
1.364018044e-21
3.867658749e-21
6.98129909e-21
5.664265712e-21
1.250265183e-21
1.921041789e-20
3.590376529e-21
4.321293303e-21
1.147925124e-20
1.357688771e-20
8.454944253e-21
2.890325356e-21
2.538213295e-21
7.770289078e-21
1.303791191e-21
1.282501184e-20
1.722475354e-21
1.196089859e-20
6.941590381e-21
1.249157384e-21
7.661168402e-21
3.102859248e-21
1.174744983e-20
4.969503494e-21
2.25984123e-21
2.01133308e-21
1.203107821e-21
2.325077539e-21
1.235561162e-20
8.58854145e-21
1.68116877e-21
4.458689934e-21
6.064983872e-21
3.489778848e-21
2.41244994e-21
5.89998664e-21
6.681864185e-21
1.489043432e-20
4.052142673e-21
5.053512952e-22
9.330574173e-22
2.155412027e-20
1.265201122e-21
6.593071199e-22
5.734532879e-21
1.076816906e-20
1.523326432e-22
1.027049929e-20
4.302685991e-22
7.281636393e-22
5.399311842e-23
3.274620983e-21
4.616552682e-22
1.291238108e-21
4.586685895e-22
4.782076359e-21
6.339650152e-22
9.791421424e-21
1.426628499e-20
3.823950474e-21
5.092847632e-21
8.15001474e-22
1.029011687e-20
2.243908847e-21
5.108435117e-21
9.489911672e-22
7.129277844e-22
1.053352862e-20
3.112037246e-21
2.556073533e-21
8.023025734e-21
4.611741224e-21
4.021414027e-21
3.043064794e-21
1.707174942e-21
2.096349327e-21
1.120854325e-21
1.86268503e-21
2.689259204e-21
2.880029054e-21
5.850221228e-22
7.60182659e-21
2.298314599e-21
8.168452119e-21
4.818493851e-21
9.780449603e-21
2.382625422e-22
8.487483118e-22
1.483056392e-21
1.392554538e-21
8.241981348e-21
4.588593471e-21
8.342790521e-21
2.939042745e-21
7.765249597e-21
7.003497048e-21
3.585795096e-21
2.86579486e-22
2.000565869e-20
2.71320361e-21
5.926080343e-21
1.492264338e-21
4.301197069e-21
4.046022043e-21
6.46614062e-22
2.185068147e-20
6.004760795e-21
5.381585934e-21
2.545775836e-20
1.450090354e-20
7.631653309e-21
3.255758876e-20
8.159377533e-21
1.473872364e-20
1.982928816e-21
1.777515175e-21
7.756684554e-21
2.584795416e-20
2.805543439e-21
1.132449306e-21
5.616634087e-21
7.878341447e-21
1.25126303e-20
1.081605168e-20
4.389537274e-21
2.284026726e-22
1.901888827e-20
2.346222363e-20
2.643345686e-21
2.914552445e-21
5.756614521e-21
8.590838886e-22
2.130218405e-21
1.345056793e-20
3.710001664e-21
9.958725733e-22
2.715910353e-21
2.744055962e-20
7.862569236e-21
7.72609164e-21
1.43506672e-20
1.341626279e-21
1.064078807e-21
7.179471063e-23
1.664056803e-20
5.210390026e-21
5.900900975e-21
1.319597182e-21
3.259253816e-21
2.004663806e-21
2.15659286e-20
5.526445961e-23
1.821052309e-22
4.220814924e-21
5.446978108e-21
2.968570685e-21
4.049814609e-21
4.12343577e-21
3.903113432e-22
2.096579997e-21
1.661270838e-20
3.718373625e-21
2.206338341e-20
4.365278728e-21
2.432385119e-21
6.354853322e-21
3.701692804e-21
5.206549585e-24
8.666076469e-21
5.183425687e-22
1.2749767e-21
4.630781133e-21
1.339695121e-22
6.237982866e-21
1.364742731e-22
2.339957991e-21
3.365140269e-21
7.129030104e-21
3.658438548e-21
2.458462954e-21
3.452282164e-21
2.208100176e-21
3.089090224e-22
7.783107517e-21
5.381741862e-22
3.833993174e-21
3.850659117e-21
1.059653296e-20
4.878161705e-21
3.719082865e-23
2.332436345e-21
1.971261957e-21
1.61044574e-21
3.089452259e-21
1.252182394e-21
6.82030142e-21
3.886728449e-21
2.509437567e-21
4.621237513e-21
2.190125902e-21
3.178944133e-21
1.910010219e-21
2.319696747e-21
5.110615037e-21
1.209864037e-21
6.785920032e-21
1.9746854e-21
5.374171908e-21
2.547558161e-21
1.415033993e-20
5.374391502e-21
2.050290146e-21
9.76543524e-23
3.117778562e-21
5.531050334e-21
3.277008271e-21
8.8306596e-21
3.807215754e-21
1.496441734e-21
5.957493844e-21
5.716479426e-21
1.576541476e-21
6.891850061e-21
6.529764854e-22
3.247661338e-21
1.259733357e-20
5.66773561e-22
2.053092134e-21
6.63014162e-21
1.531799589e-21
1.706991675e-21
3.087579682e-21
1.529097328e-21
1.343273183e-21
2.259192413e-22
4.076953999e-21
7.69274688e-22
7.812865253e-21
1.962094099e-21
3.01256923e-21
2.633458435e-21
1.794397513e-21
6.76043413e-22
4.758701962e-21
1.273794259e-20
4.796105202e-21
3.134179811e-21
1.645878056e-21
7.377343704e-21
)


// ************************************************************************* //
