/*--------------------------------*- C++ -*----------------------------------*\
| =========                 |                                                 |
| \\      /  F ield         | OpenFOAM: The Open Source CFD Toolbox           |
|  \\    /   O peration     | Version:  2406                                  |
|   \\  /    A nd           | Website:  www.openfoam.com                      |
|    \\/     M anipulation  |                                                 |
\*---------------------------------------------------------------------------*/
FoamFile
{
    version     2.0;
    format      ascii;
    arch        "LSB;label=32;scalar=64";
    class       volScalarField;
    location    "0.004";
    object      dsmcRhoN;
}
// * * * * * * * * * * * * * * * * * * * * * * * * * * * * * * * * * * * * * //

dimensions      [0 -3 0 0 0 0 0];

internalField   nonuniform List<scalar> 
546
(
24
25
28
29
24
16
28
21
26
27
18
27
21
25
29
24
26
32
18
25
23
23
17
29
19
18
21
16
6
18
24
21
28
19
29
23
24
22
24
20
27
29
29
19
26
22
19
27
19
14
17
22
17
19
13
20
19
22
15
15
22
25
27
34
26
29
29
25
21
20
19
19
21
21
26
16
35
14
15
27
10
13
19
28
19
13
17
17
16
7
23
18
24
27
23
20
24
28
27
19
18
24
25
17
19
29
18
18
12
25
28
15
19
24
15
12
14
16
16
10
19
22
22
16
17
24
12
17
20
24
22
21
24
18
25
17
22
19
23
25
13
14
13
21
16
17
14
13
16
15
20
16
24
25
19
14
15
23
13
19
18
17
13
27
26
17
24
28
17
14
13
18
26
18
25
13
21
18
11
17
19
20
21
20
18
15
17
14
13
14
21
19
22
27
29
19
20
14
20
18
21
22
20
19
20
14
16
15
22
11
13
11
15
20
15
15
17
20
17
24
25
20
26
26
22
22
23
23
20
9
13
25
21
22
19
9
19
6
12
13
13
15
19
20
21
11
22
21
21
13
17
19
23
30
8
14
33
23
22
18
18
15
20
20
25
16
18
21
16
13
16
16
14
14
23
24
16
21
23
13
30
16
23
15
23
20
20
16
27
20
16
15
21
15
20
18
28
21
12
14
13
14
12
11
19
15
26
13
19
16
16
13
23
28
20
17
21
22
24
24
24
11
18
19
18
18
21
12
23
12
10
8
9
14
8
15
16
10
21
18
17
14
23
14
20
20
20
23
20
19
16
23
14
21
16
15
20
8
18
14
10
15
8
11
13
16
13
10
11
16
11
12
18
14
21
28
14
15
26
19
12
18
14
25
18
16
19
18
12
20
5
7
5
11
10
6
9
13
14
16
14
18
20
16
13
22
19
10
21
25
22
19
28
19
26
19
24
11
21
17
11
8
7
14
14
6
10
11
15
19
13
13
15
16
11
26
23
16
19
15
14
16
17
25
14
21
21
20
13
18
11
13
12
12
14
12
8
9
13
8
17
8
8
2
14
13
23
15
18
12
15
11
13
6
21
17
12
11
20
10
9
10
7
2
7
12
10
9
9
10
13
8
16
5
14
9
15
17
26
22
12
24
18
20
8
9
15
13
10
11
7
5
15
9
7
18
14
13
16
12
12
9
12
9
6
10
14
9
9
11
9
6
9
14
18
10
8
11
9
11
4
10
7
6
8
9
)
;

boundaryField
{
    flow
    {
        type            zeroGradient;
    }
    obstacle
    {
        type            zeroGradient;
    }
    frontAndBack
    {
        type            empty;
    }
    procBoundary1to0
    {
        type            processor;
        value           nonuniform List<scalar> 
21
(
35
19
16
19
16
17
7
13
15
12
10
16
9
17
6
15
14
12
11
10
8
)
;
    }
    procBoundary1to3
    {
        type            processor;
        value           nonuniform List<scalar> 
36
(
23
20
19
17
23
13
17
18
20
16
20
20
14
6
13
12
10
17
10
4
18
10
14
7
6
12
11
7
9
12
8
8
4
8
11
6
)
;
    }
}


// ************************************************************************* //
