/*--------------------------------*- C++ -*----------------------------------*\
| =========                 |                                                 |
| \\      /  F ield         | OpenFOAM: The Open Source CFD Toolbox           |
|  \\    /   O peration     | Version:  2406                                  |
|   \\  /    A nd           | Website:  www.openfoam.com                      |
|    \\/     M anipulation  |                                                 |
\*---------------------------------------------------------------------------*/
FoamFile
{
    version     2.0;
    format      ascii;
    arch        "LSB;label=32;scalar=64";
    class       volScalarField;
    location    "0.012";
    object      dsmcRhoN;
}
// * * * * * * * * * * * * * * * * * * * * * * * * * * * * * * * * * * * * * //

dimensions      [0 -3 0 0 0 0 0];

internalField   nonuniform List<scalar> 
546
(
6
11
12
9
12
7
9
9
7
18
12
7
16
8
14
15
7
8
7
13
9
13
6
8
10
3
10
10
10
6
8
10
6
14
13
11
12
9
13
20
7
9
13
8
10
7
11
14
11
10
10
10
6
12
10
13
10
8
6
13
7
12
12
8
10
9
6
8
6
10
9
9
15
7
10
16
6
10
5
8
5
11
13
10
9
14
6
6
7
7
2
8
7
10
4
14
7
20
12
4
11
9
8
5
13
11
8
8
10
14
17
15
12
11
8
12
9
7
8
10
9
3
9
8
10
10
6
11
4
15
8
8
12
6
14
7
9
15
8
10
6
10
12
6
15
7
8
4
14
11
9
10
16
11
13
7
5
11
8
7
9
10
9
10
8
12
14
12
6
5
11
5
13
16
9
8
9
9
8
6
8
10
7
11
6
7
12
10
7
12
12
9
8
7
5
6
10
10
10
13
8
10
10
17
9
10
9
10
11
11
10
9
9
7
10
7
11
7
9
8
4
11
8
6
9
9
11
9
5
12
12
9
9
18
15
13
7
8
11
7
7
12
11
9
11
11
10
6
5
14
12
7
6
11
12
16
13
12
6
9
8
10
6
14
8
7
12
8
10
11
15
11
14
7
8
14
7
7
13
9
8
9
14
7
9
10
5
9
13
11
10
4
10
4
7
4
12
6
12
9
10
5
14
9
8
10
8
9
14
8
10
15
4
5
6
11
12
8
8
12
6
10
10
8
8
10
19
7
7
13
5
7
11
9
11
8
5
7
12
10
7
10
10
5
13
11
13
7
10
7
17
8
9
14
7
7
7
14
11
13
12
7
8
9
12
7
10
10
6
12
8
7
7
9
8
8
15
7
9
5
10
9
10
4
9
15
17
14
6
8
5
16
11
9
6
10
9
10
12
8
14
12
7
10
8
14
11
5
11
8
9
4
8
5
6
8
9
4
7
6
11
11
6
12
4
11
11
18
8
6
12
7
6
8
6
6
10
14
14
11
6
7
9
9
8
6
10
13
13
6
10
7
9
9
9
10
11
8
8
7
9
11
8
11
11
10
7
11
14
7
12
13
14
9
12
7
10
9
8
9
8
6
13
7
9
6
8
8
6
10
6
10
5
10
12
10
11
8
16
6
9
10
8
7
10
11
11
15
11
10
11
8
8
10
4
6
13
13
8
11
11
10
7
8
7
10
7
13
8
9
8
11
12
4
11
13
7
11
6
8
11
10
9
11
9
6
)
;

boundaryField
{
    flow
    {
        type            zeroGradient;
    }
    obstacle
    {
        type            zeroGradient;
    }
    frontAndBack
    {
        type            empty;
    }
    procBoundary2to0
    {
        type            processor;
        value           nonuniform List<scalar> 
31
(
8
8
5
11
16
10
6
10
7
8
12
7
5
6
13
6
15
8
9
6
11
7
7
13
9
13
16
9
9
9
9
)
;
    }
    procBoundary2to3
    {
        type            processor;
        value           nonuniform List<scalar> 
19
(
14
9
15
7
12
7
7
9
9
8
12
14
9
9
5
7
12
5
8
)
;
    }
}


// ************************************************************************* //
