/*--------------------------------*- C++ -*----------------------------------*\
| =========                 |                                                 |
| \\      /  F ield         | OpenFOAM: The Open Source CFD Toolbox           |
|  \\    /   O peration     | Version:  2406                                  |
|   \\  /    A nd           | Website:  www.openfoam.com                      |
|    \\/     M anipulation  |                                                 |
\*---------------------------------------------------------------------------*/
FoamFile
{
    version     2.0;
    format      ascii;
    arch        "LSB;label=32;scalar=64";
    class       volScalarField;
    location    "0.005";
    object      dsmcRhoN;
}
// * * * * * * * * * * * * * * * * * * * * * * * * * * * * * * * * * * * * * //

dimensions      [0 -3 0 0 0 0 0];

internalField   nonuniform List<scalar> 
654
(
12
16
21
15
26
17
13
12
8
14
16
19
16
20
11
13
18
6
14
15
17
11
22
15
8
12
11
14
18
12
26
14
21
8
5
8
8
6
10
11
9
10
11
13
13
17
13
8
12
12
12
17
14
20
13
13
12
5
9
5
8
8
10
8
10
8
8
7
15
8
22
10
10
12
12
11
13
19
14
15
15
17
13
16
6
12
6
7
8
9
9
8
6
12
4
8
10
22
10
8
11
4
14
9
12
10
8
21
15
15
16
21
18
21
7
7
10
10
11
6
12
9
8
6
9
8
4
9
10
9
8
12
15
14
14
15
16
6
10
15
12
16
11
15
10
9
16
8
11
8
4
8
10
10
6
9
11
7
10
4
11
6
10
5
6
10
10
16
10
25
26
14
14
16
8
10
6
7
5
5
10
4
9
9
9
5
7
11
10
8
4
7
12
10
10
5
7
7
12
18
15
16
12
10
12
7
9
8
8
4
9
9
6
3
14
11
9
14
10
7
6
9
6
8
15
5
11
13
21
10
15
14
13
18
5
9
12
11
6
10
12
5
6
12
11
6
5
3
4
9
7
9
2
10
7
12
7
12
11
12
13
11
11
10
9
9
12
8
10
8
3
8
5
15
11
7
6
10
7
7
10
10
6
6
6
8
7
6
10
9
9
16
11
13
10
14
7
13
15
5
15
5
8
7
3
9
10
14
4
11
7
10
10
8
11
7
9
12
9
13
8
8
6
14
12
8
12
11
12
11
6
10
10
6
9
11
9
11
14
7
9
11
12
10
6
5
5
11
10
11
11
10
3
9
10
12
7
8
4
19
8
21
6
6
7
11
14
10
9
10
10
11
13
4
3
8
11
9
7
10
5
4
6
7
8
15
7
12
8
6
11
7
6
10
8
7
9
15
5
3
11
9
15
9
9
5
3
5
15
12
8
5
8
13
15
1
11
9
7
11
11
10
9
11
2
14
5
6
9
5
8
12
8
9
9
8
9
5
6
5
11
8
9
8
7
13
10
10
16
12
5
6
10
7
15
8
8
6
11
10
10
7
7
9
12
12
4
7
7
5
9
10
10
6
13
9
8
11
7
11
11
5
5
7
9
8
7
7
7
12
8
4
5
7
8
12
9
9
12
8
8
6
15
6
12
4
8
13
3
8
11
9
9
4
9
9
9
5
6
7
8
8
1
12
8
11
5
10
8
16
5
6
8
10
14
8
10
6
10
7
12
11
7
6
6
5
11
15
10
11
6
8
8
5
6
8
9
6
11
12
4
8
6
8
6
6
10
11
10
11
8
10
6
5
7
9
8
5
7
11
5
8
7
8
11
6
12
5
6
7
9
4
6
8
9
5
8
9
8
7
11
4
4
11
5
14
6
8
8
3
9
12
6
4
7
5
5
9
6
7
11
5
11
8
12
7
6
9
7
12
6
9
9
10
5
11
6
9
6
5
7
8
5
9
9
6
6
8
4
6
7
10
5
8
)
;

boundaryField
{
    flow
    {
        type            zeroGradient;
    }
    obstacle
    {
        type            zeroGradient;
    }
    frontAndBack
    {
        type            empty;
    }
    procBoundary3to1
    {
        type            processor;
        value           nonuniform List<scalar> 
36
(
13
20
22
12
18
18
17
17
16
17
15
19
19
14
17
11
15
12
12
10
9
10
14
10
16
16
8
10
6
10
11
14
6
6
7
7
)
;
    }
    procBoundary3to2
    {
        type            processor;
        value           nonuniform List<scalar> 
19
(
10
8
11
6
13
7
7
2
14
14
5
11
6
9
8
7
9
9
8
)
;
    }
}


// ************************************************************************* //
