/*--------------------------------*- C++ -*----------------------------------*\
| =========                 |                                                 |
| \\      /  F ield         | OpenFOAM: The Open Source CFD Toolbox           |
|  \\    /   O peration     | Version:  2406                                  |
|   \\  /    A nd           | Website:  www.openfoam.com                      |
|    \\/     M anipulation  |                                                 |
\*---------------------------------------------------------------------------*/
FoamFile
{
    version     2.0;
    format      ascii;
    arch        "LSB;label=32;scalar=64";
    class       labelField;
    location    "0.003/lagrangian/dsmc";
    object      origId;
}
// * * * * * * * * * * * * * * * * * * * * * * * * * * * * * * * * * * * * * //


6146
(
120991
121931
121699
122877
123610
123160
123497
123602
123788
123808
123830
142648
123413
123052
124026
120388
122391
122665
123277
123432
123435
144506
141107
123711
122538
122712
122868
123286
123402
123775
123798
144518
124122
124511
145126
123714
124233
124398
145438
129820
143611
123136
123267
124034
124444
124467
124943
125038
126915
123535
123630
123897
124329
124911
125086
125154
125173
146154
123768
124348
125184
145855
125981
145024
129109
138084
144210
123364
123688
123709
123773
123776
123865
123979
124257
124314
124333
124340
124568
144718
125079
125446
143074
145110
145849
122674
123107
124133
124399
124404
124563
124800
124832
124945
125790
126469
137693
123297
124024
124313
124471
124504
124518
124688
123529
123567
123728
124248
124306
124601
144927
124650
124672
124909
124913
125019
125023
125298
125320
125397
125505
125773
129460
142881
123702
123971
123988
124041
124151
124152
124240
124256
124482
124505
124661
124764
124813
124840
124948
125118
125259
125712
125778
145954
125810
126210
146768
127185
144400
145035
123731
124002
124370
124501
124567
124622
124761
124763
124827
124977
125002
125011
145753
125131
125162
125194
125197
125266
125504
125571
125637
125827
125854
126828
146449
145138
146242
125158
144486
123096
123570
123799
124020
124047
124145
124327
124748
124762
124811
125117
125289
125355
125466
125474
125482
125506
125618
123078
146860
144623
145031
145936
146051
122290
124132
124464
124484
124526
124543
124600
124693
124740
124834
124850
124925
124975
125112
125211
125263
125353
125479
125535
125564
125657
125725
125860
125923
145116
146059
127967
130084
124023
145442
144621
144929
124255
124480
124523
124525
124530
124712
124868
124873
125121
125145
125156
125251
125347
125572
125584
125819
145034
126165
126218
145659
124301
18097
139141
145036
124171
124325
124373
124789
124843
124848
125022
125045
125047
125115
125230
125280
125317
125367
125378
125380
125459
125476
125477
125484
125563
125628
125769
125877
125915
125920
126105
146064
145240
126349
147188
128230
128595
146671
128678
146756
130256
125343
147387
124215
123456
124259
124485
124675
124950
125004
125027
125279
125411
125441
125442
125497
125560
125621
125664
125672
125731
125736
125979
125988
126129
126169
146878
126232
126413
126521
126617
126949
147485
146870
127874
129021
141300
123935
124190
124428
124570
124584
124604
124670
124702
124867
125053
125107
125132
125163
125269
125308
125390
125394
125458
125521
146465
125639
125666
125667
125679
125737
125747
125753
125851
125904
125906
125914
125961
126019
126320
126392
147489
146043
127964
129458
147977
145939
143790
143781
144417
125360
123964
124393
124448
124577
124616
124677
124734
124796
124855
145241
124920
124942
125015
125140
125189
125202
125205
125206
125258
125282
125322
146367
125523
125566
125574
125651
125717
125733
125751
125823
125887
125907
125912
125925
125975
125986
126241
126508
125714
147088
18144
18145
123301
124576
124619
124750
124836
125247
125276
125312
125401
125471
125485
125525
125542
125545
125623
125741
125814
125815
125839
125842
125850
125884
125951
126060
126078
126095
126164
126188
144015
126248
126255
126305
126332
126360
126363
126398
127620
146982
128316
146853
130509
124411
124621
124776
124795
124857
124953
124973
125016
125142
125185
125217
125226
125274
125365
125379
125398
125453
125464
125518
125613
125674
125724
125742
125758
125837
125928
125945
125982
125992
126022
126034
126061
126064
126146
126156
126157
126170
126175
126270
126278
126302
126321
126368
126417
126503
126526
126715
128318
148516
125001
126048
147567
131319
123692
123942
124080
124612
124615
124710
124916
125046
125087
125116
125167
125187
125203
125315
125323
125341
125524
125554
125555
125636
125654
125659
125756
125776
125805
125813
125817
125831
125845
125894
125913
125916
125999
126000
126006
126102
126185
126306
126394
126428
126544
126616
126900
125340
128135
128226
130083
130423
145415
131403
18160
143643
146554
124519
124757
124826
124937
124944
124963
125284
125288
125311
125384
125481
125617
125619
125718
125775
125777
125811
125829
125836
125844
125862
125932
125934
126002
126155
126158
126208
126262
126303
126435
126481
126555
126599
126604
126610
126684
127273
148203
126215
126482
129369
130168
130255
130422
147280
131139
124910
143135
142871
147291
124181
124459
124470
125362
125391
125445
125450
125462
125546
125567
125569
125633
125649
125732
125754
125760
125824
125892
125930
125993
126010
126011
126013
126079
126081
126089
126107
126250
126288
126304
126396
126425
126498
126502
126512
126516
126576
126645
126701
126727
127064
147594
127782
148204
129019
129368
146341
130508
131138
131318
131660
145547
147475
124652
124736
125114
125297
125344
125406
125451
125611
125650
125676
125678
125709
125727
125748
125761
125762
125838
125908
125926
125969
125970
125977
125994
126049
126055
126065
126077
126111
126126
126148
126162
126173
126186
126187
126276
126289
126329
126350
126364
126412
126414
126430
126448
126573
126593
126594
126609
126642
126667
126682
126688
126783
126786
126803
126824
126850
126907
126940
126944
127037
127045
127059
127093
127431
127526
18178
139540
141495
144090
138302
125159
125443
147952
126744
126308
123790
124466
124755
124955
125096
125293
125372
125383
125553
125670
125723
125739
125749
125764
125765
125774
146769
125858
125890
125990
125995
126033
126062
126066
126071
126093
126110
126124
126136
126171
126190
126202
145745
126256
126277
126294
126352
126376
126405
126406
126416
126463
126547
126595
126626
126687
126713
126790
126845
126988
127056
127180
147082
127395
127424
127625
127638
148308
128049
128408
128592
147897
129902
146559
130767
147786
147287
147374
147881
131659
18185
143777
143654
146142
145543
122629
124696
125102
125219
125273
125277
125447
125483
125526
125551
125556
125559
125570
125809
125897
125937
125964
126001
126005
126080
126083
126113
126119
126142
126154
126244
126254
126267
126268
126309
126326
126399
126407
126464
126487
126490
126491
126559
126579
126591
126677
126733
126761
126768
126809
126881
126886
126888
126967
127115
127118
127141
127324
147987
127894
147683
128766
129721
129901
147396
147289
146654
131316
121853
142581
146241
147178
125513
147989
124066
124694
125246
125346
125358
125369
125393
125404
125538
125552
125687
125728
125796
125828
125834
125873
125905
125921
125924
125929
125984
126056
126097
126100
126117
126177
126203
146460
126242
126260
126282
126318
126374
126423
146977
126501
126510
126522
126557
126578
126601
126622
126729
126762
126766
126771
126797
126838
126874
126879
126882
127031
127140
127154
127315
127320
127362
127483
127523
127524
128134
147491
146874
132005
18206
142159
145623
124140
124620
124659
125191
125313
125356
125565
125624
125640
125730
125768
125822
125936
125938
125939
126027
126085
126114
126144
126193
126197
126307
126313
126353
126361
126387
126391
126422
126438
126439
126441
126537
126584
126592
126602
126621
126623
126636
126680
126706
126796
126842
126858
126889
126899
126964
126966
126984
127079
127142
127153
127159
127249
127298
127408
127429
127565
127739
127872
128317
146875
147064
125431
131044
147972
131658
144178
146158
146849
147884
125350
124870
125283
125665
125967
125968
125997
126069
126088
126143
126160
126182
126183
126234
126237
126249
126258
126323
126335
126338
126375
126415
126426
126451
126453
126520
126541
126598
126611
126618
126675
126678
126693
126703
126763
126764
126772
126804
126811
126815
126846
126864
126901
126943
126970
126992
127123
127162
127163
127323
127344
127352
127367
127474
127562
127658
127961
127963
127977
128133
129200
129367
129544
148713
129993
147052
147580
149329
131919
145087
18217
145342
146359
124747
125182
125208
125351
125377
125630
125661
125715
125726
125832
125881
125941
126098
126099
126101
126104
126118
126141
126145
126189
126328
126330
126400
126436
126443
126488
126514
126529
126580
126664
126665
126699
126720
126746
126787
126872
126883
126898
126925
126946
126952
126954
126980
127029
127102
127107
127110
127116
127120
127193
127199
127205
127238
127253
127287
127291
127326
146458
127566
127571
148726
128036
146561
149431
128765
147482
147789
136258
129992
147053
130956
148398
131135
131918
132365
18230
18232
18236
18237
143918
143383
149709
123265
125095
125171
125364
125374
125528
125662
125826
125882
125947
125972
126003
126050
126181
126199
126224
126235
126264
126265
126281
126311
126340
126357
126434
126452
126523
126525
126533
126561
126586
126607
126700
126754
126755
126785
126788
126801
126805
126866
126868
126870
126878
126880
127001
127063
127119
127213
127259
127271
127353
147796
127364
127388
127413
147581
127480
127496
127547
127634
127698
148304
128406
128407
129456
127024
125875
147784
147378
148804
132266
18253
143813
143948
126390
147075
148099
125012
125271
125339
125794
125879
125987
126109
126161
126220
126238
126246
126273
126355
126403
126418
126449
126499
126505
126513
126539
126572
126597
126612
126620
126679
126691
126697
126753
126784
126810
126955
126974
126993
127003
127015
127041
127061
127071
127091
127202
127218
127222
127234
127257
127300
127327
127589
127624
127635
127656
127657
127663
127675
127760
127805
127850
127853
127927
128593
147078
149031
131043
131136
147290
148800
127711
146842
132267
132544
148794
137905
143867
124613
125081
125354
125580
125641
125681
125902
125918
126009
126074
126261
126316
126324
126359
126401
126408
126427
126494
126511
126532
126546
126583
126627
126681
126694
126696
126712
126716
126717
126722
126782
126863
126871
126948
126951
126957
126959
126962
126972
127057
127129
127143
127144
127227
127235
127250
127254
127343
127386
127393
127422
127471
127514
127520
127555
127556
127578
127596
148309
127647
127676
127715
127751
127843
127844
128675
126053
147692
130864
131134
148198
148613
131917
18269
18270
18271
18272
143685
143720
125971
143191
145147
146461
146865
146856
126671
125533
125652
125909
125978
126052
126283
126397
126506
126534
126585
126603
126661
126686
126690
126709
126769
126780
126793
126836
126930
126953
127039
127065
127085
127146
127147
127148
127152
127210
127215
127219
127239
127288
127305
127325
127335
127346
127357
127363
127390
127427
127484
127510
127608
127779
127859
128013
128063
128129
128170
128276
128499
128676
128727
129633
148915
149733
130765
18282
140389
141539
142546
142865
145230
124131
147578
125224
125252
125440
125806
126128
126315
126344
126356
126420
126442
126483
126536
147394
126596
126752
126795
126852
126855
126891
126894
126960
126963
126985
127033
127036
127042
127048
127080
127121
127203
127204
127216
127248
127263
127272
127294
127366
127423
127462
127479
127569
127582
127685
127740
127749
127757
127773
127810
127926
127933
127945
128114
128204
147685
126478
130343
131571
126841
132457
125791
18292
141447
146751
146868
145430
127538
147484
125388
125863
126015
126096
126227
126257
126317
126334
126582
126632
126695
126704
126710
126750
126760
126789
126806
126813
126848
126849
126854
126933
126975
126976
127047
127092
127125
127135
127164
127221
127229
127243
127336
127361
127379
127385
127455
127491
127544
127579
127592
127614
127630
127641
127671
127697
127743
127813
127821
127897
127991
128126
128185
128356
128371
128518
128551
148810
148809
131915
131916
148911
132265
132724
18296
145715
147275
148513
127893
125833
126176
126228
126366
126402
126432
126460
126486
126619
126702
126767
126794
126851
126877
126936
126942
126958
126961
126981
126987
126989
127054
127058
127060
127062
127083
127145
127157
127197
127198
127209
127228
127321
127354
127407
127428
127481
127494
127515
127558
127574
127577
127599
127652
127670
127688
127792
127822
127833
127839
127895
127905
127981
128037
128140
128162
128169
128183
128264
128878
129014
129280
129364
129455
147969
149020
147165
132624
132723
149030
18302
18303
18304
18305
18306
18307
123839
144705
145835
124021
147284
147669
127301
125816
125985
126087
126153
126163
126168
126205
126325
126336
126411
126444
126507
126515
126538
126628
126759
126862
126979
126982
126983
126986
127050
127082
127124
127232
127244
148306
127332
147286
127382
127401
127421
127563
127583
127639
127659
127668
127718
127754
127766
127808
127812
127855
127917
127935
127976
128012
128031
128263
149945
128589
128615
128642
128692
128739
129017
148202
129632
129989
127636
131749
147388
148389
132364
18314
18315
133595
145115
145721
146056
125008
146363
147772
125005
123694
124687
124192
124743
125635
126201
126229
126271
126367
126540
126553
126600
126613
126637
126689
126692
126708
126714
126751
126757
126778
126860
126973
127046
127112
127233
127381
127447
127516
127548
127613
127645
127661
127666
127742
127745
127769
148102
149033
127809
127816
127834
127907
149327
127986
128004
128084
128168
128196
128246
128251
128301
128460
128482
128514
128544
128636
147385
148808
130081
150142
127543
130684
131041
149516
126660
132362
133063
143684
145640
147186
146866
125077
125136
125942
126198
126424
126504
126542
126589
126670
126673
126775
126799
126802
126808
126971
127051
127055
127068
127122
127127
127151
127176
127236
127333
127334
127339
127342
127365
127371
127404
127467
127477
127499
127506
127568
127570
127604
148930
127729
127736
127744
127759
127775
127841
127846
127918
127923
127932
127979
127996
128027
128096
128099
128146
128177
128266
128278
128281
128287
128382
128584
128690
150050
129414
149736
149134
147377
130766
149717
131488
131570
149821
131828
149029
149395
132264
132543
146133
122366
146132
146121
125631
124814
123183
147962
146967
126103
126139
126419
126461
126685
126698
126779
126844
126887
126896
127032
127049
127078
127128
127132
127137
127165
127196
148100
127302
127317
127318
127376
127389
127403
127410
127420
127458
127513
127550
127573
127600
127610
148518
127674
127677
127696
127746
127758
127767
127825
127835
127847
127924
127934
127952
128030
128060
128078
128082
128089
128094
128115
128163
128172
128191
128222
128239
128311
128351
128467
128552
128826
128831
130421
131315
148180
148818
149428
147785
132542
149131
133153
18330
18331
18333
142958
123945
137291
125798
145338
146041
146832
148405
123863
122277
150354
124904
126008
126051
126606
126705
126937
126977
126978
127017
127035
127081
127114
127225
127251
127306
127319
127330
127396
127397
127415
127461
127468
127508
127536
127560
127632
127731
127764
127765
127771
127826
127836
127913
127937
127947
128000
128017
128034
128091
128095
128132
128198
128255
128283
128331
128336
128364
128401
128612
128619
128648
128820
128896
128935
128994
129013
129045
129717
129718
150359
148717
130505
132178
132722
132802
18339
18341
140044
145308
144500
144696
122635
146354
147488
148812
125240
144598
148512
125803
125980
126166
126251
126625
126659
126859
126869
127111
127169
127224
127241
127245
127252
127310
127311
127405
127419
127452
127511
127559
127561
127576
127642
127654
127667
127686
127706
127756
127772
127823
127842
127856
127890
127939
127943
127946
128070
128076
128081
128121
128150
128151
128188
128189
128265
128289
128304
128349
128429
128435
128450
128574
128696
128781
128807
149734
128889
128944
148205
129991
128141
130342
133503
18350
18351
18352
18353
18354
144063
144398
143607
123590
146248
145429
146862
149132
126358
126519
126885
126950
127044
127117
127217
127246
127295
127328
127489
127507
127545
127553
127593
127602
127644
127669
127673
127714
127741
127799
127854
127901
127941
127988
127993
128074
128117
128155
128180
128215
128245
128339
128341
128353
128484
128517
128523
128548
128706
128709
128735
128756
128863
128942
129000
129105
127539
129411
129683
129810
149125
148721
130164
150049
127789
149319
132083
127640
133404
18360
18362
141367
122813
142320
143378
143013
143182
145118
144424
145539
145842
144901
124999
148092
126180
126319
126571
126770
126853
127113
127207
127240
127282
127329
127338
127487
127498
127505
127554
127581
127585
127606
127609
127628
127643
127684
127721
127824
127827
127840
127848
127903
127931
127944
128002
128011
128040
128105
128199
128314
128327
128343
128350
128381
128389
128449
128463
128480
128495
128511
128539
128697
128757
128777
128880
128993
129038
129543
129631
131914
147971
127973
132721
127899
18367
18368
18369
18370
18373
18374
18376
141596
141908
121678
143992
145123
124042
146980
124682
143995
145726
145742
146139
143305
126657
127314
127724
126299
128247
123341
125575
126253
126437
126798
126812
126876
127052
127136
127231
127237
127265
127373
127406
127572
127594
127597
127725
127733
127829
127838
127857
127902
127904
127909
127910
127911
127919
127920
127959
127974
127987
128015
128023
128075
128104
128122
128166
128179
128249
128258
128271
128282
128297
128299
128306
128357
128360
128437
128461
128469
128473
128496
128588
128643
128699
128704
128832
128873
128928
129031
129116
129128
129154
129176
150363
150252
130764
131225
131400
131747
132004
132263
148616
127016
132719
133238
18381
18382
18383
142450
144526
143741
143836
144471
145926
144081
143972
146453
147076
126663
147483
150053
145134
149128
149621
149925
125181
126875
126884
126965
127030
127398
127399
127417
127469
127490
127542
127648
127679
127681
127683
127734
127735
127791
127806
127815
127972
127985
128009
128021
128087
128106
128116
128119
128153
128181
128242
128268
128279
128288
148617
128335
128362
128398
128540
128549
128562
128569
128628
128630
128635
128640
128740
128779
128810
128849
128975
128991
129252
129542
149325
149525
150556
131223
131401
132454
148391
133502
18391
18393
18394
18395
18397
18398
141912
144183
123584
145649
125614
126327
123681
147883
125160
150125
148291
150219
143494
126742
126856
126926
127303
127322
127409
127446
127492
127586
127655
127695
127712
127770
127776
127804
127948
128016
128033
128073
128085
128086
128147
128161
128208
128269
128298
128359
128376
128430
128438
128458
128477
128492
128535
128536
128553
128590
128625
128655
128667
128712
128721
128745
128751
128787
128823
128875
129157
129236
129253
129425
129453
129628
129630
129668
149225
150660
130954
127800
149513
132455
147764
147898
18408
18409
18410
143546
143693
144297
145225
145451
145193
124998
147949
147691
149934
150629
125903
126756
126857
127027
127126
148725
127567
127575
127591
127607
127653
127662
127803
127831
127845
127889
127906
127928
127936
127953
127997
128066
128067
128088
128145
128156
128158
128178
128195
128236
128326
128345
128348
128366
128372
128375
128385
128387
128390
128403
128441
128442
128452
128479
128556
128564
128587
128603
128644
128646
128649
128713
128742
128746
128770
128884
128899
128905
129042
129066
129088
129198
129233
129250
129278
129288
129403
129512
129691
129791
149108
130594
131224
149202
149700
133849
18414
18415
18416
18417
143361
145311
145957
148056
147084
142889
147185
126310
126774
126791
126873
127070
127139
127150
127312
127402
127463
127486
127495
127678
127680
127722
127763
127790
127797
127828
127830
127912
127930
127992
128008
128024
128025
128142
128148
128174
128205
128212
128262
128291
128330
128388
128434
128448
149130
128506
128533
128542
128629
128632
128669
149946
128695
128723
128730
128736
128737
128744
128760
128798
128811
128828
128839
128879
128900
128919
128936
128957
128995
129044
129047
129073
129079
129136
129320
129469
129590
149519
130273
150042
150035
131130
149322
151679
150358
132718
149729
149929
149943
133848
134035
18421
18423
18425
18426
132576
122543
143585
143970
145499
146236
146558
123255
147043
144020
146545
146396
144779
148806
150132
127201
148096
128601
125098
126497
126995
127066
127069
127134
127391
127394
127476
127551
127587
127649
127719
127730
127737
127747
127802
127807
127820
127896
127990
128003
128019
128020
128069
128090
128124
128157
128207
128252
128260
128261
128274
128346
128445
128454
128464
128465
128485
128487
128521
128538
128546
128577
128621
128622
128626
128651
128654
128772
128803
128815
128816
128836
128911
128922
128962
128964
128967
128969
128976
129084
129180
129182
129186
129228
129309
129358
129438
129502
129615
129626
129665
129690
130860
131132
151053
150228
150355
132357
133403
150832
18432
18433
18434
18435
122801
142540
144061
144690
145120
124216
146140
146057
146652
147678
127292
148399
126070
149016
125254
126776
127149
127370
127387
127416
127465
127504
127660
127801
127814
127922
128007
128046
128077
128164
128171
128173
128182
128186
128210
128218
128275
128308
128352
128367
128374
128377
128391
128462
128478
128527
128578
128582
128608
128616
128638
128687
128710
128722
128733
128734
128754
128813
128822
128861
128890
128921
128947
128959
128968
128981
129010
129012
129067
129075
129099
129217
129226
150249
129345
129535
150137
129660
130253
130762
131040
150557
131313
150541
131913
132080
132453
149932
150250
150239
145948
18442
18443
142219
143281
143444
144112
145682
145413
144683
146752
146944
146656
145223
147888
145959
122892
125638
126322
126531
126707
127038
127453
127466
127470
127485
127728
127738
127748
127921
127983
127999
128010
128014
128098
128184
128225
128241
128254
128277
128303
128344
128368
128443
128513
128526
128529
128560
128566
128620
128623
128637
128650
128665
128666
128717
128776
128782
128804
128818
128829
128864
129065
129072
129082
129131
129178
150560
129235
129297
129322
129339
129346
129356
129402
129406
129468
129500
129585
129675
129775
129848
129853
151689
129931
130161
130165
150654
147899
128504
132082
132261
129124
150537
133237
133501
18446
18447
18448
18450
138193
140764
144607
123959
145417
144207
145662
144818
124993
146876
147267
146334
146973
148363
143703
127296
149022
126314
127384
149306
146231
125973
149425
149922
150041
127034
127261
127308
127374
127464
127651
127761
127817
127925
128120
148821
128187
128214
128220
128363
128378
128446
128457
128512
128519
128524
128547
128554
128559
128563
128567
128606
128633
128694
128711
128719
128728
128731
128764
128800
128833
128907
128948
128960
128979
129059
129083
129133
129167
129173
129209
129245
129246
129287
129290
129316
129393
129407
129523
129582
129603
129779
129790
129932
130191
150957
150561
131569
150743
150044
133060
149941
133500
150954
149814
134034
18453
18454
18455
18456
18459
142547
138188
141695
144791
144558
144616
146757
146976
121666
144412
148894
149631
126662
148925
124996
150644
150859
127584
127590
127989
128068
128092
128154
128175
128194
128293
128369
128370
128384
128424
128472
128475
128505
128528
128545
128659
128691
128698
128701
128707
128714
128726
128778
128785
128799
128806
128819
128827
128877
128902
149627
128952
128984
128987
129006
129092
150562
129132
129138
129141
129158
129165
129175
129190
129231
129232
129239
129319
129343
129417
129420
129435
129440
129445
129475
129494
129499
129507
129517
129604
129611
129693
129702
129752
129755
129798
129811
129858
129870
129971
129978
150248
130132
130683
150943
132177
132358
148817
151264
147845
134033
134205
18464
18465
18466
18467
18468
133805
122744
124388
145908
146039
147439
146658
145729
148621
125157
127449
148811
125705
125721
127247
127482
127488
127672
127768
127818
127849
127929
127994
128028
128062
128100
128193
128273
128280
128347
128426
128447
128455
150051
128617
128718
128808
128837
128838
128874
128888
128908
128910
128917
128920
128949
128983
128988
129034
129090
129166
129189
129227
129229
129303
129333
129354
129415
129482
129484
129568
129622
129696
129716
129759
129764
129773
129856
129935
130103
130126
130863
131222
151269
131568
129029
131826
132801
150944
134032
18474
141721
142747
140961
145000
145433
144653
123767
144358
145925
145765
146213
145335
146336
144284
145941
144655
124833
125261
147647
147474
125031
126939
148196
150648
150232
124819
128244
127475
127605
128005
128294
128302
128337
128338
128342
128361
128365
128489
128510
128530
128537
128543
128558
128580
128600
128653
128708
128724
128725
128795
128796
128801
128812
128844
129061
129063
129159
129214
129241
129276
129307
129321
129334
129467
129481
129488
151169
129579
129605
129642
129647
129684
129784
129833
129834
129855
129864
129883
129920
129964
130013
130130
130333
130955
151172
132176
132623
149917
133061
133150
150460
133499
150233
150848
18477
18478
138724
141928
143686
144384
142296
142593
144599
146420
146735
146205
146234
145932
146260
146440
147481
146663
147561
147087
147794
124566
148287
148980
147176
149524
146350
144910
149608
125808
127226
148608
129119
128855
146360
148486
127478
127603
127995
128152
128190
128197
128305
128444
128453
128459
128516
128585
128605
128611
128647
128657
128720
128817
128858
128898
128929
128955
128963
128965
128980
128982
129048
129052
129054
129056
129064
129069
129074
129080
129149
129162
129248
129261
129265
129296
129336
129383
129409
129413
129479
129501
129511
129526
129596
129652
129661
129710
129765
129777
129867
129885
129928
129969
129973
130027
151372
130838
150767
150360
132717
149105
151886
133944
134031
134204
134644
150838
18483
18484
18486
18487
18488
18489
18490
136859
141765
136146
123670
145242
143340
145103
145504
145883
144896
145719
145821
123587
146762
148195
149218
148384
147797
126588
126485
124130
143604
129030
128775
127473
127750
127819
149230
127998
128079
128123
128211
128238
128295
128354
128476
128550
128604
128639
128716
128791
128869
128892
128912
128916
128941
128997
129050
129068
129070
129121
129123
129150
129206
129222
129230
129237
129238
129349
129405
129480
129566
129570
129653
129669
129674
129745
129839
129860
129863
130010
130067
130092
130104
130105
130114
130457
130475
130504
130856
149521
150551
129112
131745
149135
132262
151042
133151
133497
149607
130602
134296
134900
146834
18495
18496
18497
18498
18499
18501
18502
18504
18506
137823
136474
141078
141488
141817
145018
145544
144012
145728
145284
145545
144809
146113
146858
125804
147039
146366
145725
146627
125609
147252
147380
146972
147177
147586
148919
148037
147269
148922
149716
149931
128428
148913
148898
126861
150227
129389
125257
127131
127313
148927
127851
128102
128167
128200
128292
128358
128379
128456
128534
128614
128624
128634
128894
128901
128918
128970
128974
128977
128989
129001
129094
129096
129120
129143
129145
129152
129183
129202
129221
129251
129347
129348
129378
129443
129446
129498
129509
129510
129518
129519
129563
129591
129609
129616
129621
129707
129729
129756
129763
129786
129809
129838
129840
129888
129889
129893
129919
129933
129952
129955
129958
129974
130062
130094
130210
130398
130591
130795
150238
131487
151987
132003
133588
127726
151037
134643
18511
18512
18513
18514
140646
139012
142751
142731
142212
123511
145379
145343
144391
146045
146665
146447
146846
145552
147288
148183
126147
148098
146971
125792
148415
130173
126138
127687
127762
127863
128029
128071
128201
128286
128466
128705
128762
128841
128867
128872
128883
128893
128913
128934
128990
129095
129115
129151
129155
129164
129187
129197
129240
129305
129318
129332
129353
129386
129416
129423
129436
129444
129503
129521
129522
129549
129556
129592
129625
129712
129746
129788
129795
129946
129954
130040
130068
130160
151690
130455
130492
151470
151790
131261
151275
131825
132078
151464
150552
128945
129298
152184
18515
18516
18517
18518
18519
135660
141766
144364
142680
144905
145313
146147
146022
147679
125960
147175
148916
149011
126765
127887
124071
126312
146053
146251
148074
128440
126091
127155
127580
127664
127982
128018
128176
128373
128541
128788
128821
128881
128992
129046
129103
129137
129148
129234
129255
129258
129304
129335
129338
129352
129450
129486
129496
129506
129558
129595
129597
129613
129619
129650
129747
129837
129844
129852
129873
129960
130016
130024
130125
130151
130224
130396
130434
130481
130502
130538
130746
130760
150139
152091
133846
149623
134118
134642
134899
18526
18527
18528
18529
18530
18531
18532
18533
18535
139107
140398
143978
140047
144071
144680
144040
145322
145724
123978
146981
145845
125435
126385
126230
147690
127014
148505
127285
147473
125007
126945
148402
128001
128044
128109
128256
128284
128641
128786
128797
128906
128978
129033
129086
129134
129160
129168
129172
129216
129244
129267
129272
129314
129325
129329
129344
129388
129395
129418
129430
129483
129489
129493
129495
129515
129516
129575
129581
129651
129708
129713
129743
129751
129789
129850
129862
129865
129869
129877
129881
129887
129915
129937
129962
130028
130029
130039
130064
130110
130135
130187
130209
130250
130329
130349
130356
130385
130392
129114
130802
150349
132260
150841
152097
133758
134119
134464
18539
18540
18541
18542
18543
18544
18545
18546
18547
18548
18549
134105
133005
142561
143468
141386
141361
144285
144739
146353
146438
124036
145319
145524
148390
146758
148209
148401
150836
149321
149421
149118
147468
151883
148598
126245
128555
128609
128732
128783
128802
128809
129003
129043
129057
129087
129097
129242
129243
129257
129260
129269
129275
129337
129342
129421
129427
129497
129528
149944
129562
129578
129599
129655
129663
129676
129697
129699
129714
129730
129750
129793
129832
129868
129884
129886
129911
129921
129988
129999
130025
130070
130099
130137
130142
130305
130324
130341
130360
130403
130459
130518
130533
130593
130759
151786
130907
131010
150659
150956
130093
152198
133759
151983
152292
129300
135352
18553
18554
18555
18557
18558
18559
133376
141005
145521
143785
144399
122268
144656
125801
146760
148910
123507
146567
148714
148999
150108
127549
146763
128248
150542
151472
128773
129826
127727
128515
128662
128749
128792
128846
128972
129007
129058
129102
129177
129254
129310
129385
129390
129399
129404
129412
129478
129487
129491
129492
129514
129520
129524
129530
129577
129580
129598
129606
150765
129678
129687
129692
129706
129797
129880
129949
130005
130023
130030
130046
130097
130133
130185
130205
130216
130231
130276
130345
130378
130386
130408
130541
130550
130619
130627
130682
130705
130849
152090
130977
131124
131129
131268
151676
132354
151981
130442
151360
133941
151663
151673
135353
149625
147551
128598
18562
18563
124921
128276
136698
138528
143228
144975
145428
144077
145100
125622
147042
142721
146637
147487
147574
146456
123009
147589
127546
148590
127793
150858
148289
144218
124386
127286
142077
124648
145950
125653
151266
152196
146441
128022
128101
128522
128631
128857
128882
128915
128932
128956
129085
129140
129268
129289
129313
129324
129396
129471
129505
129572
129576
129583
129601
129614
129646
129682
129698
129738
129749
129768
129842
129846
129866
129930
129959
129980
130002
130019
130037
130058
130065
130072
130141
130186
130188
130232
130278
130294
130307
130554
130559
130560
130565
130617
130645
130828
152297
130906
131051
131159
152194
130091
132259
151772
133235
149318
151158
134556
151976
18567
18568
18569
18570
18571
135599
139341
144222
138111
142629
142720
144980
144694
143126
124912
144920
145022
144709
124136
126150
146463
146643
146947
147214
146156
147181
147644
148587
147383
125357
146534
148159
125976
147086
127211
127206
128056
126683
124558
148499
128860
139412
122359
129822
148814
128203
128243
128570
128741
128784
128842
128909
128926
128943
128986
129032
129062
129078
129291
129306
129308
129312
129326
129331
129359
129410
129434
129490
129525
129538
129548
129557
129589
129657
129664
129667
129685
129728
129753
129761
129774
129783
129806
129828
129830
129861
129871
129878
129936
129942
129977
130044
130052
130069
130077
130124
130136
130139
130150
130154
130246
130354
130367
130368
130369
130377
130405
130437
130438
130515
130535
130539
130642
130692
130707
130708
130935
131213
132258
132452
151685
132540
152695
151064
132800
132889
133236
152595
133496
152904
150761
151447
134990
135168
151255
135264
18576
18577
18578
18579
18580
18581
18582
18583
18584
18585
18586
18587
134865
141876
136974
143766
145033
144245
145238
123066
145546
144982
145825
145704
125090
147761
146732
147478
126214
147961
125795
148298
123639
147753
127380
150934
147975
125000
151346
145310
123541
150953
125807
129654
148624
129464
128110
128483
128966
128973
128996
129077
129249
129302
129433
129539
129574
129586
129588
129594
129639
129643
129694
129744
129803
129879
129913
129939
129943
130004
130022
130031
130034
130045
130060
130121
130147
130175
130249
130267
130289
130293
130314
130371
152095
130454
130464
130549
130561
130563
130584
130626
130740
130741
130788
130823
130830
130899
130933
131012
131114
131128
151792
132001
132079
132355
133056
133058
133942
134295
130696
134991
135263
18588
18589
18591
120742
139440
141407
139114
144684
143800
144317
145090
142495
146201
145641
125248
145099
146454
125874
147790
147992
148071
126577
126840
147812
125520
148889
148039
150828
128607
151982
128107
128613
128871
128891
129093
129113
129171
129181
129211
129223
129247
129394
129397
129567
129677
129686
129780
129854
129982
129985
130018
130021
130051
130054
130057
130061
130088
130096
130190
130193
130211
130225
130304
130319
130394
130407
130490
130528
130540
130612
130628
130632
130653
130832
130987
131065
151267
131441
131491
131498
151277
132448
132451
151980
133233
152287
134030
152290
151170
134898
153304
18593
18594
18595
134766
141048
141692
138848
142607
143884
144504
145072
145590
145450
144221
144685
146252
143985
145756
147391
141476
147440
126298
148508
146288
148068
127214
149122
149433
149719
126927
149411
149732
146764
151686
145292
129922
151977
150146
128355
128610
128794
128805
128824
129153
129340
129426
150141
129474
129584
129618
129641
129666
129670
129680
129726
129757
129762
129796
129859
129951
129957
129965
130041
130050
130059
130106
130117
130143
130183
130218
130220
130239
130268
130285
130292
130298
130340
130389
130399
130430
130440
130468
130536
130553
130558
130567
130601
130618
130694
130812
130839
130920
130928
130986
131092
131256
131380
150243
131656
132077
152384
132447
132450
133939
129040
151449
135078
135351
135525
135786
18597
18598
18599
18600
18601
18602
18603
18604
138240
140254
142333
143146
139548
143990
144164
146848
146653
147960
148900
126931
125708
148619
148373
148094
148718
150437
145464
150343
126059
153098
149126
128192
128961
128985
129101
129129
129215
129448
129504
129508
129573
129662
129739
129740
129945
129947
129950
129986
129996
130066
130100
130108
130134
130200
130203
130303
130306
130361
130372
130478
130483
130491
130516
130542
130555
130564
130577
150958
130608
130633
130730
130737
130824
130854
130991
131013
131033
131064
131122
131142
131203
131744
131746
150857
129995
132002
151779
132257
153317
133492
152693
134203
152189
152594
153613
130262
18605
18606
18607
18608
139266
140793
141640
144096
144271
142707
144511
146338
123949
146339
143841
145127
145840
146320
146268
146748
147167
147172
148260
148271
145898
148607
146640
149014
149628
148305
148515
126935
127454
146941
127299
125452
151770
125519
130015
150254
129466
127289
129055
129076
129139
129174
129317
129439
129513
129681
129711
129733
129776
129781
129782
129849
129912
129914
129924
129979
151057
129998
130042
130128
130138
130152
130192
130226
130230
130233
130290
130308
130313
130322
130350
130351
130400
130409
130415
130443
130467
130470
130472
130532
130552
130562
130630
130722
130726
130731
130809
130819
130836
130889
130895
130913
130926
131022
131034
131095
131109
131166
131176
131201
152399
131277
153216
131910
151151
133057
151884
134896
151682
135262
135953
18610
18611
18612
18613
18614
18615
18616
18617
18619
18620
18621
18622
123811
140595
141687
141494
140243
144047
143353
144036
144805
122915
143988
145530
144988
140149
145989
145541
144743
145912
145655
125539
146961
147788
146246
147880
125244
148206
148377
127627
147486
149092
147886
149718
127898
126608
149939
125974
127450
145420
149708
128433
128439
128814
128924
129060
150458
129130
129203
129224
129315
129593
129600
129673
129688
129735
129825
129843
129926
129938
130033
130095
130107
130120
130129
130204
130213
130228
130236
130264
130265
130376
130395
130419
130460
130480
130482
130494
130497
130546
130573
130575
130583
130607
130611
130635
130648
130649
130650
130655
130693
130718
130739
152299
130790
130902
130995
131011
131086
131102
131190
131309
149523
131416
131453
131542
131550
131742
151877
131909
152704
132974
153519
133401
133844
133940
134294
130174
151687
130688
152785
135865
18625
133430
143653
143458
144612
144290
143379
145851
144576
145731
146061
146033
144627
146949
147462
146950
147262
147540
146329
146872
126674
127883
148789
149229
149429
149282
149616
128072
129122
150861
126509
150033
146765
150824
151050
126934
130439
145958
148585
150457
149723
130000
146343
127552
129118
127309
128715
128825
129142
129144
129225
129569
149738
129704
129737
129760
129940
129953
129961
151280
130009
130055
130109
130116
130180
130184
130201
130215
130243
130374
130413
130414
130444
130449
130453
130487
130489
130501
130503
130527
130570
152295
130623
130629
130662
130678
130679
130704
130710
130729
130748
130755
130776
130818
130822
130833
130835
130842
130844
130845
130888
130927
131001
131003
131004
131038
131082
131155
131254
131257
131363
131372
131391
131399
131467
131519
131525
131593
131693
131890
153314
132113
129550
152802
133315
133495
152792
134293
152590
152788
135261
153617
130700
135615
135785
136046
18627
18628
18629
18630
18631
132905
136048
140691
141360
142576
143357
143117
144401
125089
145199
142519
145538
145931
144810
145109
142919
147046
124212
146565
146105
146358
146553
125082
148088
146220
146566
148069
146256
147342
148921
148987
149604
149622
128143
149887
150151
151254
148199
146642
150054
149731
152995
148723
147865
139928
128565
128793
128904
129299
129301
129398
129485
129565
129767
129772
129802
129835
129882
129909
129966
130008
130043
130112
130179
130197
130202
130206
130212
130227
130281
130299
130362
130370
130402
130428
130450
130476
151885
130551
130568
130578
130613
130614
130615
130641
130647
130657
130671
152397
130697
130721
130743
130744
130775
130791
130805
130831
130847
130853
130869
130883
130901
130931
130947
130972
130985
131107
131160
131199
131310
131360
131361
131482
131617
131631
131640
131769
131800
131803
152599
131991
132000
132353
133493
133938
152783
152187
152703
152801
130600
153205
135613
135784
18633
18634
18635
18636
18637
18638
18639
18640
18641
18642
18643
18644
138232
139667
140880
140277
140676
144318
142224
144291
145129
145015
139760
144561
145411
145339
145139
150262
125965
145949
147371
147522
148208
146552
147891
148707
148893
125883
148498
149015
149117
127885
150052
151761
143878
149021
129827
127377
148704
146355
126477
150449
147040
151165
130872
152601
153408
129382
126072
126075
128750
129135
129161
129207
129330
129391
129552
129554
129560
129649
129758
129766
129769
129770
129875
129967
130049
130078
130090
130111
130131
130140
130149
130189
130208
130235
130251
130282
130288
130295
130388
130391
130397
130458
130485
130488
130525
130526
130566
130652
130656
130664
130725
130749
130753
130758
130787
130801
130817
130825
130918
130968
131005
131015
131031
131055
131061
131099
131151
131177
131333
131348
131358
131412
131528
131532
131704
131740
133491
133757
134028
134029
134117
135259
152498
135952
129934
125989
18646
18647
18648
18649
18650
18651
18652
18653
18654
18655
18656
18657
18658
18660
18661
18662
18663
18664
126455
129122
133281
140858
142895
140593
142136
143148
143879
139032
142656
141320
144889
143651
139112
144503
145454
145554
146012
146027
146560
125097
146549
146243
146840
147379
147404
148075
127098
146744
147853
147866
148093
149228
149024
149183
149113
129110
128771
150150
129476
146136
150855
153306
142323
152699
145092
130287
128747
129053
129170
129323
129327
129328
129408
129671
151376
129956
129963
129970
130007
130020
130026
130036
130118
130119
130214
130222
130266
130271
130279
130300
130325
130446
130462
130495
130531
130582
130643
130714
130719
130751
130782
130783
130810
130878
130886
130898
130910
130911
130917
130921
130969
130989
130996
130997
131008
131030
131088
131112
131125
131162
131174
131178
131267
131276
131288
131298
131323
131351
131469
131471
152398
131524
151455
131603
131654
131655
131666
131689
131725
131780
131853
131861
131875
131880
131884
131969
131975
132541
153009
134291
152664
131231
135350
135436
135614
18667
18668
18669
18670
18671
18672
18673
18674
18675
18676
140263
141379
138737
139631
142542
138417
142988
145350
145021
145114
143132
142678
145424
145645
145412
145111
146194
145924
147890
147089
146861
148089
147747
147320
148414
149098
148923
147736
149406
147595
127892
128333
149430
146761
151155
123975
149434
126194
151543
150563
128780
149836
152385
127723
149209
152078
126865
145323
125800
125888
128914
150769
129695
129771
130048
130145
130172
130234
130247
130274
130283
130311
130347
130380
130384
130416
130636
130713
130724
130785
130811
130814
130892
130896
130980
130983
131014
131019
131027
131057
131059
131075
131101
131163
131175
131194
131197
131204
131214
131255
131340
131376
131422
131425
131446
131518
131522
131546
131713
131751
131871
131873
131984
132051
154032
133234
154344
129910
135260
152285
136483
18677
18678
18679
18680
133827
136986
138580
131747
141200
139117
142213
142032
141944
140966
144279
142915
144806
143679
145405
145406
145081
141892
147024
145832
145631
146966
147277
125537
146455
147059
148279
126924
147179
147060
147560
148801
148063
148484
148471
148295
149526
149027
127028
150564
151149
150634
148772
137815
149573
128328
150847
152180
151473
138625
151988
127392
146120
125260
129734
130181
131066
142434
150559
130171
129689
129785
129976
130014
130038
130047
130073
130074
130219
130229
130284
130301
130353
130363
130373
130381
130465
130537
130545
130548
130572
130621
130654
130659
130666
130715
130716
130734
130735
130745
130798
130799
130800
130808
130821
130826
130851
130855
130912
130922
130940
130942
130948
152607
131021
131050
131100
131104
131145
131157
131193
131228
131232
131265
131279
131285
131311
131338
131350
131364
131367
131419
131424
131455
131540
131552
131557
131630
131701
131719
132014
132255
154140
133054
133231
133494
134803
134805
131147
135076
153194
136385
18681
18682
18683
18684
18685
18686
18687
18688
18689
18690
18691
135259
137141
140645
142692
143067
143377
143318
139859
144661
123241
145145
144769
142898
124562
143328
143593
146046
146590
146319
123416
148189
145427
146135
147768
147369
145789
145895
146370
147791
147577
147068
126421
126388
148370
148488
149535
147238
129117
148689
149285
129126
147751
151167
149915
130017
130870
146143
127448
153090
142253
126337
128627
129857
130259
145534
132101
127752
146664
150764
147799
129637
129975
130056
130115
130158
130221
130277
130321
130331
130364
130393
130456
152199
130622
130634
130639
130644
130660
130661
130669
130698
130727
130875
130894
130905
130914
130939
130966
130981
131018
131073
131080
131091
131093
153112
131169
131182
131247
131259
131335
131353
131354
131365
131418
131443
131450
131460
131468
131526
131601
131613
130429
153529
131763
131787
131792
131833
131864
131869
152500
131967
131973
132148
132446
132489
132647
152181
133586
135524
153928
136384
136386
132994
)


// ************************************************************************* //
