/*--------------------------------*- C++ -*----------------------------------*\
| =========                 |                                                 |
| \\      /  F ield         | OpenFOAM: The Open Source CFD Toolbox           |
|  \\    /   O peration     | Version:  2406                                  |
|   \\  /    A nd           | Website:  www.openfoam.com                      |
|    \\/     M anipulation  |                                                 |
\*---------------------------------------------------------------------------*/
FoamFile
{
    version     2.0;
    format      ascii;
    arch        "LSB;label=32;scalar=64";
    class       vectorField;
    location    "0/lagrangian/dsmc";
    object      U;
}
// * * * * * * * * * * * * * * * * * * * * * * * * * * * * * * * * * * * * * //


980
(
(849.049541759548 -212.15961440828 -311.331280604567)
(946.428036845065 218.688126830162 217.921168202491)
(1151.70347008943 23.3691621258233 232.638104340011)
(965.307450691952 -346.843254709137 -153.362584419542)
(998.88110458977 -24.7281028565578 -53.8353503890272)
(1038.83758231602 142.959776061248 208.321689378686)
(1236.2674384308 635.559468391014 -472.674764632574)
(736.370678707917 155.924540440888 -108.056356455553)
(1035.67584036316 208.770208945498 123.515791625213)
(1195.40613255365 -332.648341594917 264.78392598735)
(1398.81717588332 445.381591057367 -59.0374478050701)
(817.623628995625 -466.034907612737 265.840042824837)
(1309.72446406975 311.578370609789 -214.424091320034)
(1269.59475652877 -77.5538163174827 29.87175725182)
(775.644913858267 -577.058097189941 -379.990670600938)
(1084.0645561356 -472.325216982298 160.727141011502)
(930.932954983565 -141.446888983861 118.373873388335)
(881.610954872218 101.868439737459 -246.711658947321)
(1422.73161064225 135.786646798891 176.129442858817)
(846.913134287382 -395.344272638227 -434.775306732448)
(630.369806527832 -434.441783163507 -9.60276639393325)
(1525.97911966062 -486.147280957473 -113.590139603947)
(1055.10203326697 -299.224115451147 -50.7974772660119)
(1326.5711826788 451.850479141438 -17.8617732549283)
(999.929651410142 -106.709355425394 730.077439393207)
(1069.87984563047 347.745139532628 -17.7045935147299)
(956.489609088641 617.093381719622 302.26584310975)
(927.043109252331 89.7315063478233 -68.9789978415135)
(970.962108154525 -116.388195004114 496.904679957502)
(1430.90894763444 347.409768598629 126.277955714367)
(920.728278297779 -356.744672822392 543.854381067679)
(1267.04122859892 -539.797900592876 169.923333033775)
(1255.38838314234 164.530819597524 -315.893862996881)
(962.103635617135 197.565435648766 -245.555002593249)
(778.486183509738 -314.631607825466 135.967565293927)
(1184.87889686458 -310.613383024206 -25.6495137343587)
(1278.34590631738 -259.588638800952 247.575283592531)
(640.404848366615 -24.4317085143489 5.64170743361205)
(1041.10853033421 -207.160030805693 -404.29185516596)
(928.753563980648 137.898811986947 -212.538279464922)
(748.178523420417 182.471104047358 78.5680469668991)
(937.050307215446 160.754586980735 203.163369679043)
(1259.93108408401 -101.775686472801 -361.136413335623)
(789.684970372509 63.5122879528589 466.770850631404)
(1541.7554545579 -508.903132258526 -55.7975932552175)
(983.857318685026 -492.411933359446 -409.909690122838)
(1222.00607214231 -22.0109071594177 -275.089154206573)
(292.426408998297 405.960233873221 -68.9618462205759)
(1498.17083109669 175.831009915949 10.2465352236195)
(741.64398794131 187.970979826092 -378.550550274853)
(1045.99180561789 -218.358238423008 77.0840027948825)
(1085.61162310693 10.6542038876217 254.859998240493)
(671.498562008132 453.541980354335 -332.387493354729)
(1331.77891606686 80.5712429811543 -783.007874041039)
(917.935606685594 -546.808380305922 597.954539548863)
(1152.08927061373 -200.512666209905 -203.239570975962)
(1084.19093292199 332.012481081365 291.632413858016)
(1369.7097175364 251.881246810057 79.0449057905629)
(459.100043224801 99.2475264729583 -713.744729001552)
(804.236056527481 345.229450508226 -90.1595152268023)
(1370.81929399642 524.312392470274 -401.38326608685)
(1577.01546728758 255.77131703352 -358.75371132755)
(1191.95724127467 364.126787961544 -21.0035403925935)
(687.409772738866 -55.4442703154783 -63.6593856818651)
(1038.16403675777 68.6557169185196 43.6598269823798)
(1304.77742315521 -531.556303431081 -34.7181816629453)
(1195.21976301993 293.776786977456 -99.2751108288283)
(610.771622436677 136.837655082653 95.1797576170455)
(804.016313192414 210.538752224015 -243.224814117034)
(742.926844040089 319.528391140455 -5.33182379115092)
(831.458912477849 174.750662260236 -163.102066775779)
(995.934161895345 65.5827255430283 106.144628073727)
(974.508508140408 -222.318574064028 515.176236229736)
(791.592253054166 401.109486399531 28.0833256639663)
(1089.11574127869 -44.4351956431371 188.624068358454)
(819.384736310197 177.059808750633 22.349630713453)
(942.256671610875 -258.701604893788 384.817299119038)
(912.409840886506 254.289045425989 54.4516766348961)
(1273.36428878617 -426.541951032308 -302.513991967259)
(805.037414952737 -144.471011423634 -87.3113513099597)
(1062.43849781088 -9.71866534390992 -174.396640715012)
(1552.45033623302 -60.016911575389 89.1880790830205)
(1036.66497558279 63.6183084729279 71.3541798279247)
(1024.53076240956 264.411816042648 248.755543359985)
(1036.10571845664 333.512772963228 176.315611598574)
(865.631893651725 -322.015857088985 -572.479129721816)
(648.385365102655 4.42277963248533 213.934373964824)
(790.413200878799 419.071788862491 768.525289513548)
(624.138244683834 42.396336759949 -415.528524740689)
(1166.769989747 -139.927780789681 -359.758849485443)
(1263.01979088014 -662.506337451998 90.5481442987901)
(1482.09026677768 13.7677649992245 -2.25782174496976)
(1427.26800343504 103.285406345644 -352.686387425228)
(1304.37359974734 -206.695220446164 -123.234976865195)
(1129.57438436166 -134.252330455404 608.357620354412)
(257.452513397142 -95.2329167554694 -371.303024599494)
(926.983679697023 205.028464544475 -20.0333545960287)
(1096.49122758321 -44.2771494444672 129.351666829001)
(1344.04325196272 -404.139475847414 -177.05599551705)
(764.261044972885 -195.794616135071 -396.59950289018)
(1043.93743319591 293.971810787741 345.393517734679)
(1010.57925805318 -49.1610040894295 4.48909265940837)
(831.771297754557 -329.792397852386 -57.8562056054201)
(961.950217860166 -221.011181724608 575.561858497122)
(927.776303282421 378.580959562307 181.157232925835)
(1041.72587408732 -276.151422064817 165.59001665897)
(1099.05523295053 -157.96406001968 467.402758999073)
(909.055587394501 125.286228099247 -126.335403829553)
(621.665382920183 147.053981104641 -233.139911108047)
(706.455679896265 391.798497907147 42.4373378166632)
(599.663475218341 -131.823879267617 -164.095479111119)
(358.48184118498 26.5782999059561 374.520835647192)
(797.652665121458 105.130639310769 304.640582744073)
(582.236146071746 -63.1970375733254 40.4362933485583)
(943.599601911092 51.2542709073532 -62.4718950889038)
(1546.36936546653 -24.8637490608326 -33.6286708009547)
(959.83096429555 -125.657686051518 161.237374144667)
(1224.07039706727 -537.751929001124 -19.8357302346698)
(932.682951201363 -367.605297942471 -129.170663893173)
(749.375667436175 -214.701411742971 -501.598222236863)
(1415.60559586597 -466.278677438837 64.7357498818459)
(450.399731310447 -13.5858625560278 -322.785366181142)
(1257.33181195035 103.566154210365 142.437039763562)
(1708.58815016482 187.226537583378 141.03082326918)
(540.099418248331 760.768925681144 -162.605757341125)
(1118.6385938061 -41.0646315814287 876.450747101622)
(1073.81088906646 -159.687528334667 195.645453864416)
(933.313136420393 124.54560102351 -43.2430007549405)
(1009.71010334497 27.6960174945316 614.104579809854)
(1088.36714348579 480.944813335064 -81.25417644932)
(707.945415181724 346.127864124452 99.6129357239605)
(649.933525641758 -219.726814895173 -369.105665872088)
(520.654281414649 -104.49191522039 -123.259348516697)
(863.983870335137 -533.768759128271 -170.807176130146)
(1317.86760550079 -87.0978801199798 -413.57139298196)
(531.634854476611 297.539387871633 1.58202581602802)
(1214.6805517719 -524.288213487732 -292.120431336843)
(686.659750954165 134.934303418289 65.8073535940628)
(892.399473906209 77.6662070591426 363.863356460314)
(1263.16891224566 324.294784669491 238.413166300287)
(942.703480188443 201.684122336925 169.465830863733)
(1204.59923762746 225.736633043794 -104.206391455005)
(1035.97395948423 99.7826150418104 -23.2025101164074)
(990.763065885314 455.049626097378 33.9189705603968)
(763.557965975313 760.621006453818 469.340065294194)
(307.707663458641 8.34358195473107 -535.968393236284)
(1199.66468373063 347.959038860435 -370.357525533259)
(1165.54461957713 476.134665618461 127.1279349008)
(902.818563306663 192.4306639108 474.860060685265)
(1162.44172969868 -159.540746460699 200.650100547678)
(1212.3975297438 -198.662455643174 71.865726614717)
(1370.16244272474 -97.8183930206338 -303.266542920489)
(1118.33123607993 261.186237722816 -26.8772385590881)
(618.409845773215 -500.547735043283 -209.093975552382)
(528.204695823566 84.9054138653092 257.900814776892)
(1271.52800914696 -508.850186154308 228.245115887665)
(817.130074559805 -33.416944931292 -201.821111361352)
(793.095871058307 260.01207806122 598.366093665769)
(688.565728862929 -134.677042842793 71.6432312458905)
(1174.29678383242 107.185280968801 162.332286273431)
(984.940880398595 -21.2554349638511 302.614585693404)
(1119.88754375647 -6.65172608487089 -11.035677676332)
(1580.15566677497 -777.241731344742 50.5256199733177)
(758.874147563768 30.315257179589 -699.918524206006)
(500.199057105079 -52.4644708584415 -277.684612089102)
(1370.77761843183 -0.579983932685942 -317.758952545505)
(1222.55126479567 -161.275255379547 -878.430861091121)
(1273.10920455195 170.992638154752 7.24345647355603)
(820.236926817738 -83.1109201643193 31.1123256367544)
(585.955406229925 569.02653283794 -254.757733288097)
(704.630045630421 416.524326544207 -353.547042191741)
(933.632575995402 523.132497887775 -116.357134582994)
(1320.41849408519 236.371543790932 -204.483529107116)
(696.453935723096 -240.889184048565 -300.1598765148)
(1027.02357658158 265.744857351987 -669.756558434347)
(858.754263510977 -193.149763590573 303.621701798624)
(483.266751992076 778.203117629125 150.38789850849)
(1082.54854169479 -390.214108339037 87.0187154150511)
(948.715041923179 -149.452152361768 528.427879380354)
(605.947483144887 -42.9152937211493 -249.232242741979)
(1147.68148066079 408.048260041202 225.060906714086)
(1209.1618431506 62.0171939235135 346.322509073374)
(563.964784011716 -238.045140392037 234.668163643691)
(1305.43029051096 -653.786164903078 -706.447392853968)
(699.284957026129 -231.903073756695 -287.216411168425)
(1068.23212857512 31.8872429503082 -35.3096034717729)
(1286.88373150742 -134.223690534899 -331.143368243588)
(1123.0557159847 -482.12284038538 -12.8258198846748)
(742.84042655022 -224.5050909551 177.671434191788)
(788.582549882014 -143.837700239993 213.427734157677)
(1408.0796384367 170.595675231744 281.538289987222)
(550.353191805666 -106.434892595719 212.867409668035)
(897.475762589457 -175.223451226753 221.507029853759)
(1064.36681914383 -382.534408141247 10.3218185785854)
(1418.01606176926 -280.675777226023 -100.124603516689)
(1337.17041990819 -258.385263482666 113.186106877899)
(778.130975501553 84.3594385120281 336.724157106103)
(899.53098294835 -262.638929165856 -105.933177326996)
(835.902056936016 66.4609743238284 72.7566139899911)
(1242.9618197419 60.4908797380778 258.714712119443)
(819.165911034966 -236.618489614293 -264.165105434655)
(1292.92434519253 219.960936366646 -228.818232135895)
(758.416730091835 407.252974524566 -212.965358393396)
(1203.27851038861 29.1561926086454 -502.218587647458)
(905.530467633027 175.100100640801 41.2399449258146)
(970.87821661406 -42.8319139771451 6.80355108424401)
(1154.52402137735 -246.373596631343 -762.10831892085)
(755.390194158461 -236.052874600536 32.6264517176423)
(537.639457082865 537.754451617697 -253.714930147942)
(858.440672442613 -312.781562087708 160.706208534701)
(1086.07789711441 -33.9318834985226 300.782999927018)
(862.482174955597 498.899384620411 343.118166597207)
(717.878801268101 52.9177292205036 -88.069624527428)
(1294.41585396717 78.052784055205 174.200064372075)
(1417.87451742872 -189.00830558963 57.3642731503453)
(1266.11194419359 30.2084321846229 -230.151554892465)
(479.912842806933 156.676533394812 270.987302784586)
(908.183286070318 37.9476306637711 564.703727126713)
(1060.36791833312 257.449771254859 34.4101011147368)
(1056.38381391625 -110.172950074817 51.5885558927437)
(1217.42241838492 84.6379279572154 112.020815272824)
(1194.63616174968 -341.55315768676 113.877523749868)
(1123.54745109495 -173.492911170811 -150.500585970937)
(833.391878887775 -55.5779280289212 -198.132969600625)
(822.647734816857 195.717767209455 233.175792924621)
(1480.43118885659 170.508385699073 -186.704878636756)
(1032.46703788069 -587.237400289326 471.73300849748)
(1526.75955478224 705.725430997651 -321.87518073112)
(924.62091908645 -55.2574892781679 -295.85855843395)
(704.139104882453 149.295126274119 277.852197176113)
(1276.87947544443 -15.839327892259 -47.3497906485865)
(1250.97164338788 -127.619658180383 -65.0833246029152)
(788.72506782227 52.7602339959194 335.092776917428)
(643.888903926169 -513.40788395014 -193.346824013075)
(436.212794335211 -587.887881843688 -496.999007582279)
(1199.62165400448 -50.4285570898192 -29.6292409536066)
(846.81758191338 -167.406786604593 -254.076791912949)
(905.776449254777 -58.7218086951571 -403.007324979536)
(980.00017991448 88.4423318857624 -81.6223298125057)
(390.765456479782 259.961614875842 -65.619214617117)
(1257.86031296887 -166.796185443696 285.696938866065)
(1080.49891260726 383.70358413246 -5.58268767099993)
(1566.22551494446 828.208856465539 94.6443650945173)
(566.147678967571 -554.510913112563 238.123733316744)
(1113.15655841235 -395.222456621168 -271.961466886263)
(1139.20261326927 -152.11039957739 -133.493082095212)
(1294.72511722704 226.159515436947 -285.365332956486)
(628.055197445098 801.222444665481 328.845163253595)
(1175.55498927391 116.172587754815 -552.075944446791)
(1028.15755618058 40.3811421887017 -368.898230514772)
(804.359430033549 -128.154343875518 328.932592553133)
(720.987557923613 -142.413946487593 574.191523397417)
(1144.66105942902 -52.974386672891 -101.18424610535)
(977.292353795837 32.2896840908164 -64.7637288937764)
(645.060809004295 -480.882302166216 -259.0074936924)
(578.610448858116 -264.92357580282 142.904896649875)
(993.188941956094 216.180892082249 509.528784462518)
(786.73757650106 -242.27634328946 21.1926535193803)
(791.036681919362 -215.622619139809 -97.9912688820611)
(952.450900549978 354.163644636668 -119.070779711456)
(736.740777627953 -256.784000618096 41.3874449893224)
(1122.43700986778 617.258967987626 -6.69540663595575)
(905.546089992485 -665.328388585843 53.8525546453293)
(1034.46284040156 -168.107818418579 -402.455081673957)
(536.1891589973 -121.568654108726 -87.7891104973415)
(1248.15601979264 -347.120797100143 282.764557366771)
(1507.38308995647 -150.580126375902 509.100895068765)
(1177.23321984901 121.329794444237 -278.809752165212)
(1165.41777405791 -341.554800939608 -263.684883648396)
(916.209849520459 286.004698920031 288.775045474808)
(377.228936352815 182.927836651014 -83.5768867020937)
(610.25629989192 262.217050088114 82.0625761148096)
(1377.61287984394 665.707841516162 94.0638231184719)
(1504.04749207562 -376.611706606509 -576.917110402889)
(1230.42652913137 -167.768237678034 -61.9117908242053)
(1321.16733000418 282.275560674378 -153.956128365355)
(1105.9172165556 -207.696131162692 285.988113663176)
(1276.38902561707 227.535039156122 -229.214379805014)
(1102.95510863953 -194.927051123112 -912.564000660034)
(523.261888216669 18.1386593099557 104.90105128892)
(1217.1481758203 -208.493455066021 -91.6043954062934)
(1238.05243657149 74.1145327288847 -279.104539208539)
(1218.61100330181 256.270349702694 92.3470900266782)
(747.834954042636 208.867427997843 383.783616991335)
(808.611577047479 -17.8185519916537 159.295718632056)
(709.520080602989 -506.356153619397 64.9222117143911)
(1572.96675906728 189.329451570098 -160.310019280247)
(1058.35935130855 -172.422098534964 -77.2226008482526)
(517.80911859922 177.100278699309 -79.0110534942109)
(920.070403476559 -401.617104799929 93.9181032825053)
(1135.59540553842 71.9396150253302 -519.927486606045)
(924.26800393915 80.7803589941326 -54.4721211695018)
(848.767786919644 37.8153446204881 203.786003117347)
(920.323218962573 538.418079346103 117.51708105462)
(1132.59434179059 -141.792778856044 -148.961509253713)
(1128.46815032973 -464.348193446228 -222.84218818926)
(814.056663447619 208.322030111346 93.9797415685503)
(777.218397555867 17.209012779107 -379.826045681945)
(951.973827325163 206.657204774466 352.428824994528)
(368.367204606433 7.86942845045978 48.025091761267)
(1063.45348276043 18.2544358243653 186.541251296096)
(957.868710188181 -52.5377787753264 103.798517327378)
(983.308182724324 524.023587929514 -229.644014604773)
(1057.23603240829 -270.859632694227 476.118075602357)
(712.551865659989 -18.3366202686388 -125.94587424014)
(929.86682678521 298.978122845492 471.226547278963)
(1184.56990660524 -252.478563218436 499.611747665085)
(1076.30828662558 -335.231076979536 209.945163917112)
(1320.67067885395 340.261505275808 -54.6577768699384)
(526.328963825883 140.94481960019 -150.979365116415)
(1200.59719050658 349.102763976003 -61.2114695965562)
(738.153109069677 -475.099571792168 -201.561563814631)
(760.038047483813 108.684087121558 312.199578672138)
(1045.99696522048 -428.469277383321 -688.826831670468)
(573.302332695585 157.975774387355 620.3800732106)
(1406.72571485984 85.9082837302189 -251.584695830716)
(1003.79104203306 -185.437840746951 40.1638543753854)
(1335.5006148278 -31.1731866255631 308.007621405283)
(1230.69402296502 389.246874728484 416.252451869075)
(965.971474577789 256.973969335457 68.8679658752997)
(1411.93505373707 106.369827908509 57.7439401459197)
(708.324492949022 -269.524590772283 200.333138510241)
(830.612461625061 -164.718955389243 376.855879081811)
(871.603995954038 45.4618744392948 211.09042752337)
(682.285478524736 -116.885320838143 627.476217841444)
(965.126554946412 -128.662337032968 214.062676663851)
(758.189706589534 385.717330473462 -338.316266270406)
(1166.80845501105 -88.658725343748 -17.0679327384897)
(664.81538100057 361.734133481827 121.143906060242)
(1164.08189673293 -310.746048184408 -43.3321067011592)
(1226.17986528274 -312.27431875888 314.233952835032)
(813.745509301505 198.917332022545 -202.386237793414)
(883.227701272685 46.6414682504734 427.84130991959)
(789.045169576083 178.564132262881 -561.39461232988)
(733.065441869837 -203.661278819813 -38.3524392792988)
(691.689162102145 -39.3952809149248 56.3919086776243)
(232.382761539486 -172.065445036439 -680.538689808368)
(883.449660820335 77.8291978178076 79.361360471991)
(616.170526124211 -197.762274209032 -61.7617929566398)
(742.213706385609 196.210318828368 213.707183700837)
(1205.58419063984 -13.5335847357647 -225.864426512704)
(721.297945753716 -389.23432899826 -260.32256399998)
(1073.69719725716 -712.696481634774 -349.656459982779)
(1150.96481967849 90.8798094737528 -93.948244179342)
(1337.47949094582 -239.206678771298 130.374040447063)
(743.600693119653 -149.472926067006 640.96804621668)
(1507.03186105563 235.210161131468 -437.332657201714)
(972.999517612963 371.341188387811 -89.0774961730311)
(616.878861634373 28.460406903521 17.9557152183073)
(1107.70847472565 74.1468062683448 322.533255958863)
(1146.4508721615 403.146710800559 -120.708793037349)
(727.639708379275 435.516485921298 232.978475386162)
(1083.63635027847 -65.0805545242918 -230.528767387037)
(1177.30870661561 -34.9513150022733 151.23304511201)
(865.410835484648 -243.786419949369 266.6620616908)
(1231.23350042135 17.7748949972327 -151.531616596827)
(1413.24753508751 164.886074775412 -87.8079777435335)
(825.039725097057 -104.815115680347 53.7783490088967)
(1124.04871504664 -73.2178689085402 -99.9419086753744)
(1187.18157934356 -262.217644617976 469.960768396686)
(1304.55535157072 90.3877318876172 -80.7652945567231)
(1026.33225828383 -27.4948575718855 -361.106197182004)
(872.992835197115 289.472699234714 183.485136642243)
(885.594634054419 421.148357659282 266.12537154298)
(1012.32559983391 -121.72816409169 -98.4802724173528)
(789.752367967928 0.686400593106006 548.687083124044)
(1176.46961195193 -410.041010125689 255.432391529255)
(789.721803900608 294.228035701616 555.576223063414)
(1031.70350577649 -90.3103208869811 197.924514716512)
(191.617793837763 209.645688072623 522.229433400601)
(433.829933198532 426.265972520067 70.3091233425966)
(1320.94557110819 -16.8394933925335 194.364774375289)
(934.802739186696 100.187320097987 222.322941031971)
(1093.72328629721 376.051646035738 -202.122128436678)
(942.310700039305 -158.07614605913 -187.023905343352)
(785.135156950241 -174.524346995483 270.569660924689)
(776.786460245287 365.514092471008 389.857107217887)
(1084.96423646083 -464.886341932321 -14.8023209149036)
(1537.33414373149 -227.731934375714 -391.457459421254)
(489.101926609108 379.003475249678 337.90235155583)
(1047.0361833025 198.947575312836 -185.703039763186)
(710.548641721207 -113.089280708402 -156.179678998882)
(714.284220262918 -312.176727435858 403.216417080121)
(1130.12113196488 -306.69624246675 467.925364696052)
(1263.84716260228 86.8408931266453 80.9724961617184)
(819.352544871511 134.651736353197 -316.193172330165)
(916.896472957938 130.259501431286 -153.59588542721)
(1116.72579132265 -0.356025642871995 -230.764650108585)
(1051.01050288443 334.159828052827 -155.70122618029)
(1278.06252752851 -61.3243681548181 354.742190909764)
(1045.01589627757 -433.779645467279 76.7336143722581)
(770.654438864509 -126.148091068931 242.860240962623)
(1685.77204225954 -211.131540604446 412.377729865275)
(970.564099576846 -112.456242933147 -271.544973115242)
(485.199471831958 510.19574026811 158.766963403213)
(1052.53726092465 701.590120217074 -57.2786126784694)
(765.814434242047 -271.635700222475 147.894026978984)
(1133.3311302471 585.942159127014 -418.747842761908)
(881.876244282126 -215.110080249956 -224.636393109727)
(479.387824824656 -644.918917595571 -302.130767128109)
(863.664984794941 -341.685373214469 578.337314934447)
(576.724681758168 96.4991119512904 215.750808575117)
(637.982326315197 -93.9844583978348 46.7832191143665)
(1438.45648398263 -59.476338053671 -365.909943139694)
(544.915592518953 609.531659097157 -176.866077790598)
(888.615521800933 319.171512979355 128.042487636036)
(1229.1731867863 52.1037482461805 -82.9266322801219)
(969.181784102675 -449.458737602617 -350.349437401601)
(1002.38146040233 107.300338284678 37.4456714189458)
(910.825372018234 -2.50711888909043 -591.122459257331)
(878.006232769691 -278.202507373129 -525.949594574365)
(728.264338389758 -761.147488425222 -317.86015813949)
(1179.78311150583 -73.4166030506763 -94.4034511640895)
(1050.5511322713 -291.132085686102 -330.505993038338)
(1024.27405395066 222.178469346588 660.916740418301)
(1388.9159288034 -294.947836769799 225.27897661013)
(889.645205436991 -222.845707509763 478.767551453736)
(1043.24819003272 220.646815768856 -348.54340473027)
(649.967335547658 201.347766431332 653.128768999671)
(867.008147391978 458.742371553624 228.631399082581)
(1292.14720173311 -282.227355970542 -24.9920835293478)
(790.590994209999 -217.79032001238 -0.849468210770597)
(810.25986006997 -16.0387438403219 -15.1597267334121)
(930.848181612934 -24.6079847914361 471.09276006313)
(1007.51105843688 -506.630220308058 -387.37424872959)
(1492.18986533075 258.966452872392 -486.292790874436)
(1153.18686138129 -164.539581695266 -134.252550529131)
(1068.08183327337 244.782963080307 -142.715469078452)
(845.5082559185 108.370073900821 305.039578892754)
(864.215662496803 -290.299050671269 -191.177270353827)
(621.819060578611 135.757273888538 -86.3647524631606)
(1173.04134836494 250.438501118111 -173.0204460135)
(726.752484611865 408.961769688095 23.0660314837225)
(412.944376012749 1.59095362703653 -159.784582599181)
(1415.76044392962 225.315213826153 -184.853763161097)
(1064.19363352256 79.602689774994 -54.5930610344498)
(578.59851784585 -192.264347702985 -115.663561109151)
(972.123249028134 -57.5807746390703 315.434958398863)
(1336.35923317783 -191.744249823327 -525.845025155639)
(1306.41620755434 557.78973156244 540.769844537187)
(1588.42352279835 -22.1719735991283 -121.489526866165)
(980.962061072867 -157.172610613147 -125.772688662912)
(870.022015994053 -151.694390094444 -360.843322052648)
(1261.24356706856 43.612452528725 228.948192150008)
(596.343497336178 -110.597033451012 -97.4690108250485)
(756.903408230857 68.7517298547477 -74.5628707723494)
(577.16971093958 108.050610067574 -457.057235907453)
(1499.29939739318 -359.465687961132 -323.274386108436)
(661.502117680703 329.012147232173 140.492414731881)
(912.008891128524 -353.920341756843 321.788688942383)
(1480.95367033591 -47.6965329540216 -48.2126537313782)
(677.997590913399 -448.547240613369 -269.059091831657)
(980.392978825398 -354.866259337849 -81.457327123295)
(1101.63933715283 -188.883825576798 3.77477127358919)
(1384.00887169966 209.22370834603 -305.819531049751)
(1118.11195471614 -63.1786364190771 -403.263240896072)
(657.561889179728 -631.892212881577 211.798179760886)
(805.567832371966 60.4009041612084 311.242092429718)
(1358.66842964811 262.059817555419 -32.6167047783639)
(529.450573633728 259.713938599777 122.656124374871)
(991.955678450838 -26.8101020615436 -387.371379413889)
(883.204595180604 116.018555217194 -102.357947046671)
(689.579028100345 -83.4110893452936 244.746854232692)
(1570.78075980752 -241.188021191447 -44.5490520060894)
(961.554554545797 83.0325683830717 185.089249332315)
(1365.18069293422 -114.537301015172 -230.206961233312)
(881.325815442076 82.3748397332245 -73.7390049598164)
(957.781300419552 -432.037413524704 -228.400637387551)
(1064.27064299677 502.611452025864 268.537551459945)
(1085.47573891078 -199.800079163958 -187.891855604272)
(1036.37785520146 -36.5958634678579 -139.703097005078)
(749.034031355931 310.179441673332 -191.452488540107)
(963.088120166208 -60.5480515798595 880.68285962454)
(1493.52041421768 483.56730189872 -115.244426384353)
(1038.66331469445 -294.888860434051 -236.506360976196)
(1259.24816668083 59.5737262851669 71.9640027232876)
(738.095934326856 -489.031052866028 79.3704261711268)
(981.839927213327 -32.0493725459681 126.504490393195)
(947.859134183015 331.562122048492 464.542555931512)
(993.338847095386 64.3614717394946 244.044176099974)
(914.903482425422 224.530831064413 385.99263139026)
(1200.1019834666 26.0838631796663 115.150764935451)
(621.676517774916 148.531187588915 195.419350161623)
(304.753290183901 398.205252226487 -108.720775803288)
(1011.11075560156 -158.162967693909 -631.814256863642)
(1116.87405880628 85.3130175808344 187.864070297065)
(771.694982556253 -564.781072284874 187.486237573691)
(1153.87188443625 302.520486276234 55.6536596457684)
(996.233747816302 -300.882563753449 243.388408101991)
(983.435868702969 46.8162981970043 485.685256504063)
(871.685956840623 404.769862699553 62.2692154440926)
(568.27209902264 87.5523534759596 -629.039889152774)
(770.393735174046 297.981987389734 315.477668315586)
(1380.41191670648 305.354231985381 -856.172919406032)
(912.058645461776 -303.564092379928 285.893630174841)
(1261.66470515585 397.82126943664 -194.149757493973)
(1136.44285829571 167.782306533505 -68.8610862364584)
(1261.73169756157 -103.187089594029 -246.341577279684)
(1087.99302982021 -205.845314228748 26.611704645298)
(1188.54577568909 196.470092607356 341.039630231372)
(1125.26284582845 78.7727841525908 531.27662045182)
(849.368102724328 388.064609355039 -153.659595202352)
(482.548250571176 -188.415447443033 -338.724315853636)
(1027.21463892578 -320.075930722275 346.775090696257)
(1067.80384524406 88.817151259747 -512.382517229708)
(1025.15508178876 -208.169944696265 454.44060997169)
(1473.32592695573 -197.467992961637 -275.017569363979)
(1219.07864037392 -25.3053612400761 -666.468055954243)
(1292.64806368889 21.8165741191352 159.653154737013)
(366.967965598535 -267.28665800279 497.122386317732)
(1056.99413038461 73.3956818939461 -81.9970328633304)
(1164.38460740589 -5.72842518085812 -294.089766287503)
(813.115442145272 -384.999302110961 330.428923355979)
(814.88426989222 740.200086183188 345.182147368866)
(992.538493227828 569.428780782548 -146.821828327111)
(871.506183431202 109.555109852082 184.617517712516)
(1057.64033677506 -652.815204303605 292.144411575494)
(932.993393932515 37.1044640855919 377.410930908029)
(1134.82995425112 -168.429776045063 127.654496493644)
(1241.32334630922 -288.4387124813 -155.313022171865)
(727.932117764311 -330.075118020385 231.843150340724)
(1094.07064818971 117.64751267253 155.801661233114)
(819.84388242894 -204.100950507593 -67.7308859379165)
(405.734190208551 -73.6106753178433 132.425230865192)
(151.261985174424 219.098852766433 176.824638144079)
(1220.61115072129 -92.2324513020426 31.3368656552245)
(643.512813185941 162.798707719699 37.5518188622644)
(1025.16753536511 25.0650029701336 -26.5772456802494)
(1435.83559941709 162.69626869143 399.68640591947)
(988.910800367125 719.56684262668 -8.20838872209638)
(652.269311486178 466.785488623642 122.34737795411)
(1353.77198197594 -585.514830733842 -140.93415223199)
(1341.30779421033 -396.404761070055 -175.385704732071)
(1080.82654863482 -181.668683664687 105.372240396815)
(669.489128075128 64.9762792224404 -209.522117580755)
(1179.21070160317 451.089214179781 -266.135367484643)
(1181.5571164405 -53.6040344461244 -116.864262858445)
(942.245207789638 33.9899233232209 132.059781646268)
(1190.18059360164 -333.657482028552 -77.832254339726)
(571.728128763045 203.952733292297 -398.285066339865)
(1263.44239666744 -507.543783523298 -535.56472562917)
(1239.13934318363 -107.98019361571 190.737511611708)
(616.402697036277 -27.3129104824397 -28.2127213081202)
(772.19295021077 227.103158727844 -134.272495895177)
(651.655916399214 557.005034709841 -129.595300155771)
(1804.74185684334 415.328672998904 -122.508618014063)
(924.988978692186 352.108786975194 -77.8483807341745)
(802.256105123622 369.588745459654 270.784918879078)
(813.512216605852 -416.551842015126 198.659553924642)
(1000.93067960316 49.5059187735256 -556.45145942306)
(795.052228362291 -231.068632009975 -174.791535449697)
(1009.57831915516 130.007295998619 59.0414758691808)
(991.696036787178 38.4240832437472 -608.790638811541)
(869.28689394114 -307.465135139953 -285.570174790307)
(516.297757939105 -37.3387574787596 -196.098161290693)
(1602.05684182916 -362.885510133187 210.967274431275)
(831.269562260432 301.772230705114 -347.638937457175)
(889.233799884241 684.176141315533 541.012177763948)
(980.186944636794 819.309932920026 -519.948631151445)
(1557.35038344875 -346.650987199241 336.084000846559)
(1165.93559931375 -218.221977939889 238.618556251027)
(1083.83850149384 -1.79952799389854 347.552478474438)
(1615.6714777018 239.134713664196 -5.75229637070985)
(1115.48776771905 75.7116223598187 310.410870171162)
(551.865062629324 -238.005325213863 318.744590862321)
(970.179697879758 -120.53286638386 -117.882134748909)
(1185.96674521284 109.046540262139 -359.709237834841)
(709.450052554509 -334.332544567601 -396.020086445344)
(778.664958800518 -149.765399688125 262.162077375984)
(1043.43246088801 -130.371235727954 143.037940181308)
(1379.05485913255 -407.057711833373 -301.704151213291)
(890.854607736876 -407.78029297609 424.946713220936)
(1040.16518596597 65.7221379477292 -166.395635342073)
(869.563605187208 476.282830787131 197.598697218637)
(1416.89013093977 144.56058869873 -230.50810826051)
(1264.92899006211 117.717819686694 -134.230994726698)
(924.512767025321 251.400357343926 -124.422332019382)
(1291.56148989643 -388.010124113377 -171.795543242609)
(1324.89193137974 224.022688588381 222.731758024539)
(1066.87790072335 -275.462758522883 -928.828424398324)
(971.279872216645 644.658873306963 -145.214664789402)
(1327.6213669354 -260.623317780424 -40.0188808015509)
(788.643469947847 -529.294423768613 -90.4064425482122)
(1130.95147046153 -31.914899001615 154.079618919828)
(832.677500150408 -384.790722607254 146.746414080118)
(433.488341470977 -41.839312091493 79.1987200496747)
(1104.90665885649 225.117132266865 -76.2187445958)
(1141.68410939036 198.699628270723 -169.197990518721)
(966.108409481709 -34.9453943918442 -89.8534172021606)
(977.830226598302 -16.7112864220314 129.494389156849)
(869.281639710912 -103.189057529424 -646.589689951351)
(1085.71617296231 314.225703881425 -112.556459922043)
(876.545312909752 -75.0302062254295 -357.853759237739)
(754.204911856882 66.9861356805497 -150.476963282124)
(1635.83335644661 128.81637697445 274.049922351652)
(900.241826778468 323.017757737585 22.2112959612314)
(1421.94881298229 -72.7249280859092 127.071217389439)
(1080.75104266205 -191.636024868933 4.77836864827683)
(1192.82313259498 -43.7007419368527 596.199719448095)
(541.891939517843 250.553481589607 262.859120689714)
(907.903036131595 -134.457610779735 -515.402286785052)
(1281.67884054027 212.013290401496 -360.49120403368)
(668.723561009438 -125.072622314475 -78.8214856505647)
(756.767613763361 132.12969917508 -210.387414271185)
(603.170835229608 58.1682479221892 235.903488902545)
(670.105251754513 107.535616543795 -112.26202499258)
(747.865828340377 258.841512717972 31.9921466035968)
(743.465971874274 448.321448472468 -80.9186356800974)
(734.951526215812 -148.607728224153 37.1611919325236)
(1192.18746079214 713.463108595387 -298.001633052768)
(1410.04174417414 -116.418641015591 -748.411751608481)
(548.576251595695 -186.892519862192 -230.06477468591)
(1199.89247613758 365.319317603531 -109.627157439343)
(733.741442491588 42.0816878455948 -99.2228273511365)
(511.358945940142 291.228216361114 -217.555229632201)
(351.848085154949 215.834644795912 -247.081938636214)
(781.87956113913 319.186504026936 140.730194828522)
(692.492127418175 -160.373717243702 23.7912392897447)
(1355.80829271216 226.032767246835 -93.3948530991894)
(581.184096230488 -143.518983248219 138.263050385906)
(1034.99608230918 560.623376525272 219.163683734942)
(1159.58976326718 278.113738049436 -104.927557343774)
(526.094776448485 148.703227971028 -255.342291036057)
(829.763003269597 446.941893327738 301.752567863402)
(1537.78569474272 -43.8116788941944 22.3248187760028)
(970.501364603444 21.0373767680685 196.892465085738)
(925.976389867707 -111.815883583846 -119.804892241936)
(875.930916382087 -578.862557406592 -19.0203967003838)
(1685.54555943366 90.117577355668 246.830570344874)
(1120.37016613449 -289.851978364187 163.903752262023)
(1074.74176446016 130.735868191629 281.1204037713)
(554.143063326467 -458.269397034606 365.434688332204)
(1019.89385836818 -233.486189926512 -7.87131641141297)
(1572.89355914741 -58.0392763360943 107.076555652546)
(726.545267720018 373.157775192447 -2.4320623481683)
(1385.66084239877 -167.790217748747 18.7919862486568)
(868.707415026934 -142.398827877115 221.917692081967)
(1188.61592424386 -155.488958748849 -169.147524125781)
(1155.29013499439 -603.270303393535 298.791989792822)
(1404.77059302323 -3.33439314860592 -460.769204445216)
(677.942295197416 -406.870822546507 -544.967385682409)
(1198.51556045316 694.420904951039 -196.498101213647)
(1030.89417494083 -321.980258059903 293.069869853344)
(1247.51626897458 267.753595622214 367.101213504626)
(1556.60800468057 -420.776609782988 -415.341926495989)
(1062.77236968758 -223.926592971548 5.01823308886722)
(1015.99305765516 -326.11573343518 -119.831041969355)
(223.320571062345 316.24498274056 434.462151865995)
(947.533565838577 -78.1481539313551 520.484724506736)
(901.652263100002 477.460835736742 -328.046094418714)
(1335.38020305515 79.4417163656692 -22.5864657800411)
(834.452197335803 -100.16013508309 -29.7214233899118)
(1138.62601642002 -364.646737649716 -28.74929677549)
(791.813848091389 -375.256829480502 -70.0795024300307)
(1223.02649159435 -298.687372134197 0.277199566345995)
(805.692704358113 101.519565194978 164.162278920298)
(1065.84887176098 -141.979805124743 12.9371857898891)
(1293.040352045 52.8215478399108 677.201398544587)
(205.805914588804 -85.5722126021741 -748.539739025096)
(869.378078799673 494.421461510948 -327.208549388708)
(973.023190143104 15.8655148440758 -326.717730938635)
(1413.61515374342 580.83029340669 -620.915135206447)
(1299.34775744554 -78.634745667412 -122.571693042254)
(772.197215337752 379.835421251764 -68.2006103609489)
(1570.83194339357 193.418221268446 -176.654136000827)
(854.951601759162 -82.6961184885851 21.1658322684375)
(634.990071189907 -88.3750842542647 -180.571548503947)
(1490.89128721674 53.064141102572 299.35779868067)
(292.547975625497 -596.199612646467 79.8002839209081)
(1230.74748178822 -312.906466159557 501.960439887089)
(453.797795610967 125.735989913677 -456.314707887011)
(1289.26589584639 -243.461934576145 -288.745864278527)
(1248.54940453669 525.073180312856 605.326312470839)
(797.925048478187 336.696526044036 -183.697428885239)
(812.540398407394 65.4455157001175 86.8175504097301)
(746.745681997474 -54.5395366882258 96.1236797147165)
(760.524051094349 -266.167116692744 -231.810976451093)
(926.549082281112 -7.35910310718663 12.4536120678304)
(907.269907360438 178.736926570115 -128.804388298222)
(774.941722776101 -252.056593777368 364.764417674108)
(1448.55780807086 77.5954414927533 602.723503297246)
(636.702357518534 -382.928510714498 48.632312166246)
(992.286864605842 142.329894746572 155.791266781475)
(1359.49224131525 0.465833985083638 10.6296790074487)
(643.757989439545 419.29385319251 188.654222224987)
(750.901469567371 -10.0242804663378 390.280220719497)
(769.738138464372 278.398050210687 -150.224761345515)
(1411.68060848185 -218.092960925781 -147.463849163195)
(786.161791864812 50.9315102577164 -152.477232250211)
(1071.08140316616 88.6157650292626 444.759562193612)
(1108.99387241641 209.422398701144 358.029157493426)
(1196.28419453863 244.076493903119 -59.4850380998294)
(876.904026542077 -91.8871254741193 162.653887891304)
(1317.76684677894 -190.989788067036 134.73473922114)
(814.871098636397 -28.212283496499 778.141812008676)
(718.219648775722 193.198769617624 286.688927086611)
(764.7671213006 197.292210890402 -30.5596752479864)
(908.907318037269 -218.632087284578 -137.138253610352)
(791.993587598881 -260.898825693597 44.132748751316)
(1272.15505078087 -10.7555110508966 -323.421292895639)
(1049.8865639665 -20.6263325054254 -561.974603479608)
(1314.72941969028 76.1408394790573 -112.893135760407)
(777.994184889875 320.222152399564 9.32445248014033)
(1123.54625469059 -329.730843577317 -74.894017169051)
(1304.73493427554 25.5348658134645 -90.9674140513163)
(1768.52260788839 71.2112711284654 -265.767567685708)
(1108.66257795438 290.214629545792 310.111379673233)
(1000.69881327364 571.065025744866 -713.541979736552)
(834.612172496948 -160.584200928151 534.807540393288)
(830.812102115171 -402.155964291015 -86.0760527548948)
(773.388382773538 132.143030877865 -96.3876084097745)
(1007.25567266871 -307.645404330976 -183.201156332902)
(983.472290450859 9.70727399946625 -277.050366257485)
(647.643369158076 46.8299983830085 568.389479092111)
(843.534413836623 47.3286319986697 -90.0055732319181)
(1012.42572467161 -310.537410880445 -386.337870687898)
(990.16865214309 -64.3260890728883 -8.41272877028451)
(1098.85474186971 -477.255384745143 -59.2573180277493)
(863.268833049063 387.581635744236 -35.0930970377572)
(1295.42187154105 55.1028469021089 213.809877107207)
(1219.82827509125 -365.791803226309 -432.057683343733)
(1196.01657712552 295.645760148277 94.8475682428527)
(1169.54002069645 -58.4255104335488 171.518745812475)
(1069.3633024818 70.6713308234576 48.7648896228075)
(909.002461242064 451.505686671307 108.310385801394)
(1172.72989089194 -28.0816604700111 609.180447324685)
(1352.62212953696 -312.299082184653 -342.817278883133)
(1516.54337661223 -354.677307177012 102.971778155941)
(501.833494049313 275.475034926449 -290.08885560377)
(957.789094827893 233.128728836395 208.031686279938)
(1278.74974335552 278.263042683102 145.24885000091)
(1205.32312757782 383.771122197685 347.389841479748)
(899.05719846677 339.114412497289 -71.3796166401616)
(1348.09751419832 177.332055177612 443.807577092257)
(800.284031525855 241.811000335749 -180.611879487545)
(939.092638873919 -279.999235688666 169.942519080649)
(1379.0404355645 -72.9031541488215 140.656907981613)
(1307.19191102756 384.664742971452 -226.269289903756)
(1046.65013122412 147.397452511991 -145.458040025469)
(662.017219877712 43.0677715035231 84.8320066369194)
(1254.7185001871 167.568042913571 -168.641360177047)
(1054.76520330918 83.4461644438802 661.847699566396)
(841.715948771376 327.391835406014 -56.2655491408784)
(1122.58636882276 -551.493350772736 -290.578937846261)
(1701.95540367089 -68.0198877269755 -302.649953600486)
(997.89219997844 175.718962478777 192.200205396316)
(1270.61043189425 -47.0869306170348 -100.755830617792)
(874.34210359784 -73.1011382893241 -166.530079917594)
(484.889076065739 451.334776037242 -175.339058342873)
(1726.88307387109 264.783160401508 112.702631783525)
(980.712366057982 -177.662793404036 -431.254503813537)
(1050.48076897396 49.0023877002698 242.876495940469)
(1248.31593041712 494.6647524671 -477.838690510194)
(1016.86291239048 45.9144853914969 345.063026738513)
(931.775558963824 152.458916033545 198.262551289418)
(1153.72489976308 -590.565054592784 424.761234826599)
(879.079847039097 -224.617558481821 -205.007370274744)
(846.745153814222 -444.569111447456 117.889899218507)
(869.44538486818 -301.749150295963 -148.789468893891)
(928.528927643954 197.404814532113 193.337496973022)
(945.476838341706 -273.152782436753 -295.473482782475)
(887.051296341078 -204.473413178843 228.674423325866)
(953.841361570549 272.310925158746 251.935048840526)
(409.264142311555 238.158223668891 -819.954252070356)
(1115.61387785026 -423.48953414453 -158.022564852211)
(675.43490560229 350.665304563188 141.965309512746)
(559.30562847347 573.781684755516 -126.689003245872)
(1426.39672086718 -118.327681070963 494.445038313783)
(733.628590997531 365.171340305496 -116.977479971856)
(649.487308358306 -30.888926918816 555.266020480418)
(891.646459151877 -102.556921319831 -251.93639751481)
(891.766527983126 -729.587816985783 -291.399920229536)
(1716.64133837234 544.443683563651 307.939469288267)
(1415.18679445771 36.5435609296555 -377.223225755015)
(700.856431136768 182.640806388049 -181.602247321824)
(827.311085597883 -1094.80491739398 144.245426316041)
(594.861616871324 5.97419564033717 -301.19383053771)
(1310.76881526594 -0.544679655584281 121.716356867897)
(589.734437123151 -47.8204248628151 315.119420130245)
(1314.27663445225 -175.595192714708 334.466566747573)
(504.377737411678 -376.271295134122 36.3971051022978)
(1137.9296447631 -47.8138843520903 -6.60359927162779)
(996.195851426324 106.081422760965 -48.0608137828654)
(895.85897620124 -236.654971277081 88.6151059114097)
(775.151188087641 -229.19373956901 -111.873593252328)
(1145.58910356901 260.676108697409 119.33255758082)
(1188.92492144916 449.271532097738 -160.357096630895)
(1098.48829540827 -312.914870180193 175.159920107684)
(1018.92852136065 -78.867111419047 309.720968302187)
(308.615311670002 54.1838970968399 340.940035965217)
(1055.30583706725 84.7935921836495 266.126178878799)
(1141.46338532382 94.0945491063583 352.482325736983)
(734.608547142347 380.497546252018 -373.227302372733)
(1195.22634764645 661.361661743585 -248.771477672982)
(1313.23703845956 444.904800478657 -514.587967422207)
(785.708301229679 -244.467438897677 -467.890452810959)
(1386.47643962806 488.726436528092 506.685035153318)
(991.938542401022 96.6048161056361 204.535746607033)
(1276.26715367895 -587.528422117246 -283.588454434329)
(1298.83146545299 -7.81066862218929 -35.1403113035636)
(1076.03418927142 -28.6584688468146 -441.156270335001)
(526.686707724321 130.694979674804 129.778126669636)
(1138.34492181247 -207.352314083446 -285.492189668205)
(890.482738823318 278.610696502154 -225.579669040744)
(866.725434420104 47.3956466931665 -51.8043946992497)
(670.953158722217 205.518945210774 -203.76553433398)
(1166.29791456234 127.232832187619 462.16135762612)
(1200.06479757136 -231.463906731174 -202.987447137612)
(984.359349457888 -525.659619534308 -18.1851559354773)
(1350.69404400004 116.203529021302 -248.504875564604)
(757.848103830504 -814.911206047323 -305.764207993811)
(1247.27239015278 -376.882001293672 -56.1652388534577)
(1419.39171302317 -113.242662122576 49.7784358590105)
(1067.34632888151 -77.288038906485 51.1715843364229)
(399.805605962295 -56.2422289606232 -470.211282810216)
(504.614792270246 -157.746012517782 272.644672060698)
(1562.32708267326 -151.923404999278 280.667178668331)
(1073.73337228483 60.7073099430447 394.346471389099)
(1012.25548052238 92.9088685457108 373.056716046629)
(1242.07897846573 27.0565393165066 639.89808800911)
(897.408156388374 -144.929518550484 -264.143756518694)
(1233.62130362658 -470.781199230928 441.484280646824)
(844.454836499045 48.8658077950096 300.024296401649)
(918.811500790859 -249.621803186293 79.1385890998308)
(694.364706900801 87.4908465769109 -147.102229641544)
(1028.72241641186 -152.378689730973 -71.7170943976436)
(1467.56662858829 -11.5557757952763 437.737471892542)
(1508.08014507444 241.810758158684 -206.363768153053)
(1123.67708848868 204.570475113331 -196.460560992152)
(639.437620053555 -451.285951382524 -422.091688194794)
(1265.3301362543 -676.977847234547 29.6803457962589)
(964.39900461551 -124.969053202583 -44.6724472058935)
(1680.93439440537 -890.737444836787 114.726440214795)
(857.525505356031 -385.49184985994 169.803665105277)
(1171.63605633511 -42.5414834353232 -226.021564109783)
(721.569681987238 94.5455148725607 191.723293112989)
(1657.33818599642 299.88196859031 -454.752878199874)
(781.336563169687 -245.239262589185 -109.364815875458)
(1161.81250162977 -62.4804614903235 -141.686773369957)
(1387.59499538521 -31.2224848170914 278.936614573819)
(1159.01716866711 -475.210804649822 -364.285690062338)
(686.885164897445 388.299235553117 -394.764383086233)
(963.350247939339 -107.164263785881 -326.054778689418)
(1190.53621049337 153.418525250621 -348.144371577346)
(1167.45985003917 110.155394454717 401.970049211877)
(967.647158600899 138.108084995386 54.5022239520817)
(1233.56922326262 15.2649203638234 417.187121746552)
(691.719869664671 249.275362017144 -420.544617673029)
(715.582613290106 239.321527111003 -203.063400051549)
(1145.39770542671 -223.562433932287 309.250403922452)
(744.158284113445 293.309564937258 222.432636122948)
(1059.8861868375 189.961938675422 -446.338544476332)
(1290.51937441505 -169.182267938678 26.7579750937438)
(1024.95953451519 226.972869134813 -272.327359029249)
(476.434176329576 239.67883024745 -325.574733764111)
(1477.04222678284 135.462383484788 -288.901287778936)
(845.962126909508 173.371802869988 32.8753149100782)
(901.346782494006 326.499931312149 -352.44681360948)
(1161.02344656269 -270.390555725136 294.637210318289)
(821.397125128082 -226.907846686014 183.842203861025)
(1281.12269840072 332.219857181793 322.925495073969)
(705.14576960773 268.742226905642 -247.451023630147)
(1113.95231323855 -127.380025609297 -312.382668331299)
(1084.44615563674 -173.981614562123 -269.771989097541)
(1080.9829443192 7.48798839082409 230.556867873601)
(871.511416058571 -305.672566871607 -231.99441137274)
(987.401353835046 263.057887521407 -564.39110696757)
(400.272708499302 -48.7083328954029 -369.145634610497)
(1231.5659283276 -370.946417831596 -209.594201004444)
(1229.05299395292 76.5395939833019 -437.187806735418)
(563.724702118338 9.47332218849299 313.767704680491)
(1467.74111732428 -651.673139283758 -548.920696724884)
(870.312348988583 342.699077753986 -111.26805105602)
(871.816009973583 145.045731049549 85.1839084836168)
(674.418079626283 -406.310270132515 106.34432259479)
(452.07567199805 -532.566863186849 310.1702615353)
(430.201351484073 -319.231807266153 -443.802220747193)
(1078.55190044007 -217.954786704549 441.101180378725)
(1139.60197206676 767.958896954236 223.923908671894)
(627.852455843981 -274.108877128828 -287.897624875149)
(939.760671453658 163.619408824211 -205.758349994674)
(576.684012408329 -879.627233850563 562.038042643429)
(775.816118391947 236.339268236405 274.730646499708)
(1082.89486892013 -272.20108189062 106.673868655414)
(1282.85020449336 -89.9419731250092 -182.53493650322)
(1103.85950790292 190.925089302006 162.589496943213)
(823.8952529097 158.680684020429 -38.5916389550662)
(1251.92022702237 64.1702925177284 683.034076807845)
(804.00612254571 -447.508230488464 -530.423582819844)
(1186.64785808367 -115.413815201102 589.897145602468)
(848.607985289294 -197.490613160603 -200.598308134333)
(850.205093785214 -348.32843534636 -54.4656224830554)
(1197.936790617 -31.0335839055647 480.122348858522)
(689.194075681932 -91.4872414355979 352.886489168813)
(1104.93753823005 415.471747664003 -382.681812261003)
(1197.91431532829 114.036372874619 -466.103988872615)
(919.525896128976 -459.781286475135 298.285136285819)
(831.253801065613 222.425981639325 199.908398686357)
(985.441217426245 42.2385055739137 355.251394298734)
(1026.18546410731 219.409536356165 -326.562103485129)
(1063.18473382094 -215.187532199275 141.761927089279)
(834.321522166229 88.1000198783716 -11.9744081899829)
(961.1166468104 1.69105248017628 256.832702574427)
(1056.10589261833 201.890752273398 -80.2634502372066)
(482.511207820659 836.124704756455 24.5380645968981)
(547.229273791884 -151.393350642268 -121.020873617382)
(909.208868215109 -426.122353283741 96.4877532391894)
(411.554212777199 348.386501483528 -264.771890332337)
(712.232680147115 356.243319470195 538.557119595899)
(1461.73285392516 124.267226052844 309.810423407919)
(628.333746737661 -180.962192828945 403.022766694337)
(565.321893739934 -97.226800866175 183.630200150172)
(909.203231268833 385.296449255602 303.921037399211)
(851.740032911476 -150.502231206175 -283.511758009312)
(821.362719415017 104.189582760749 -10.1851893221477)
(637.810512956683 -518.469234338355 -90.9407686949467)
(990.398565835023 -224.474153419494 499.379020930763)
(671.647527139584 -564.656289686843 -226.593462811628)
(995.009324836288 588.329900624012 -90.9147797257552)
(833.1463033428 315.150515479851 5.46497957568846)
(1230.72486263871 -8.41418666945513 -186.254841890104)
(1571.00349904756 96.9058266962257 -38.4511844221868)
(707.725425447713 400.967567240275 328.368337863308)
(900.957073082409 -304.994751516072 -307.505876497617)
(1127.8290581056 260.615524652137 -8.37026829984869)
(997.759504457426 -245.492993939694 -154.249139155948)
(880.375786242305 -302.42003730357 -326.982098742004)
(1279.94568255805 -144.387847914795 -366.369063184081)
(614.912499985682 -77.3710084085718 -349.726481149436)
(525.78122848886 -36.9717129720859 -148.589515873181)
(1372.68892051729 50.6867538543838 -174.841222708177)
(1561.69920980246 -268.368947664509 148.723350846377)
(1102.4377250079 -615.537377698535 -34.9010551118858)
(1286.97216911056 -159.201800193723 -155.708651590071)
(1371.67613966736 172.638356736951 346.183871460348)
(568.055443589743 463.94047842001 -25.5886664408617)
(1405.07420633548 193.372237374649 -272.577095861311)
(1153.30648172259 152.117542494868 434.1102906523)
(1105.18091500875 -148.697821460608 283.78717701803)
(1464.8845077235 249.130901907267 -278.0693100386)
(897.885459091758 -116.318260198501 38.8269001317943)
(1027.06682038402 -160.661374679425 151.586717427996)
(1356.40066238868 -87.0032031893022 362.21468918254)
(471.667872862643 100.586573598557 -275.210651864533)
(1282.97251774407 -223.055702885477 -297.921615576092)
(1474.08541091717 -89.7329789387516 -65.5478244186134)
(1150.11206546096 -226.025856554478 198.758388478304)
(833.325581967139 248.432449937826 361.465497561522)
(984.810797815204 59.6420284119335 -17.0348632445219)
(1317.76979188531 -967.953588685067 -434.380501710561)
(813.491656941167 -139.967473521159 313.915288648766)
(1309.24451951759 248.40593541806 -185.70991209922)
(918.088820842306 465.858588698271 44.1800895637899)
(679.980773800246 -17.0011350795848 -146.0499204613)
(1518.16580561142 -6.3583843011083 4.82910624776851)
(913.593494487178 -602.587111686337 398.16136022192)
(805.093642291727 78.045340336603 165.809849083817)
(1236.17799169362 18.8738579399957 303.04510831738)
(1096.32755742558 86.8138151202972 97.000539826233)
(620.032806947499 44.7277986887139 -56.9655440622687)
(1066.56170170854 150.2138800217 -672.602212800761)
(1061.69185534731 288.731373613863 -335.696047774554)
(950.117934728977 -233.238160855419 400.810413677039)
(1183.03861726522 199.996100017255 -117.50213636284)
(628.056790899096 -110.071188577761 -192.726426699817)
(742.49312485277 -494.096636121432 -208.612238908211)
(728.425698975141 777.515008817078 -424.040138445091)
(1217.4429524479 -159.190829186983 -21.8623014045614)
(1137.71135778051 304.299467891583 -121.8009162889)
(795.271509614634 -188.7560978713 -293.74401238163)
(863.467075964645 513.1220926944 287.376822459796)
(631.424686876677 -175.64577923897 -87.0120478577994)
(587.520656854554 -508.31934349867 -128.293670760685)
(626.848210076624 95.1117688749408 60.9394047681185)
(1189.41811225901 140.625640526239 -504.255168951979)
(1074.52293723191 -56.0756950482883 -573.267206759437)
(1237.41561771794 346.677420456011 -13.2983510656328)
(909.416826676072 586.949384294185 -232.563167471139)
(1281.68664023783 58.914457864675 -117.372740607353)
(957.690060202281 -1040.25750671902 -153.518960162795)
)


// ************************************************************************* //
