/*--------------------------------*- C++ -*----------------------------------*\
| =========                 |                                                 |
| \\      /  F ield         | OpenFOAM: The Open Source CFD Toolbox           |
|  \\    /   O peration     | Version:  2406                                  |
|   \\  /    A nd           | Website:  www.openfoam.com                      |
|    \\/     M anipulation  |                                                 |
\*---------------------------------------------------------------------------*/
FoamFile
{
    version     2.0;
    format      ascii;
    arch        "LSB;label=32;scalar=64";
    class       volScalarField;
    location    "0.008";
    object      dsmcRhoN;
}
// * * * * * * * * * * * * * * * * * * * * * * * * * * * * * * * * * * * * * //

dimensions      [0 -3 0 0 0 0 0];

internalField   nonuniform List<scalar> 
654
(
9
8
11
6
3
11
14
10
12
7
16
7
8
10
4
15
13
4
13
10
7
9
11
10
8
14
6
14
8
10
6
12
11
8
12
17
10
6
7
8
7
10
11
11
6
9
12
12
7
10
11
10
14
8
5
8
9
12
15
10
8
7
10
9
12
8
9
8
8
8
11
19
6
8
13
9
7
9
8
11
10
5
9
10
15
3
10
11
11
10
10
7
8
11
6
13
14
7
9
14
5
12
9
6
8
6
14
10
13
7
7
10
13
7
14
12
12
11
10
10
7
8
13
16
10
8
6
15
6
9
15
12
9
11
13
13
5
5
9
10
10
13
3
4
7
14
9
8
7
9
14
7
6
11
13
16
9
2
17
11
6
10
11
7
12
11
7
7
7
12
6
6
14
6
12
7
9
9
10
8
8
5
10
15
11
11
10
8
7
8
9
7
9
10
13
11
12
14
6
11
8
10
6
8
13
9
11
9
8
14
9
11
11
8
6
13
7
5
8
15
8
9
15
10
10
5
5
10
9
13
10
8
9
9
15
12
15
13
14
9
7
10
11
12
7
13
10
8
12
8
9
6
13
8
6
9
16
11
5
9
6
10
8
9
7
12
10
9
18
8
11
11
8
14
8
7
8
5
14
4
9
10
10
11
8
11
12
9
7
10
9
10
11
8
12
8
12
16
7
10
7
10
9
9
9
11
7
7
9
13
15
11
11
14
5
8
7
12
13
7
8
12
12
11
8
13
9
9
6
8
10
9
7
9
8
4
10
6
6
7
6
11
10
5
9
9
8
10
10
12
13
8
11
8
11
8
9
20
15
5
7
11
10
10
8
6
18
9
9
5
10
21
10
10
4
4
10
12
12
13
9
9
4
6
14
11
8
10
6
10
8
11
8
12
8
10
11
7
10
10
9
8
10
7
8
6
6
13
8
11
9
16
7
8
10
8
7
9
11
11
7
6
14
13
9
13
11
7
12
12
7
5
9
4
8
13
7
11
13
9
26
26
36
25
23
33
33
29
30
23
9
21
23
28
35
23
28
24
25
21
13
17
13
17
12
25
22
28
17
21
12
6
12
13
20
14
16
16
22
18
6
13
11
15
21
15
12
20
11
13
7
18
14
15
22
11
16
10
12
18
11
12
8
15
13
17
15
15
15
21
11
13
7
12
8
10
17
15
17
18
11
12
13
12
14
11
10
7
7
12
3
8
7
16
15
13
7
9
8
12
6
9
7
12
13
5
7
12
10
8
10
10
11
8
9
10
18
9
7
7
10
9
12
14
8
7
7
11
12
10
11
9
10
10
9
8
13
4
7
15
13
8
8
5
12
15
12
7
5
7
7
8
10
8
8
11
9
10
15
5
8
11
7
5
7
8
8
12
6
10
10
9
15
9
7
18
10
8
9
13
11
13
8
11
6
9
8
12
9
13
13
8
8
8
12
4
15
6
9
10
8
10
17
8
8
6
5
9
17
10
14
4
11
7
)
;

boundaryField
{
    flow
    {
        type            zeroGradient;
    }
    obstacle
    {
        type            zeroGradient;
    }
    frontAndBack
    {
        type            empty;
    }
    procBoundary0to1
    {
        type            processor;
        value           nonuniform List<scalar> 
21
(
27
29
23
16
20
21
14
16
12
16
9
12
11
4
10
12
10
6
11
11
9
)
;
    }
    procBoundary0to2
    {
        type            processor;
        value           nonuniform List<scalar> 
31
(
8
11
8
11
14
7
7
8
9
8
10
7
9
8
6
10
8
10
6
11
7
3
12
13
8
10
10
11
10
7
9
)
;
    }
}


// ************************************************************************* //
