/*--------------------------------*- C++ -*----------------------------------*\
| =========                 |                                                 |
| \\      /  F ield         | OpenFOAM: The Open Source CFD Toolbox           |
|  \\    /   O peration     | Version:  2406                                  |
|   \\  /    A nd           | Website:  www.openfoam.com                      |
|    \\/     M anipulation  |                                                 |
\*---------------------------------------------------------------------------*/
FoamFile
{
    version     2.0;
    format      ascii;
    arch        "LSB;label=32;scalar=64";
    class       scalarField;
    location    "0.008/lagrangian/dsmc";
    object      Ei;
}
// * * * * * * * * * * * * * * * * * * * * * * * * * * * * * * * * * * * * * //


5114
(
3.179808082e-21
2.479876331e-21
1.425860241e-21
9.827019979e-21
2.193437736e-22
1.339102371e-20
3.434018067e-21
8.24532274e-21
8.924979431e-21
7.143938932e-21
4.403543153e-20
1.369717549e-20
8.231417009e-21
3.869507597e-21
3.875115479e-22
1.063489497e-20
8.413452425e-21
2.148522709e-21
2.578182246e-21
8.765671071e-22
1.171873209e-20
2.840053937e-21
5.91643907e-21
5.431150262e-21
5.040384991e-21
5.510387627e-21
2.396923634e-21
2.787517343e-21
2.39571123e-21
3.852788692e-21
2.730896327e-21
2.257185111e-21
1.433333894e-21
4.622668556e-21
1.004036274e-21
7.06998553e-24
7.58926943e-21
3.901614734e-21
8.494332323e-22
5.698390362e-22
1.974783163e-21
3.896176241e-21
6.056969992e-22
4.652005647e-21
6.006468067e-22
2.248069941e-22
1.069633483e-21
3.595569287e-21
1.363464989e-21
1.522731761e-20
5.142409964e-22
8.696635294e-21
5.146721084e-21
1.236627971e-20
8.498644716e-22
2.385595989e-21
6.047042834e-21
1.295676245e-20
1.161905592e-21
2.462847321e-21
7.650004336e-21
1.378620637e-21
1.89842845e-21
9.040689047e-22
4.213079516e-22
5.502795863e-21
3.732568172e-21
3.069863536e-21
2.793015863e-21
1.229305762e-21
7.452801564e-22
1.082320036e-22
9.048866118e-23
4.60390146e-21
1.15564163e-20
2.216810073e-22
3.282268927e-21
1.945133123e-22
8.220647565e-21
5.751580336e-21
2.3571079e-21
5.323837299e-21
2.322198326e-21
1.980728997e-22
6.065055585e-22
9.614069692e-21
7.826052905e-21
1.113829023e-21
1.857880905e-21
1.319452776e-20
8.77918334e-23
8.176895468e-21
1.153524482e-20
8.582747611e-22
1.078329431e-20
3.32948028e-21
1.268886944e-21
3.412523625e-22
5.939081001e-22
4.360235136e-21
1.751904842e-21
1.092666072e-21
5.109590549e-22
3.925514875e-23
4.449525035e-23
3.932942929e-21
1.136915315e-21
8.753552829e-22
1.484958472e-20
5.012870882e-21
7.973678133e-21
1.373402113e-21
3.498995596e-21
8.21280597e-21
2.005220989e-21
4.385171755e-21
2.057371598e-21
7.312623797e-21
1.793048678e-22
4.621149497e-23
1.691165286e-20
3.988269508e-21
1.382917606e-21
7.675879354e-21
5.470661873e-22
1.789364743e-21
1.208946948e-20
1.698323668e-20
6.965639118e-21
6.274003154e-22
2.534337516e-21
5.850372697e-22
1.476441776e-21
2.955226069e-21
2.399637269e-21
1.489051449e-20
3.030679475e-21
6.778258581e-21
5.19499718e-22
9.720476202e-21
1.779070349e-21
3.124510825e-21
1.080566413e-21
7.149467023e-21
1.375449036e-20
3.813735285e-21
5.11878355e-21
1.834916274e-21
8.34864937e-21
7.074446745e-22
7.859779466e-21
1.777290611e-21
2.854937735e-22
1.108753758e-20
3.372699823e-21
3.329342572e-21
9.940323412e-21
2.69445818e-21
7.945332614e-23
3.631290927e-21
4.312513952e-21
1.851782367e-20
2.300954808e-21
5.658059819e-21
4.462163686e-21
1.948676868e-21
9.150869828e-21
1.73101584e-21
2.211627849e-21
7.755036342e-22
4.215052307e-22
9.125098778e-22
1.037249244e-20
3.619202171e-21
1.346623653e-21
7.132857171e-22
1.282333786e-21
4.244459037e-21
1.061194111e-20
5.919778265e-23
1.468823539e-21
3.035506252e-21
8.221277508e-22
9.140003016e-21
3.132369954e-21
4.227110571e-22
4.398129948e-22
7.543475703e-21
2.109007591e-21
2.002412026e-21
2.431016674e-21
5.820835576e-22
3.793596406e-21
4.934900928e-21
1.52138593e-21
3.400821028e-21
3.25875901e-21
6.47772135e-22
1.16311283e-20
1.41124588e-20
2.092757402e-21
7.49385218e-21
9.007648633e-21
1.04608432e-20
2.984129921e-21
3.226290138e-21
1.982723822e-21
2.571119323e-21
2.469308121e-21
4.661007724e-21
3.942588787e-21
1.739833895e-21
1.169029722e-20
8.933877725e-21
1.62788768e-20
8.684755841e-21
1.340425639e-21
1.232403434e-20
3.875631531e-21
2.067030973e-21
9.261469303e-21
2.270535401e-23
5.287921467e-21
3.369842416e-21
2.957055893e-21
4.034284359e-21
2.201294924e-22
1.087483709e-21
4.27948659e-21
5.228431533e-21
2.543461769e-21
4.713959378e-22
4.638751037e-22
4.788587178e-21
1.565547438e-21
8.073516034e-23
4.76301855e-22
2.787645309e-22
1.046390159e-21
3.632053729e-21
7.931111017e-21
2.263213648e-20
9.337616662e-21
1.049933787e-21
1.153808266e-20
2.410019748e-21
1.700088482e-22
5.705662768e-21
1.046988699e-21
8.90963596e-21
1.72149846e-21
1.08798762e-20
1.638369704e-21
8.196373776e-21
1.879142509e-21
4.318574454e-21
6.215432811e-21
1.596909743e-23
9.334197073e-23
1.97033786e-21
6.388912072e-21
3.891640538e-21
8.760236606e-21
9.391035465e-22
8.021889761e-21
5.578619715e-21
8.024653337e-21
5.75854134e-22
4.703800933e-21
5.52977386e-21
1.525768201e-20
1.571190425e-21
3.48079578e-21
2.346578662e-21
9.879208253e-22
2.428232362e-21
2.784567199e-21
2.456448079e-21
2.064435895e-21
3.101317619e-21
3.36112534e-21
6.831835839e-22
1.992598208e-21
8.973979162e-22
6.598899478e-21
9.529813215e-21
2.412983848e-20
1.771540524e-21
1.090074114e-20
3.748977267e-21
7.280237705e-22
2.01083514e-21
8.793509001e-21
9.710591497e-21
3.460133069e-21
2.990378627e-21
2.145970624e-21
1.336656915e-20
6.08776509e-21
3.457759081e-21
2.900271549e-20
1.402479774e-21
8.375607869e-22
1.826545739e-21
1.647423744e-21
9.86206964e-22
5.994075369e-21
2.815235427e-21
6.040612092e-21
1.081077711e-22
6.923761355e-23
5.202436576e-21
2.078603768e-21
7.205874042e-22
3.792289344e-21
9.009725551e-21
3.70899176e-21
1.531251327e-22
4.844762835e-21
4.580968196e-21
4.648337734e-21
4.223154197e-22
1.007866579e-20
1.647178833e-21
3.151763904e-21
8.233944355e-23
2.109567306e-22
1.057788761e-20
2.864611257e-22
1.287141226e-20
3.521163157e-21
4.651654978e-21
5.599867986e-21
3.135650592e-21
9.26179627e-21
1.499696218e-21
4.289085284e-21
9.103822595e-23
1.064095896e-21
1.984510703e-21
8.379639925e-22
2.958051086e-22
2.519995494e-21
1.073048852e-21
1.498294553e-21
7.812174483e-21
3.151653661e-21
5.625938335e-22
8.232303443e-21
5.235231554e-21
5.356726833e-22
3.008610139e-21
3.732450128e-21
1.352274306e-21
3.968810669e-21
9.906301556e-22
9.133299576e-22
5.522811755e-21
5.764253228e-21
2.695743247e-22
3.250445923e-22
3.201108255e-21
7.22841153e-22
4.587667643e-21
1.713005351e-20
2.553631896e-21
3.885893179e-22
3.868414803e-21
2.877849477e-22
8.984207118e-21
1.605461867e-21
3.007620526e-21
2.263764182e-20
8.628637129e-21
1.974594386e-21
9.204464017e-22
1.304968874e-20
4.302672483e-22
6.10600668e-22
6.51303623e-21
1.679349858e-21
5.002076949e-21
1.227673878e-22
1.047538556e-21
1.892026062e-20
1.071805093e-21
9.394831317e-21
2.675879551e-21
1.405655552e-21
1.016410421e-21
2.614047049e-21
2.392864531e-21
1.452424797e-21
4.678830134e-21
9.148650862e-22
4.346612996e-21
9.738085914e-21
7.109758694e-21
2.810563956e-22
2.115648479e-21
1.761148715e-21
7.634323796e-22
1.796699809e-21
1.228323184e-21
5.305370542e-21
1.93848104e-20
1.494665515e-21
3.060224492e-21
1.107981301e-21
3.330155772e-21
1.914157105e-20
9.533198489e-21
5.89290551e-21
1.616995316e-20
1.675805807e-21
1.138245788e-20
3.087818086e-21
9.418805037e-21
5.52291875e-21
5.388556901e-21
4.098562842e-21
2.635705957e-21
2.307913717e-21
6.985673012e-21
1.872771763e-20
8.665208842e-21
1.781680622e-21
1.740515326e-21
4.840675516e-21
7.257433717e-21
4.735395197e-21
7.507712787e-22
1.542871496e-22
8.605818176e-23
9.337772097e-21
1.337689429e-20
1.084944254e-22
9.865767979e-21
7.290528549e-21
1.016774434e-20
3.372362183e-21
2.026094014e-20
8.104877907e-22
1.846464774e-21
6.234813558e-21
2.627991731e-21
1.224844727e-21
5.727654393e-22
2.66104384e-21
1.224286858e-20
3.749561832e-22
1.887347967e-21
5.235915318e-22
1.34357647e-21
1.77160216e-21
5.743109815e-21
1.418738757e-21
2.765594468e-22
4.243675744e-21
3.15472e-21
8.132616832e-21
4.249082051e-22
7.678815131e-21
1.127923865e-22
3.838210847e-22
1.643995306e-21
7.082197535e-21
1.137358975e-21
1.439650371e-21
7.524444802e-21
6.135697061e-21
3.449207914e-21
4.438490289e-21
1.742154527e-21
1.107752426e-21
5.957651598e-21
7.062466769e-22
6.136102494e-21
8.129414246e-21
1.648612089e-21
2.925222657e-22
4.601788539e-21
8.918259512e-22
3.509302642e-21
3.397699808e-21
2.418356681e-21
1.104779336e-21
1.884431941e-21
1.196436995e-21
7.040051068e-21
2.909465612e-21
2.879352993e-21
6.193278691e-21
3.450071696e-21
1.603033979e-20
1.616930107e-21
2.519663943e-21
1.032013826e-21
2.215119054e-21
6.220659753e-21
2.460542219e-21
7.664864317e-21
2.665336853e-21
1.28347572e-20
1.875017938e-22
3.102395157e-22
1.241998372e-21
9.879611573e-21
3.282653084e-22
2.051410287e-20
9.09877487e-21
7.629109473e-21
2.019213116e-21
8.704947785e-21
1.157533477e-20
1.065331299e-21
1.968418289e-21
1.236615549e-21
3.445303329e-21
1.86506855e-21
1.149435977e-21
1.296735418e-21
5.32473997e-21
3.409424379e-21
5.657289227e-22
9.668827368e-22
1.179298353e-20
1.068930148e-21
1.384413862e-21
2.044804837e-21
2.570569382e-22
1.822227661e-21
3.446801081e-21
3.882005847e-21
2.598489079e-21
6.739338696e-22
2.611120297e-22
6.695024472e-21
1.007453391e-21
5.063861837e-21
6.638518707e-21
5.411901596e-21
5.771600313e-22
5.245160949e-22
2.74983134e-21
1.504516801e-21
5.06206018e-22
1.522791294e-21
2.830210523e-21
6.414997628e-21
4.205356524e-21
8.823450454e-22
2.129522223e-21
2.849063288e-21
7.090871371e-21
8.575770161e-21
1.608952888e-21
1.763519353e-20
5.233687196e-21
3.299126235e-21
1.320496725e-21
2.614844484e-21
2.034517213e-21
1.366629507e-21
5.768726461e-22
5.987809803e-22
5.482040477e-22
1.426191062e-21
4.329219952e-21
5.145062159e-22
3.734095189e-22
8.432374992e-21
3.868098653e-22
1.796394165e-21
1.400366e-21
6.112030432e-21
2.357983351e-21
4.222297979e-21
8.496770466e-21
1.30456038e-21
2.358344453e-21
2.758207569e-21
3.207092374e-21
3.237728811e-22
2.058623679e-21
1.300035425e-20
6.119774982e-22
3.540434633e-21
9.338860448e-21
5.186060344e-22
1.285276253e-21
3.288258189e-21
2.728223395e-21
5.949514023e-22
4.998399591e-21
8.3967512e-21
1.682837638e-21
8.110856101e-21
1.024026479e-21
1.158686999e-20
2.309699026e-21
2.943199744e-21
1.809688222e-21
1.497442342e-21
1.055846026e-21
8.604973335e-21
3.577487478e-21
1.338686863e-21
1.252411194e-20
1.313540671e-20
1.377197147e-22
5.910379009e-21
4.114682901e-21
8.818726302e-22
6.033469128e-21
1.243780733e-20
5.295025437e-21
3.32854985e-21
2.092621999e-22
8.458059671e-22
5.128957719e-21
2.594105047e-21
3.716722543e-21
6.209244425e-21
1.168326971e-21
3.233966642e-21
4.772699424e-21
3.918631494e-21
3.183454362e-21
5.485798363e-21
4.542022249e-21
3.530448975e-21
9.497534099e-21
5.943160149e-21
3.63078023e-21
4.806766457e-21
7.288687075e-22
6.244500462e-22
6.942901434e-21
3.685019737e-21
3.172011875e-22
4.498943909e-21
7.027799792e-22
9.91663634e-21
4.95263652e-21
6.659661561e-21
2.299273541e-21
3.153576628e-20
4.147415415e-21
3.758251181e-21
2.841218133e-21
2.097242473e-20
5.646756222e-21
5.635251046e-23
1.58940641e-21
8.773192109e-22
5.909481751e-21
1.151936767e-21
3.621943255e-21
1.51563947e-21
3.682392468e-21
2.497731334e-21
1.777239332e-21
6.255805679e-21
3.383831374e-21
5.464804194e-21
6.90480389e-21
2.177250891e-21
6.489489253e-21
1.276293071e-20
6.772798823e-21
3.613222845e-21
8.548520574e-21
1.387252131e-20
9.528156433e-23
6.52025512e-21
5.184223177e-21
1.269485187e-20
2.371612526e-21
1.431124647e-21
9.682645541e-22
1.791608743e-21
2.653798888e-21
1.591417237e-20
4.291164508e-21
1.302564899e-20
1.690428094e-21
7.04306603e-21
3.656034559e-21
1.747522995e-21
1.979990617e-22
2.097332219e-21
3.925669668e-21
5.144123609e-23
1.401619799e-21
5.025816478e-21
2.062663412e-21
2.829953489e-21
7.631182845e-21
5.437775348e-22
1.168008197e-20
1.523905247e-21
5.522440305e-21
1.764223369e-21
1.869102732e-21
9.271325867e-21
2.699237887e-21
1.007499091e-21
4.892670685e-21
1.076925037e-21
5.851380875e-22
2.329664164e-21
5.606188954e-21
1.094738127e-21
8.596663937e-21
3.403032606e-21
6.042124181e-22
4.381224517e-21
4.799933176e-21
8.468562606e-22
8.422425871e-21
2.385455734e-21
6.690322704e-22
7.575915344e-21
3.139236508e-21
2.747502642e-22
4.607391258e-22
1.007759732e-20
7.510682367e-22
3.839852383e-21
5.518819849e-21
1.611285106e-21
4.100973665e-21
8.242257075e-21
2.421299401e-21
1.02680244e-21
6.076335967e-21
2.375926713e-21
1.516380257e-21
6.386563529e-21
1.718780328e-20
1.131086967e-21
5.143170618e-21
2.640227876e-21
6.165999402e-22
1.730554598e-21
4.202308567e-21
4.094161851e-21
1.141365726e-21
2.37187084e-22
3.559570805e-21
4.709093521e-21
8.316855518e-22
1.287755829e-20
2.68713654e-21
1.257038355e-21
1.952902037e-21
4.598316384e-22
2.793432417e-21
7.672339599e-22
4.335821139e-22
1.305204589e-22
3.404720565e-22
1.273766993e-21
5.148628031e-21
8.337074382e-21
9.400147139e-21
6.130331667e-21
8.215112319e-22
3.2302169e-23
5.621182966e-21
1.662597692e-21
1.275561161e-21
1.291927046e-21
1.247842561e-20
7.526168739e-22
5.811469448e-21
6.037087075e-22
1.097556106e-22
5.787679699e-21
5.217262586e-21
1.404029121e-21
3.937172912e-21
1.922896478e-20
2.164908811e-21
3.779857314e-21
8.488292256e-21
9.877747561e-22
8.268228708e-21
1.34204661e-21
1.079986134e-20
4.461546094e-21
3.511121663e-21
2.36601687e-21
6.937398977e-21
3.28519601e-21
8.172855059e-22
4.421647398e-22
2.284148314e-21
1.031449081e-21
1.082734672e-22
2.209187611e-21
2.420522439e-21
6.231181984e-22
5.039049391e-21
1.418340625e-21
8.830314718e-21
2.596412054e-21
2.137541723e-21
3.548196856e-21
1.493798594e-22
3.304528023e-21
1.088117348e-21
1.292991147e-20
1.537821501e-22
1.120555484e-21
9.073225618e-22
5.090802313e-21
5.872610307e-21
7.624213022e-21
8.598358556e-21
7.720690207e-21
7.174331032e-21
7.28507656e-21
6.952355692e-21
1.327341282e-22
1.970910911e-21
2.881539078e-21
2.686121924e-21
1.900108098e-22
5.21881105e-21
8.970515315e-22
5.739092998e-22
3.486870172e-21
2.132743017e-21
1.717998945e-21
6.453130224e-21
8.751552841e-21
1.387480478e-20
3.290835748e-21
1.776499055e-21
2.176621396e-21
7.150035144e-21
1.418865745e-22
1.401322582e-21
1.354405036e-20
6.957975432e-21
5.999339847e-22
6.599496965e-22
6.783339801e-22
5.480528646e-22
7.509810758e-21
1.050108977e-21
3.144296811e-22
5.081254622e-21
4.884245053e-21
2.126934404e-21
2.366300646e-21
3.487794975e-21
8.736401255e-21
1.151377754e-21
6.83877062e-21
5.523960623e-21
9.939177513e-22
1.131128547e-23
1.307302957e-23
1.626943796e-22
1.160332833e-21
3.642068958e-21
1.206570361e-21
7.174749903e-21
1.244386499e-21
2.228894396e-21
9.771285252e-21
5.591403024e-21
6.291979276e-22
3.750460921e-21
1.162671515e-21
3.604676362e-21
9.664320265e-22
4.564530029e-22
6.754352306e-23
6.263882583e-21
2.184673307e-22
7.911127876e-21
1.336244547e-20
5.943305453e-21
3.092403402e-21
1.453894967e-20
9.075270792e-21
6.261889824e-21
3.88177682e-21
9.26270395e-22
1.115829257e-21
2.220300079e-22
1.525184714e-21
1.300442171e-22
1.794957562e-20
5.318632257e-21
4.168843183e-21
2.584317378e-22
7.602742972e-21
3.314667052e-21
1.712385669e-21
1.148261938e-20
3.857231672e-22
3.615950798e-22
5.249332528e-21
1.848807302e-21
2.38042471e-22
2.690679684e-21
1.24253671e-21
5.388147999e-21
1.002731196e-21
1.652978562e-21
3.247703816e-21
2.58411792e-21
2.031020212e-21
9.987172748e-21
3.55431314e-21
2.456720356e-21
6.380470132e-22
4.980038794e-21
5.406925109e-23
6.240539374e-22
6.564318349e-21
2.476151558e-21
9.119079759e-21
2.944982927e-21
3.844729196e-21
5.436306984e-21
6.394329814e-22
6.241918229e-21
1.65862171e-21
6.75047491e-21
2.952538501e-21
4.917499207e-21
9.173556865e-21
8.783061088e-22
1.343321709e-20
5.654448736e-21
9.925776925e-22
6.845062061e-21
5.06634502e-21
1.150896451e-24
1.231105413e-20
3.106282801e-21
5.031576773e-21
8.395709428e-22
2.731279652e-21
1.914179589e-20
7.108817511e-21
8.408522018e-23
4.859719422e-21
1.0215115e-21
2.137841138e-20
4.176381824e-22
3.986525496e-21
9.300353137e-21
1.480054524e-21
3.077217337e-23
3.65091987e-23
3.514004715e-21
4.544337828e-23
2.029311155e-20
1.062857236e-21
3.345367706e-22
2.403277923e-22
8.811565697e-21
3.400184303e-21
2.527518445e-21
7.10229805e-21
8.902060022e-22
1.450910212e-21
1.041868716e-21
1.582373547e-21
1.479020187e-21
1.310775243e-22
2.147682643e-21
9.257201443e-21
2.599157733e-21
2.031723305e-21
3.496738135e-21
6.418162327e-21
3.00696972e-21
6.021776703e-22
3.589746714e-22
4.336161358e-21
2.286679499e-21
2.946539524e-24
2.359006658e-21
4.855852413e-21
4.779802924e-22
5.493739997e-22
9.318932118e-22
1.610247016e-20
9.055875835e-21
1.318149848e-20
3.07483616e-21
1.204738974e-21
8.152642227e-21
1.127876777e-20
2.200244432e-21
2.839114001e-22
9.110419516e-22
5.163079625e-21
4.16473085e-21
1.868750309e-21
5.009434198e-21
3.949648912e-21
5.906070665e-21
4.00202718e-21
5.605219864e-21
1.832404973e-20
2.164066708e-21
2.003896045e-21
6.604484897e-22
3.994615457e-21
1.223372045e-21
4.023371275e-22
5.732601986e-21
1.776305066e-21
1.722446416e-21
1.985003942e-22
9.269527458e-21
1.400792143e-21
4.655554501e-21
3.712492075e-21
4.300656784e-21
1.012925395e-20
1.068176626e-21
3.115695261e-21
8.120091893e-21
5.524060505e-22
3.23894623e-21
2.656390784e-21
1.960052132e-21
2.427201373e-21
5.197780267e-21
4.304112473e-21
2.223590564e-22
2.210423205e-21
4.758832057e-23
2.190725168e-21
7.727443953e-21
9.866172566e-22
5.367799016e-21
7.718202438e-22
2.623335888e-21
5.989365807e-22
9.233688676e-21
9.52104816e-22
9.527774703e-21
2.719492077e-22
2.972352384e-21
1.460645916e-21
2.352655252e-21
2.098783018e-21
4.562308887e-21
3.326152654e-21
5.756465865e-23
8.80106612e-21
2.21300936e-21
1.043194496e-21
1.036769345e-20
7.581536999e-22
2.308671647e-21
5.899789206e-22
3.495496494e-22
4.434536967e-21
2.778727488e-21
5.728767514e-21
4.866721085e-21
2.889057165e-21
1.51080951e-21
4.571164543e-21
1.073879961e-21
9.425995465e-21
1.507448121e-21
9.803085858e-23
4.68602361e-21
5.648373618e-21
1.631332957e-21
1.604528326e-21
6.131353059e-23
4.724772091e-21
3.211898837e-21
1.740646007e-20
9.181333403e-21
2.434330523e-21
6.095638377e-21
1.430409699e-20
6.969273641e-21
8.432025031e-21
5.939215344e-22
2.162377118e-21
6.719649583e-21
8.099960783e-21
5.367232868e-22
1.593567794e-21
7.450893513e-22
6.320040547e-21
1.312336305e-21
2.019010361e-21
2.165045506e-21
8.180518471e-21
7.815737536e-21
7.213232805e-21
1.0793503e-21
3.300653232e-21
1.059250077e-20
3.015658158e-21
1.84925903e-20
1.498563239e-21
2.883767628e-21
3.816219909e-21
1.244251175e-20
1.612996995e-21
3.389981907e-21
1.916839917e-20
8.004565758e-21
2.386727305e-21
5.51470005e-21
1.187671239e-20
1.311535354e-20
2.98722386e-21
3.703710905e-21
1.510175793e-22
2.083604468e-21
3.350879931e-21
1.555642152e-21
6.666206169e-22
3.693809235e-22
1.384055103e-20
3.164211784e-21
2.55981164e-21
5.09784645e-22
2.620678212e-21
3.778295495e-21
8.424995537e-22
4.084736851e-21
6.640724309e-21
7.203700488e-21
2.439377775e-21
7.921835805e-22
2.937652469e-21
1.025485105e-20
2.884300208e-21
1.663826367e-21
6.169767069e-21
1.135872338e-20
8.339644672e-21
1.551178374e-20
4.510197659e-21
2.900859855e-21
5.581350569e-22
6.543220148e-21
3.232219533e-21
6.958437869e-21
2.109924876e-21
5.017901879e-21
1.73447813e-21
7.002601367e-21
1.552213055e-20
1.016888543e-20
1.697936795e-21
7.110785974e-21
7.306832341e-21
1.450154714e-21
2.42337695e-21
1.058641834e-21
2.259830606e-21
4.976530069e-21
6.267033693e-21
2.773245166e-22
3.963708936e-21
1.152880875e-21
1.015375676e-20
1.387955474e-21
2.369069869e-21
5.739101094e-21
5.096930434e-21
1.304806294e-21
3.812746222e-21
2.770351995e-21
1.501012042e-21
8.306793e-21
5.98587991e-21
1.425920713e-21
3.511757739e-21
1.537253829e-20
6.640588481e-21
5.605152585e-22
2.504366599e-21
4.512192335e-22
2.055660694e-21
1.725975499e-20
2.251984767e-21
2.770410902e-21
6.543444576e-21
3.28440272e-21
7.076957234e-22
3.790555928e-21
1.237429959e-20
4.891727567e-21
6.114677521e-22
1.249366469e-21
1.300688262e-21
2.709942218e-22
9.477437744e-21
9.032650561e-22
4.546637925e-21
6.093522858e-22
2.584961353e-21
5.043884725e-21
2.866867186e-21
5.191645519e-21
7.513253991e-21
2.489077822e-21
2.626072697e-21
1.518645422e-21
1.872322684e-21
8.1551671e-21
4.656424541e-21
3.170864822e-22
5.312690364e-21
1.297837866e-20
5.781057952e-22
5.393567391e-22
9.38345493e-22
1.580681325e-21
9.685594797e-23
9.993690713e-21
2.418551848e-21
3.436493831e-21
3.283968587e-22
7.02088768e-23
5.859487032e-21
2.574937992e-21
8.261834165e-22
2.179518657e-21
4.573521185e-21
6.890082382e-21
4.853681186e-21
8.933907186e-22
1.183749494e-22
9.470442966e-21
5.638419686e-22
7.68412772e-21
5.737357481e-21
6.862069002e-21
6.226604778e-21
3.452124805e-21
1.486149789e-21
6.319697612e-21
9.490029687e-21
1.591034204e-20
6.837332638e-21
8.583165754e-21
5.439737348e-21
7.12875853e-21
9.741599474e-23
9.211108174e-21
5.607056459e-21
3.988029017e-21
2.28797636e-21
2.30563625e-21
1.584573778e-21
7.180483379e-21
4.366547198e-22
7.584452627e-21
1.03748317e-20
2.713362352e-21
5.460770308e-24
1.523808572e-20
2.017201901e-21
1.883542941e-22
5.955918728e-21
2.318893852e-21
2.105078897e-21
5.588317195e-21
7.676723614e-22
6.085309683e-21
3.799363702e-21
1.10708069e-20
1.775414502e-21
1.449099465e-21
2.751388722e-21
1.627217719e-21
4.530453379e-21
2.48709036e-21
1.346244609e-21
1.585629216e-20
1.718036884e-20
8.214649992e-21
1.365949841e-21
7.876069257e-23
9.625213994e-22
1.184574483e-20
6.992842245e-21
3.853514401e-21
3.174289952e-21
2.132893172e-21
3.476620846e-21
5.801890131e-22
1.070175246e-21
9.330947093e-21
8.351168291e-21
1.790970574e-21
1.105056806e-21
5.893441172e-21
1.998888987e-21
3.707724685e-21
3.017414674e-21
4.555047333e-21
1.521974781e-21
1.453414948e-21
1.156824162e-20
1.599609887e-21
7.402490899e-21
5.652615073e-21
2.137212934e-21
1.865804951e-20
7.097081555e-22
1.173770493e-20
5.364043521e-21
2.491888745e-21
2.603311434e-21
2.660663337e-22
5.476428988e-21
5.369984256e-23
7.16884878e-22
5.599505803e-21
5.814553373e-22
9.994786731e-22
7.279955008e-21
5.198680473e-21
4.100691663e-21
9.18004012e-22
3.336806647e-21
3.457733133e-21
3.964798518e-21
9.252091554e-23
1.657591484e-21
5.857667873e-21
1.778289939e-22
3.209421072e-21
7.171573947e-21
1.648901222e-22
6.740395513e-22
1.504544264e-20
2.534104505e-21
5.156616736e-21
3.23785165e-21
6.808472771e-21
3.07326152e-21
3.352870256e-22
2.173670761e-21
4.259842383e-21
1.449898125e-21
3.813217815e-21
8.778541144e-21
3.36077319e-21
5.828270527e-21
9.251996689e-22
6.761290356e-22
4.397556189e-22
4.618964247e-21
9.983081893e-22
1.462623895e-20
3.087930356e-21
2.702770601e-21
1.772454825e-21
1.210627592e-21
5.863110114e-21
4.846363127e-21
1.174738205e-20
4.0081374e-21
6.756343972e-23
7.453513948e-23
2.962605182e-22
3.000563335e-21
1.505279063e-21
7.246325568e-21
1.536418711e-21
6.419818404e-21
1.760178275e-21
1.314611384e-23
3.892569091e-22
3.144732594e-21
9.761880487e-21
1.090364782e-21
1.737785085e-20
2.446084419e-21
1.118664746e-21
3.706150845e-21
5.402143848e-21
8.93243497e-21
7.650393941e-22
1.095577712e-21
7.356929348e-23
3.590830256e-21
4.867671912e-21
2.765800399e-21
9.983998534e-23
7.85700721e-21
5.639245309e-21
2.189812423e-21
5.7108001e-21
4.522713764e-22
4.549918162e-21
8.819497585e-22
1.07070884e-20
1.453864981e-21
2.213308621e-21
4.35619704e-22
3.502067197e-21
4.1289587e-21
2.619275115e-21
3.741505511e-21
9.335801492e-22
5.576033355e-23
2.105932739e-21
6.419864251e-21
1.255598706e-20
4.011023861e-21
4.776114262e-21
5.548494667e-21
9.918705261e-21
6.00708928e-21
5.079921307e-21
5.570869102e-22
1.683647505e-21
4.669783e-21
3.20916713e-21
8.074268926e-21
2.157233323e-21
5.632651279e-21
1.712339488e-21
1.18304475e-21
1.383531362e-22
2.463598096e-21
8.020723395e-21
3.501533322e-21
7.950914877e-21
4.079206521e-21
3.268003255e-21
9.024163587e-22
2.234064386e-21
4.671325523e-21
1.707492725e-21
1.370118076e-21
4.690803538e-22
1.501244952e-21
2.417211989e-21
2.628248622e-21
1.219602868e-20
3.99888214e-22
5.2742424e-21
3.534000447e-21
5.828734781e-21
2.946044258e-21
7.087934248e-21
4.75499185e-21
1.330664679e-21
3.237563074e-22
2.284350515e-21
1.266181832e-21
4.749036801e-22
8.592202292e-23
1.202411345e-20
9.680994015e-22
5.807751097e-22
8.918848299e-23
3.899582138e-22
5.094957185e-21
1.162484081e-21
2.734489778e-22
6.73841427e-21
2.290394159e-21
2.473487408e-21
1.563711398e-22
7.639413451e-22
3.533864637e-21
1.290908782e-21
3.906978473e-21
2.721330223e-21
1.112833898e-21
2.819706651e-21
6.850234715e-21
1.384080556e-21
1.731352667e-21
6.079053276e-21
1.596353454e-20
7.625749518e-22
6.376005224e-21
2.756848083e-21
3.883305732e-21
1.229009031e-21
5.2248183e-21
1.740028525e-21
4.620460427e-22
1.85718065e-21
2.853102824e-21
2.652404939e-21
5.868774878e-21
6.700303044e-21
3.490415366e-21
6.870103243e-21
8.317826446e-21
1.544526257e-21
7.706321935e-22
1.031706232e-21
9.614900982e-21
1.350456173e-21
1.049668e-21
1.2358928e-21
2.965447219e-21
4.738589739e-21
6.226458143e-21
3.721008919e-21
3.020132101e-21
3.829305894e-23
6.083580679e-21
3.671651921e-21
1.615984425e-21
9.677973841e-21
8.206005137e-22
6.38734793e-21
7.089542509e-21
1.508242044e-21
3.598544429e-22
2.919016145e-22
5.590471877e-21
1.002159764e-20
1.228368307e-20
1.069461839e-21
1.084708468e-22
7.108166393e-21
1.42523852e-21
1.893108198e-21
4.704172432e-22
2.001607852e-21
4.732273368e-21
7.206398599e-21
6.391554856e-22
1.105153415e-21
6.136740534e-22
2.480281776e-21
4.86892714e-22
8.347959226e-21
4.566128035e-21
1.193305787e-20
3.032671284e-21
1.197584676e-20
5.061107729e-21
2.067288391e-21
5.024236705e-21
6.394874056e-22
1.505144605e-21
1.14891851e-21
7.501126481e-21
3.476262147e-21
2.646071488e-21
9.327088036e-22
1.004995397e-20
1.225741997e-21
3.839850145e-21
6.704848969e-21
8.360386445e-22
1.982843414e-21
1.316968516e-21
1.719833095e-21
9.426717061e-21
2.913023678e-22
1.091083877e-20
3.967053739e-21
1.199206711e-21
2.031503936e-21
4.478105235e-21
3.453668458e-21
9.12564504e-21
1.423073451e-21
9.63784129e-22
4.376928334e-21
1.878859826e-21
8.474536419e-22
6.529968284e-22
1.306670459e-21
7.246483393e-21
6.36337826e-21
1.589582708e-21
7.162933105e-21
3.451648469e-21
2.745366599e-21
1.585044392e-20
9.413123123e-22
1.157219289e-21
1.16993011e-21
1.920296628e-21
1.218878596e-20
5.151046997e-21
7.957427239e-21
1.521723369e-21
1.347767671e-20
6.824844219e-21
7.106522481e-23
2.298894184e-21
3.340272644e-22
7.326645789e-21
3.869596109e-21
5.047748013e-21
6.189449056e-21
3.601748089e-21
5.65006691e-21
7.203436575e-21
1.970876998e-22
2.087274198e-21
4.857216002e-21
1.483440692e-21
4.29512261e-23
9.583791862e-22
3.702058586e-21
2.338401851e-21
6.773444892e-21
1.977956303e-21
7.619373677e-22
6.801213298e-21
3.722046506e-21
4.061820884e-21
1.159150565e-21
4.58773435e-21
8.868087889e-22
2.105423672e-20
1.85739618e-21
2.248088354e-22
2.445308972e-21
5.223367495e-21
1.637928173e-20
1.226794844e-20
4.661259994e-21
3.122299711e-21
2.699765036e-21
4.37095238e-22
7.312624442e-21
7.317333386e-21
4.825370073e-22
9.50438182e-23
2.509713502e-21
4.912263257e-21
2.527365963e-21
2.615931759e-21
6.792397404e-21
8.117628185e-22
8.436437915e-22
1.414720314e-20
1.056939599e-20
7.998923138e-23
4.188452269e-21
2.420598346e-21
6.621288094e-21
3.927252247e-21
7.03697017e-22
1.247933128e-20
1.300493404e-20
1.694290294e-22
5.977803872e-22
6.156846607e-21
5.684837939e-22
2.581316195e-22
1.180719181e-21
3.470128727e-22
2.599817583e-21
8.350037449e-22
1.379760698e-21
4.831957259e-21
3.678161085e-21
9.60155275e-21
5.432860741e-23
3.091782275e-21
2.949210052e-21
4.692945881e-21
1.58712675e-21
3.195501126e-21
3.592715584e-21
3.727153788e-21
3.4881696e-21
1.498761625e-21
3.981483593e-21
2.180660566e-21
1.555227555e-20
2.458675953e-21
8.647090749e-22
1.271635678e-20
6.771350576e-21
5.218702183e-21
6.48154328e-21
1.537797083e-21
5.050794861e-21
1.320938585e-21
1.387798896e-20
4.031047001e-21
1.231184847e-21
4.117190719e-22
2.152949522e-22
1.371662142e-21
9.826387527e-21
6.595509231e-21
6.368755301e-21
9.25320193e-22
1.743542747e-21
2.6740372e-21
9.76916081e-22
1.28398097e-20
6.721062907e-22
1.618105293e-21
1.091763126e-20
4.989485332e-21
8.321825017e-21
6.674344184e-21
3.548446064e-21
1.403194184e-20
1.907242519e-20
2.790307491e-21
8.870169927e-21
5.15407536e-21
3.605086178e-22
4.205863653e-21
5.331258504e-22
1.484170685e-21
2.39098232e-22
3.168418679e-21
8.479749899e-21
3.944571458e-21
2.197600006e-20
4.550825935e-21
2.115097622e-21
7.908930336e-21
6.91131309e-21
1.557620992e-21
3.502709685e-21
4.301018799e-21
2.731117596e-21
1.098003809e-20
6.05143775e-22
2.888648116e-21
1.67124012e-22
6.238856716e-22
8.541220543e-22
1.335503819e-21
1.472861766e-21
6.78696408e-22
4.427431865e-21
3.907838914e-22
2.995008362e-21
3.218409211e-22
1.196241812e-20
9.150895895e-21
1.911781797e-21
7.61071971e-21
3.905513169e-21
3.194132264e-21
8.089631339e-22
2.177953029e-21
3.951481387e-22
3.799040723e-21
1.891591947e-21
9.404684882e-22
3.679097353e-21
3.868506582e-21
1.565532052e-20
2.644617876e-21
7.540078918e-21
4.599136836e-21
1.539053544e-21
5.893844869e-21
5.438128435e-22
2.895081829e-21
2.124632081e-21
1.325926044e-21
1.194477397e-21
1.434175946e-21
3.151983926e-21
1.276873635e-21
6.34903929e-21
6.058538935e-21
1.421465685e-20
1.583812173e-21
1.416573453e-21
1.363828461e-22
1.124404018e-22
2.334323184e-21
1.727761894e-21
1.232769449e-21
7.581872841e-21
2.542680708e-21
5.538760454e-22
2.175640509e-21
2.368288063e-21
5.958202923e-21
4.364655133e-21
4.91524678e-21
2.240605551e-21
1.169584357e-21
2.417923765e-21
2.794105116e-21
3.582707119e-21
2.395334565e-21
8.898294133e-21
5.57547147e-21
1.291331699e-20
1.680841565e-21
1.308119022e-21
5.73308355e-21
1.12890286e-21
1.258449809e-21
1.668484052e-21
4.317227858e-21
6.366280442e-21
1.043106166e-21
2.787246311e-21
3.461103211e-21
1.926921231e-22
2.206252042e-22
9.908797442e-22
1.403340023e-20
2.736814464e-21
1.1695425e-21
2.160433544e-20
3.897636223e-22
1.225917182e-20
4.674491201e-21
7.499699584e-21
1.482119736e-20
4.617887516e-21
1.023486181e-20
5.991129884e-21
1.855306786e-21
1.090723234e-21
3.028981446e-21
6.352967916e-21
2.807020456e-22
3.623047069e-21
2.708808824e-21
5.159908082e-21
4.18015453e-21
3.428033062e-21
1.042788247e-20
2.518496855e-21
2.896785019e-21
1.142959905e-23
5.116294641e-22
3.057580708e-22
6.339820693e-21
5.5934001e-22
2.571467373e-22
4.572413562e-21
1.109749613e-21
2.179531541e-21
2.277416957e-21
1.518970754e-21
1.015427071e-21
9.340765796e-22
2.608081133e-22
1.325194032e-21
1.045538485e-20
1.319963587e-21
2.558135851e-21
3.800859369e-22
1.135484749e-21
1.962338262e-21
3.764672798e-21
3.778799767e-21
3.608989049e-21
1.053282041e-21
2.676536181e-21
5.804038986e-22
2.438580187e-21
2.779405281e-21
1.374993135e-21
5.053240738e-21
6.805097778e-21
5.379446011e-22
2.673995761e-20
7.735578465e-21
2.160797942e-21
1.02460446e-21
5.171380556e-21
1.115166184e-20
2.226123915e-20
1.419623792e-23
1.621287844e-20
5.235523025e-21
1.538694623e-22
8.681218738e-22
3.233762786e-22
3.629825279e-21
5.949763394e-21
3.369658075e-21
2.978761682e-21
2.495313788e-21
1.729848343e-21
5.943248601e-21
3.427605619e-21
4.970065451e-21
7.491650425e-23
5.726812673e-21
2.741754124e-22
6.882750629e-21
3.116866046e-21
7.897376024e-22
2.632699201e-21
1.03016284e-20
3.96562325e-22
1.583913978e-20
3.978529483e-21
1.518040689e-20
1.261574776e-20
3.043592071e-21
3.210480022e-21
8.018801933e-22
4.011483759e-21
2.529308417e-21
1.384753296e-21
1.443067932e-20
8.533920562e-22
1.317637239e-21
8.059445691e-21
8.264799432e-21
1.385320418e-22
9.319862354e-21
3.903130633e-21
1.680043502e-22
1.090165662e-21
5.496965359e-21
6.110173598e-23
2.152251117e-23
9.598018905e-21
1.970461336e-21
9.809551575e-21
2.959994104e-21
1.035915512e-21
8.680961921e-21
7.698995524e-22
5.788823562e-21
9.825667539e-22
1.540946683e-22
3.674086934e-21
3.294239156e-21
5.510601555e-21
2.418702987e-21
5.817779606e-22
2.280503397e-21
8.139579722e-21
3.171431756e-21
5.7649557e-21
2.77404761e-21
4.505971494e-21
1.186977912e-22
2.932203851e-21
6.574192122e-22
9.928952569e-21
3.502127366e-21
9.573963722e-21
6.417202411e-21
3.047237215e-21
2.368533551e-21
3.746469075e-21
3.661856802e-21
2.463106552e-21
5.060479623e-21
2.39845141e-21
1.3551978e-21
9.458855351e-22
3.158271803e-21
4.084700937e-21
1.311622827e-21
3.120517406e-22
1.554551315e-21
2.760046489e-21
1.323536703e-21
5.600627385e-21
3.248625999e-21
1.207935313e-21
6.241236681e-21
4.415165793e-21
3.8962728e-21
1.009228211e-21
3.194723798e-21
2.794472096e-20
8.801188006e-22
3.211214618e-21
1.272393109e-20
3.443670749e-21
1.819799892e-21
8.06755858e-22
5.04775232e-21
7.902789187e-21
2.560428136e-21
1.418562839e-21
9.162763272e-21
2.04521495e-21
5.497470072e-21
2.77594027e-21
9.62285055e-21
1.393924442e-21
1.456265548e-20
3.160988849e-21
3.138654386e-21
1.065169721e-21
1.104284505e-20
6.627458504e-21
4.706707876e-21
1.769354995e-23
2.390370316e-21
2.28890085e-21
1.798901348e-21
8.634520294e-21
2.16181957e-21
5.763516441e-21
2.807775132e-21
4.266415085e-21
2.851079803e-21
4.038167706e-22
6.237198985e-21
2.97720613e-22
3.490921779e-22
1.384760072e-20
1.085943585e-21
2.068730907e-23
2.248730327e-21
8.448043006e-22
5.409849396e-21
3.564048946e-21
2.45140587e-21
6.783227808e-22
7.790952914e-21
3.918573155e-22
2.933868094e-21
1.435113747e-20
5.474806708e-22
9.271730359e-24
4.945728333e-21
3.672287039e-21
4.658397036e-21
4.350683869e-22
7.675175787e-22
5.416397108e-22
3.505190572e-22
1.193616025e-21
4.410474237e-21
7.681011477e-21
1.578675783e-21
4.248539739e-21
6.790550023e-21
4.198084573e-21
1.591386755e-20
4.068775215e-23
5.48201761e-21
8.477889237e-21
6.306032198e-21
7.139218131e-21
2.075140565e-21
9.759952145e-22
2.849422314e-21
7.897253463e-22
7.12968151e-21
2.863405705e-21
4.995660903e-22
7.03069459e-21
7.113387696e-21
2.112281268e-21
2.691047165e-21
1.004930617e-20
9.365460488e-21
8.004523935e-22
1.976328285e-21
2.120202451e-22
5.042761133e-22
2.638179621e-21
3.489141509e-21
6.204794431e-21
1.407057483e-21
5.16590802e-22
2.68101463e-21
2.405916298e-22
9.695226667e-22
9.091566486e-22
3.588049529e-22
9.600578803e-21
6.930951936e-21
1.076509788e-21
8.723202872e-22
9.065601025e-21
6.010506075e-21
1.126513055e-22
9.740005259e-21
2.218050314e-21
1.797310153e-20
5.012210867e-21
2.045313735e-21
3.149989853e-21
3.594812668e-21
2.162598024e-21
3.458012967e-21
3.068015626e-22
2.869807354e-21
7.998911174e-21
1.167567762e-21
1.677226937e-21
4.672161218e-21
9.046387402e-22
1.359593129e-21
1.840089737e-21
1.47334825e-21
1.200901163e-20
3.182294687e-21
3.09283609e-21
3.021993242e-21
7.257288163e-22
4.341508621e-21
2.28596618e-21
6.11992815e-21
6.167467279e-21
3.137272667e-22
1.39813667e-20
3.651164781e-21
7.933706809e-21
1.527509698e-21
2.024761866e-20
2.461896095e-22
5.218240157e-21
1.452545195e-21
3.969729283e-21
3.712685806e-21
7.48468483e-21
2.812167915e-21
1.476129383e-21
7.011480106e-21
3.04866824e-21
1.539274345e-21
2.861935666e-21
1.66522761e-21
6.967495274e-22
1.07100513e-20
2.221471558e-21
1.287332791e-22
4.370394306e-21
7.36211182e-22
2.38507595e-20
4.851572973e-22
8.258296618e-23
1.421667808e-21
1.835879794e-21
2.451843863e-21
1.967507249e-21
6.798559999e-21
7.226248193e-21
7.637213495e-21
2.703818985e-20
5.869433744e-21
4.010082137e-21
1.683817638e-21
4.948458247e-22
1.180315413e-21
2.105657228e-21
1.437290568e-20
2.427088038e-21
1.895975759e-21
1.159112517e-20
4.257091794e-21
3.027505585e-21
1.484873387e-21
1.829731486e-21
1.789207781e-20
1.486543086e-22
1.169789243e-22
5.021363545e-21
5.856501326e-21
7.484666181e-21
1.473259166e-21
2.177918615e-21
1.067678213e-23
2.412486427e-21
2.972223845e-21
1.006292655e-22
5.524109746e-22
8.264904148e-21
2.79415671e-21
8.701869724e-22
8.997774956e-21
4.525369915e-21
4.894834441e-21
7.237297359e-21
4.039086393e-21
5.204440141e-21
4.244402045e-22
3.336230925e-21
8.629468661e-21
6.942993081e-22
1.032608538e-21
7.721867522e-22
1.13138686e-21
5.735003952e-22
1.434312555e-21
4.14316512e-21
2.369122335e-21
7.863682788e-22
1.706232499e-21
1.101591376e-20
7.155202563e-21
1.74824985e-21
4.551695802e-22
8.594598305e-22
2.325108901e-21
1.150350114e-21
3.913555049e-22
6.441598484e-21
7.340895957e-21
2.561105419e-22
2.219484485e-21
6.192815051e-21
5.535573284e-21
2.733498113e-22
2.642779679e-21
9.32943027e-21
1.835224172e-21
4.832034993e-21
9.028050996e-21
5.752484626e-21
5.230863435e-22
2.686192912e-22
5.341732264e-22
5.179233053e-21
3.690613725e-21
9.036810232e-21
2.794541378e-21
1.326762318e-21
1.425559705e-21
8.029161505e-21
1.23793804e-21
5.22516125e-22
3.297560227e-21
3.249777468e-21
2.506797485e-21
1.097881064e-21
3.89334386e-21
4.768244896e-21
1.196438866e-21
1.09955458e-20
2.152388093e-22
3.60229939e-22
4.99212006e-21
3.100253029e-21
2.475029457e-22
2.046075137e-21
3.00011946e-21
5.54476826e-21
6.1212463e-21
1.886556556e-20
2.846748463e-22
1.747127803e-20
3.589765033e-21
2.638306256e-22
1.251082137e-20
8.538949242e-21
4.877581434e-21
1.616034306e-22
9.501741276e-21
6.767368394e-21
7.947976289e-22
6.063725108e-22
4.41572114e-21
5.425178501e-21
4.033846667e-21
6.280443716e-21
2.694890653e-21
3.979759056e-21
1.797412607e-21
3.498652172e-21
3.307598551e-21
3.204396637e-21
5.306253208e-21
6.49222672e-23
9.444124622e-22
6.98301875e-21
9.57971685e-22
5.709754953e-21
3.406920902e-21
6.1739684e-22
1.14646688e-20
5.033941375e-21
3.184078684e-21
5.426043656e-21
7.883241137e-21
8.824360404e-22
4.776082631e-21
9.563829237e-21
1.416345567e-20
2.875177979e-23
3.35446647e-21
4.244878319e-21
2.042409472e-21
4.263758698e-21
2.537386764e-21
8.84962273e-21
7.706612205e-21
6.620794603e-21
1.274351046e-20
3.044102202e-21
1.525903299e-21
3.242957933e-21
7.561802947e-21
3.408915579e-21
1.048796818e-21
1.709199042e-21
1.325114627e-21
8.181136009e-23
2.735559504e-21
7.882266727e-22
9.200436448e-22
5.420882038e-21
2.58151905e-21
3.168305717e-22
7.24002064e-22
3.043431921e-21
3.941246723e-21
1.047358487e-20
5.360989114e-22
5.863492983e-21
7.112678568e-21
8.675415968e-22
4.271036403e-21
2.75277776e-22
1.325074904e-20
3.724566824e-21
9.255238258e-21
5.968299427e-22
1.316259397e-21
1.25015825e-20
1.988498394e-21
3.249765334e-21
8.140237784e-21
1.741564098e-21
3.441623967e-21
2.207008651e-21
4.580721011e-22
1.132796005e-21
1.266366779e-22
3.461549318e-21
1.998912084e-21
1.111515986e-20
1.892342229e-21
1.104578819e-20
3.681621005e-21
4.589636469e-21
2.865171449e-21
9.759721428e-21
4.995858915e-21
1.517723169e-21
3.70177223e-21
8.721877255e-21
6.751755243e-21
4.354992161e-21
6.288988447e-21
3.344361755e-21
7.735891186e-22
4.963952964e-21
1.085378892e-21
1.68481632e-21
3.016904977e-21
2.714200513e-21
3.341037212e-21
6.725266363e-21
5.306293093e-21
1.420585809e-21
3.552765207e-22
1.438112956e-21
2.647813373e-21
4.273052701e-21
4.770506668e-23
1.064358758e-20
2.255535237e-21
2.538477493e-22
1.339394128e-21
4.606798109e-21
2.341995402e-21
3.906432357e-21
2.63685987e-22
1.604986285e-21
1.546887485e-21
4.023154184e-21
3.642678925e-21
3.170036303e-21
4.80142153e-21
6.286421351e-22
8.251245729e-22
1.578333556e-21
9.988892674e-21
1.086118149e-20
2.774581725e-21
7.071980446e-21
1.104693569e-20
1.273422012e-22
5.565189097e-22
1.260671505e-21
9.931198973e-21
4.194089265e-21
1.1848202e-21
2.029375691e-21
9.661543278e-22
9.698417648e-21
4.378749656e-21
1.102350695e-21
8.865655477e-22
1.323517727e-21
5.917779807e-21
7.25729339e-21
3.095778586e-21
5.116205518e-21
2.740052753e-21
2.394346175e-21
2.739585325e-21
1.023923324e-20
1.267798659e-21
1.163701351e-20
1.454385303e-20
8.941015448e-21
3.317381494e-21
3.79237324e-22
8.945839007e-21
2.405549784e-21
1.414342295e-21
8.25878083e-21
1.967810344e-21
1.097775474e-22
6.591922372e-21
5.399751392e-21
3.54413957e-21
1.217749781e-20
4.90600038e-21
3.775523134e-22
2.625423452e-22
4.068271311e-22
4.78021379e-22
4.490911922e-21
1.889100883e-21
4.262113336e-21
8.828169239e-21
5.753747809e-21
2.70337932e-21
2.061274727e-21
1.022422324e-20
4.142692818e-21
7.962881517e-21
8.908925812e-21
2.327153638e-21
2.770819461e-21
5.278803497e-21
5.12460675e-21
6.291711223e-21
7.212043347e-23
1.19120081e-20
4.193056364e-21
5.024475414e-21
3.176102046e-22
1.227474473e-21
3.597758766e-21
4.253515205e-22
6.122432185e-22
2.513610559e-21
2.489201715e-21
1.739001023e-21
4.107365463e-21
3.429251594e-21
1.278474026e-21
7.44008948e-21
9.028031395e-22
4.752089652e-21
7.707496783e-21
5.563072228e-21
1.223282034e-21
1.137817417e-21
6.326977826e-21
5.236896318e-21
4.192843754e-21
2.739266425e-21
1.327050918e-21
3.522736957e-21
1.815120039e-21
2.475051909e-21
2.830882033e-21
2.37912266e-22
3.640320213e-21
2.76898905e-21
4.206894957e-21
1.394916016e-21
3.939035527e-21
4.253828252e-21
1.245004959e-21
7.682804355e-22
1.143323605e-20
5.17612638e-21
1.440153492e-21
3.331752008e-22
5.659343069e-22
4.944811499e-21
1.23031093e-21
2.202840436e-21
3.936201357e-22
1.914949995e-21
2.472424527e-21
4.179990768e-22
1.157598015e-21
2.140129721e-21
6.748915242e-21
3.910879602e-21
3.486363119e-21
1.359194734e-21
1.202844128e-21
1.115359408e-22
7.947276056e-22
1.611620185e-21
1.131110354e-21
2.531294199e-21
1.356018629e-21
5.208869288e-21
2.568010959e-21
6.3326713e-21
1.263192958e-21
2.584086584e-22
2.905259909e-22
2.709628686e-21
4.531901225e-21
1.520886138e-20
1.286189845e-21
1.615005894e-20
7.165984331e-21
3.663276775e-22
2.692408439e-21
6.83973775e-21
4.664669361e-21
1.467987937e-21
6.060162887e-21
3.343019951e-21
1.150096237e-21
5.680070613e-22
1.198712643e-20
5.470230314e-21
3.442692621e-21
3.547238577e-21
3.42867128e-21
9.966260366e-21
3.74134553e-21
5.702509933e-21
2.660075399e-21
1.136116795e-20
5.228239223e-21
1.593449311e-20
3.289095221e-22
4.437156695e-21
1.767752025e-21
3.850192757e-21
3.116452054e-23
4.151194452e-21
7.960683122e-21
2.011327859e-21
2.23147836e-21
3.549199904e-21
4.107064204e-21
1.322486443e-21
1.800251514e-21
3.98559056e-22
6.271457468e-22
1.056792474e-21
3.554053947e-21
1.421651099e-21
6.177270962e-21
1.679370764e-21
5.562480058e-21
3.774526776e-21
3.265983194e-21
8.558389003e-22
3.692275907e-22
3.651073145e-21
1.104331009e-21
1.746966378e-21
7.670704057e-22
1.251260191e-21
4.875739695e-21
1.219416218e-21
5.799016584e-21
2.721447055e-21
1.672699475e-21
2.815744458e-21
1.733225225e-21
1.398699326e-20
3.034647954e-21
7.615074771e-22
1.93804722e-21
2.145767803e-21
8.348969313e-22
1.799604186e-21
1.630002797e-20
1.004204927e-21
1.358877905e-21
5.78966067e-21
8.529862064e-21
7.325385233e-21
1.096944809e-21
5.672299049e-21
7.382180216e-21
6.960947095e-21
8.51256897e-22
3.175403714e-21
4.276735052e-23
7.376396862e-21
5.943223824e-21
1.127127462e-20
4.445161585e-21
8.353761025e-22
8.205563111e-21
7.082068778e-23
2.9819653e-22
3.01132685e-21
2.999193113e-22
3.158305112e-21
1.88462101e-21
2.66831554e-21
1.232174099e-21
9.248400986e-21
4.959493798e-21
4.739289997e-21
4.306982425e-21
1.443611947e-21
5.877411141e-22
1.197537801e-20
2.124157363e-21
1.1512765e-21
1.45819808e-20
3.322194624e-21
1.22170173e-21
7.285601196e-21
5.014715252e-21
1.83582584e-21
1.29900138e-20
3.634511054e-21
4.412865109e-21
9.76046062e-21
1.061912533e-20
5.926685888e-21
2.114928878e-21
1.699853501e-21
1.173547385e-21
4.037396804e-23
1.051873078e-21
1.832115785e-21
1.635076639e-21
2.339095816e-21
7.17924648e-21
1.022142221e-21
6.849731595e-21
4.2804127e-21
1.849463038e-21
2.733306483e-21
4.99386404e-21
1.01098341e-20
1.429523461e-20
4.731235053e-21
6.584978882e-21
3.315759503e-22
2.654890416e-21
4.242603006e-21
2.747433836e-20
8.591600155e-21
4.531320781e-21
9.661627055e-22
1.800368975e-21
9.308201346e-22
1.552011069e-20
4.083866799e-21
1.726748387e-21
1.469241966e-21
5.089853108e-21
2.291975178e-21
2.217334006e-21
1.85519857e-21
6.193729111e-21
1.212953643e-20
9.684347699e-21
1.230413269e-20
4.634484179e-21
3.668051638e-22
7.762309022e-21
5.963163449e-22
5.29637826e-22
6.153621165e-21
2.334520363e-21
2.024973551e-21
2.115431816e-20
1.07315031e-21
4.732438635e-21
3.043188882e-21
4.458362401e-21
1.172325308e-20
4.219584058e-21
7.254978507e-22
1.38916236e-21
4.313389054e-23
1.369808315e-21
3.831524105e-21
1.815350805e-21
3.881126404e-21
4.339224366e-22
1.181606155e-20
3.596547918e-21
6.831795014e-21
1.508648342e-21
8.970293695e-21
1.686481332e-22
1.547718807e-21
1.06445659e-21
8.073913033e-22
7.660056314e-22
8.860676586e-22
3.544868299e-21
7.297470068e-21
1.642331677e-21
6.85653908e-22
2.000658269e-21
1.099400206e-20
8.858250892e-21
1.865242461e-21
3.042479471e-21
7.086582221e-22
1.849611382e-21
6.952384199e-21
5.340018187e-21
7.074183486e-21
1.273323355e-20
2.686292815e-21
3.95902916e-21
2.04481928e-21
6.776683143e-21
1.345467713e-21
6.023167175e-22
2.859657963e-21
6.098091443e-23
6.080893223e-22
2.258479283e-21
5.479198518e-21
4.864342155e-21
2.177132576e-21
4.762672241e-21
1.821283414e-20
6.863447828e-21
5.103512672e-21
4.860000604e-21
8.186084017e-21
1.225491378e-21
2.734235547e-21
7.200109544e-22
5.019920642e-21
5.091031561e-22
5.757172612e-21
3.998776938e-21
1.278480173e-21
3.950599295e-22
4.450008378e-21
5.426428479e-21
6.2715618e-21
3.029545562e-21
2.185105292e-21
3.402725272e-21
2.38679923e-21
1.935436549e-21
5.940309437e-21
1.73449794e-21
3.168428882e-22
5.1098702e-22
7.089865033e-23
3.40810349e-21
4.135196796e-21
1.092068849e-21
3.052977558e-21
4.266631195e-21
3.169783246e-21
2.112401857e-21
9.566947568e-21
9.236263949e-22
5.983339854e-21
1.856064102e-21
2.011657688e-21
4.121401941e-21
1.719450108e-22
2.625711551e-21
4.428710262e-21
3.590200907e-21
6.795563502e-21
1.998874798e-21
3.065675277e-21
3.496574606e-21
5.012644716e-21
4.976858648e-21
1.551763862e-21
5.669711152e-21
3.676241034e-21
3.307302485e-21
2.259801241e-21
5.956969363e-21
1.856885514e-21
3.916836281e-21
5.321430904e-21
3.482233612e-22
8.052679186e-21
4.198270574e-21
3.467082685e-21
1.41844062e-21
1.955255049e-21
9.587151979e-22
6.16625406e-21
4.977119592e-21
3.483859918e-21
3.334878127e-21
7.941334348e-21
4.286020355e-21
9.336441793e-22
2.79754002e-21
2.698828273e-22
1.890551922e-21
6.983816249e-21
1.852371407e-21
7.999504737e-21
4.179435045e-22
1.248106677e-20
7.202138006e-21
9.117332479e-22
2.96500926e-21
3.297910145e-21
3.358979359e-21
2.048910508e-21
1.542607862e-22
1.504323259e-21
1.144567967e-21
1.875306275e-21
3.074558214e-21
9.685943065e-21
1.304021026e-21
7.749283046e-22
5.742172028e-21
1.342914989e-20
6.582073117e-22
3.689150941e-21
1.123673544e-20
1.179881e-23
8.297945308e-21
2.647997376e-21
3.968800456e-22
1.82834537e-21
3.735022275e-21
3.378706349e-21
4.048050395e-21
5.568990167e-21
7.058016976e-21
1.073339855e-21
8.478752977e-21
7.058704255e-22
2.109937322e-20
3.758468335e-21
3.279420009e-21
1.788322886e-21
5.231162866e-21
9.53809547e-22
6.623508473e-22
3.007295794e-21
1.499422227e-20
6.447978781e-21
3.357789318e-21
1.781859966e-21
4.487989216e-21
4.301475216e-21
1.016535459e-21
1.980581446e-20
9.665260016e-21
4.054589919e-21
5.150613616e-21
3.312855339e-21
2.585452308e-21
5.042587516e-21
1.128997164e-21
8.096734528e-21
1.613101572e-21
1.285293353e-21
8.504571903e-21
3.42413753e-21
1.070487276e-21
8.037937128e-21
1.211166389e-20
1.287379088e-20
1.935224985e-22
2.079530489e-21
4.396164309e-21
2.414467102e-21
3.44739542e-21
1.314810422e-21
2.779168667e-21
9.093243378e-21
2.987151389e-21
2.817511457e-23
6.30203606e-21
8.521221831e-21
5.260016785e-21
6.252156e-22
3.442178244e-22
1.234873306e-20
3.401147166e-21
1.518806136e-22
6.745239637e-21
6.541116286e-21
3.884260854e-21
1.357701637e-21
1.464164274e-21
2.491289495e-21
6.766150821e-22
9.119968664e-22
8.345535786e-23
9.891416223e-22
9.354304467e-22
5.860147695e-21
1.001060304e-21
1.462932497e-21
1.828105838e-20
8.774072684e-22
8.089564624e-22
2.709753844e-21
1.483987568e-21
6.79216262e-21
1.504719644e-21
1.122691088e-21
1.638258027e-21
2.313026e-21
1.544620782e-21
6.073695731e-21
1.39973765e-20
1.787113216e-22
2.758770822e-21
5.105862745e-21
3.646149296e-21
4.494926479e-21
1.461455266e-21
4.480604879e-21
5.329210853e-21
7.522415347e-23
3.11087774e-21
5.694922703e-22
9.527609613e-22
4.724202588e-21
6.033937693e-21
4.788008753e-21
1.740022435e-21
5.267871572e-22
1.370605422e-21
3.365422284e-21
9.7607549e-22
1.255415104e-20
5.533347601e-22
1.110754664e-21
2.697743577e-21
3.037421306e-21
3.880356017e-21
8.429523163e-22
3.163279468e-21
1.624607593e-21
5.803477881e-21
9.193113045e-21
3.247635141e-21
2.706701705e-21
4.843188157e-21
5.818980111e-22
3.527878921e-21
2.483010746e-21
3.745790834e-21
2.68895057e-20
1.749448581e-21
4.888778414e-22
9.558221196e-23
2.626844599e-22
2.44195942e-21
1.478298033e-20
5.970550894e-21
2.806407424e-21
8.467150115e-21
2.891164379e-21
5.833047071e-21
3.488143981e-21
8.904094697e-22
8.175224393e-23
4.316787963e-21
4.052829231e-21
6.721368741e-21
8.013351286e-22
3.902760474e-22
3.403964578e-21
9.956898395e-21
5.298028309e-21
2.231335839e-21
7.083626559e-21
5.542098139e-21
3.539056591e-22
1.91724033e-21
4.602273603e-22
7.867409508e-21
1.721100534e-21
1.481169472e-21
1.104692341e-21
1.190508003e-20
1.363042519e-21
2.525252561e-21
1.025778698e-21
1.888320183e-20
2.095836004e-22
6.74355102e-21
2.206817964e-22
7.178983087e-21
6.056334345e-22
5.018305951e-21
4.020215961e-21
2.783079766e-21
6.914877614e-21
1.500297873e-21
2.768489525e-21
3.679754959e-21
2.964273108e-21
2.381127766e-21
9.035080446e-21
1.155980179e-20
1.444868013e-21
4.051780153e-21
1.700012415e-21
1.727348793e-21
7.284554384e-21
1.765493757e-22
9.756873511e-22
1.047572782e-21
4.692465615e-22
1.27788319e-20
8.085291909e-21
5.40374396e-21
9.383513612e-22
1.101721053e-21
4.792562553e-21
3.553743017e-21
9.051943548e-22
6.330674135e-21
2.730437975e-21
6.832894735e-22
4.108892481e-21
7.017728543e-21
1.603210277e-20
5.996382203e-22
8.788009024e-22
9.489998404e-21
1.569112273e-21
3.352427414e-21
9.656917259e-22
1.171100452e-20
5.665603439e-21
3.696582869e-23
2.205029766e-22
9.519643321e-23
5.667952231e-21
4.065655839e-21
2.97744013e-21
5.966053124e-21
1.052870576e-20
7.533750565e-21
4.275722693e-22
3.930298848e-21
4.225057513e-21
1.806729332e-21
1.791830874e-21
2.92597359e-21
9.831433396e-22
7.627432566e-21
2.11976498e-21
1.012756206e-20
3.783012317e-21
4.911898879e-21
5.173341852e-23
1.073567838e-21
1.438516664e-21
6.464403686e-22
9.396562345e-21
1.035140193e-21
1.606937797e-21
5.007824894e-22
7.42782091e-22
4.103590081e-22
7.688600409e-21
1.194325396e-21
1.747318254e-21
2.28905645e-21
5.155536022e-22
3.842849402e-21
4.595329519e-21
2.789616274e-21
9.798429259e-21
1.834820938e-21
8.231806986e-22
1.739785183e-21
6.733252144e-22
2.784227089e-21
1.961316894e-21
1.087053919e-22
9.767577694e-21
8.536243222e-21
1.048522466e-21
4.757759123e-21
3.536267674e-22
4.832905282e-21
4.607815277e-21
7.993526962e-21
1.082138195e-21
3.863379668e-21
3.651953677e-21
2.70663549e-21
3.604176894e-22
3.2128929e-21
8.005820341e-22
2.565260951e-21
1.040238576e-20
1.055490402e-20
3.209370858e-22
2.784542109e-21
3.954991733e-21
5.471458517e-22
8.184285119e-22
1.07588892e-22
7.014252447e-21
8.547586952e-21
3.575533722e-21
1.522230735e-21
9.344145025e-22
1.66636656e-21
5.653744236e-21
2.024207907e-21
3.887646823e-21
4.121315219e-21
4.576289915e-21
1.892226861e-21
3.994474884e-21
7.306570334e-21
3.49491505e-21
7.256948327e-21
1.27037202e-21
2.543645984e-21
8.475370503e-21
1.507216802e-21
7.396384407e-22
3.113900689e-21
1.374911698e-20
2.638846728e-21
2.272529422e-21
5.727508578e-21
2.297130204e-21
1.132861019e-20
6.980515631e-22
2.528865299e-21
5.552128082e-21
1.07615941e-22
7.813207146e-21
7.252981859e-21
1.002061824e-20
9.119297849e-22
9.2234136e-22
1.912933396e-21
9.816719291e-22
9.46840433e-21
6.78883957e-21
5.031427029e-21
1.507780683e-21
4.807404258e-21
1.731125544e-21
1.825005651e-22
1.42792658e-21
5.573094e-22
3.045308094e-21
1.188526193e-21
3.466121353e-22
6.287423509e-21
3.250684065e-21
1.165966696e-20
1.231464983e-21
5.021729662e-21
1.854003112e-22
1.081539008e-21
9.864818716e-21
6.636198736e-21
2.635990944e-21
6.383190966e-22
6.140113623e-21
1.237755493e-20
5.563456796e-22
7.465787099e-21
1.162146756e-20
6.33917459e-21
2.023647876e-22
9.542212168e-21
3.888988375e-21
1.776527951e-20
6.029021655e-21
1.974316478e-21
4.940391718e-21
1.909024826e-21
3.438060749e-21
3.633249815e-21
5.188951477e-21
2.923251685e-21
2.834727146e-21
2.839437004e-21
6.65981268e-21
6.645425845e-21
6.223062895e-21
1.82674784e-21
5.205704777e-23
3.124920057e-22
1.052141777e-20
2.035086536e-21
1.276153581e-22
4.573009584e-21
3.194151689e-21
1.417277026e-21
8.020111118e-21
8.344152143e-21
2.916718205e-22
7.461363593e-23
6.034231698e-21
2.587970162e-21
4.081058774e-21
7.767788444e-21
1.945434951e-21
4.549592443e-21
3.137804846e-22
2.754718398e-21
4.246057973e-21
5.27913428e-22
1.15150033e-21
6.07029598e-21
4.970780515e-23
4.3870693e-21
9.889950928e-22
7.641350785e-22
1.079606163e-21
2.230323122e-21
1.540654528e-21
2.369566147e-21
3.665535168e-21
5.495682452e-21
3.299176302e-21
8.498724778e-22
1.063882719e-21
6.122328924e-21
2.622370238e-21
9.093281501e-22
3.048530602e-21
6.106056795e-21
9.291225017e-21
3.600453387e-21
1.496524906e-22
1.784431562e-21
1.666587683e-21
7.662657096e-21
4.821563252e-22
5.915332259e-21
4.36511169e-21
1.511812624e-20
1.029617197e-21
6.169975784e-21
1.97780791e-21
3.999495226e-21
4.267629923e-22
8.637055682e-21
8.757319192e-21
8.360015316e-21
7.130909095e-23
1.222597935e-21
5.021749263e-21
8.784105575e-21
1.176699748e-22
4.538835667e-21
7.274396199e-21
8.36580558e-21
2.549353779e-22
5.975716673e-22
8.156817906e-22
6.081091504e-22
1.807547208e-21
6.450307934e-22
9.934811404e-21
1.238454874e-20
1.679272818e-21
3.724841338e-21
6.127445163e-21
2.144036237e-22
2.488318267e-21
5.319038258e-21
5.799042774e-21
6.774363572e-22
3.973204719e-22
1.041684645e-20
2.97361115e-21
5.348163714e-21
5.000420601e-21
2.025669016e-22
7.019061217e-23
4.430954649e-21
3.334113289e-21
5.723480052e-21
2.15923742e-20
8.617008266e-21
2.00689953e-21
1.174131089e-20
9.959417843e-21
7.354815751e-22
2.936872048e-21
7.007755847e-21
1.390940336e-20
1.628481848e-21
5.137488097e-21
1.32271386e-20
8.605086948e-21
8.593883567e-23
4.168984382e-22
1.341835222e-22
4.006221842e-23
1.180532905e-21
2.876357615e-22
3.403754586e-21
1.049774273e-20
2.129956096e-22
1.156874118e-21
5.004134787e-21
2.787593257e-21
8.872820724e-22
2.127804526e-21
2.351579396e-21
5.855326133e-21
1.625438682e-21
5.293958196e-22
8.031923401e-22
2.527736879e-21
2.268517601e-21
8.792951439e-22
1.637059892e-21
2.604138181e-21
5.620368492e-21
3.294078484e-21
4.720972401e-21
5.817970343e-21
1.076997318e-21
3.001766173e-21
1.658179531e-21
2.567965279e-21
6.743005564e-21
3.372246449e-21
1.268258476e-20
1.728718895e-22
1.9912889e-20
3.878470074e-21
3.03484981e-20
1.431739737e-20
1.289465696e-21
3.318951072e-22
1.016503787e-20
1.653368283e-21
3.424788195e-22
1.434215671e-20
6.551164661e-21
5.204071968e-21
4.985556916e-21
1.533430377e-21
4.282105117e-22
5.956144915e-21
5.169263012e-22
2.760971256e-21
2.510765904e-21
5.955732393e-21
1.824381845e-23
1.794088922e-21
1.455904559e-21
4.980027844e-21
9.246561349e-22
3.332978467e-21
8.703470557e-21
3.180298616e-21
7.880958164e-22
1.096974851e-21
1.514496067e-21
6.437039886e-21
2.094301682e-21
2.934536831e-21
1.097434341e-20
3.318250548e-21
7.394901452e-22
6.25930864e-21
4.495129856e-21
4.139981358e-21
1.593599857e-21
6.056808985e-21
8.917258048e-22
2.243415258e-21
3.792924323e-21
5.158482541e-22
7.566997399e-21
7.333008684e-21
2.402630269e-21
3.036255177e-21
1.883165545e-22
4.690736232e-21
1.012515738e-21
5.882652497e-21
5.258541294e-21
5.613573108e-21
7.266849237e-21
2.012276496e-21
6.658899432e-21
3.925118259e-21
8.025631924e-22
3.538194276e-21
3.235600854e-21
1.531512519e-22
4.656838046e-21
7.125992346e-21
2.643568191e-20
2.35965794e-21
5.869452167e-21
6.227536916e-22
2.220267286e-20
3.001307779e-22
7.125932098e-21
9.074127641e-22
7.047653896e-21
3.339482363e-21
1.148074743e-20
8.576532995e-22
6.597517053e-22
1.071251194e-20
1.199623237e-21
7.114559311e-21
4.179295247e-21
1.871652132e-22
9.63539138e-21
5.65871568e-21
8.519097417e-21
1.412546469e-21
1.391198414e-21
6.815441063e-22
2.971495952e-21
1.432383539e-21
2.268529478e-21
4.748543703e-21
8.170489004e-22
6.00505407e-21
9.789820336e-22
1.184321166e-21
1.431591281e-20
1.340191672e-20
8.632310225e-21
1.158130946e-21
1.04070896e-21
8.061204074e-21
3.509726037e-21
2.940825633e-21
7.692150931e-22
1.03874078e-20
3.553163289e-21
4.427550111e-21
4.490293852e-21
1.772025968e-22
1.41438202e-22
4.701297383e-21
1.928579317e-21
1.089301844e-22
1.736152996e-21
3.149007501e-21
3.046715676e-21
5.498994959e-21
2.901135548e-21
1.854834813e-20
8.846036163e-22
2.233424124e-21
7.974557199e-22
7.8613687e-22
1.899147039e-22
3.82085643e-21
1.889641874e-21
1.926918824e-21
2.871725369e-21
6.015201647e-22
1.703626273e-21
1.571984601e-21
4.177133052e-21
1.730958386e-20
2.516927001e-21
2.739200952e-21
7.699130452e-21
4.145106842e-21
2.470205751e-21
8.056914441e-21
5.283363979e-23
5.060713071e-22
1.751079202e-21
1.196796027e-21
3.47771898e-21
2.217120254e-21
1.358611299e-20
4.992432653e-21
1.906385336e-22
2.186071616e-21
1.259750059e-21
3.0696483e-21
1.71750086e-21
7.677028527e-21
1.262988427e-21
1.283460228e-20
3.486780737e-20
1.326053507e-20
6.54772421e-22
9.595754304e-21
1.224569669e-21
1.329808198e-22
9.023180038e-22
1.623109582e-21
2.551672286e-21
6.033810044e-21
1.311591955e-21
1.730533164e-20
4.440604385e-21
9.2067869e-21
5.609745087e-21
7.378556565e-21
1.117633895e-20
3.659406949e-21
4.312812198e-22
8.643941791e-21
6.355877215e-22
1.907404286e-21
2.84836535e-21
5.883792344e-21
2.228601465e-21
7.155898868e-21
9.24605471e-21
1.890301602e-21
5.504291568e-21
4.843297329e-21
1.060854327e-20
6.203533062e-21
2.442357803e-21
8.305911458e-22
5.98275897e-21
6.088017988e-21
2.594095417e-21
3.455005656e-21
9.425464684e-21
4.277040448e-21
9.630686853e-21
3.595825352e-21
5.281399641e-22
6.691881324e-22
1.334628667e-20
2.426611724e-21
3.594004727e-21
3.688374043e-21
2.4730326e-21
2.390483272e-21
1.962725857e-21
1.250387606e-20
2.515976895e-21
3.373880842e-22
2.194535484e-21
4.971851003e-21
4.645235968e-21
2.086844358e-21
8.816465586e-22
3.134921825e-21
4.276109029e-21
4.327138108e-21
9.684090294e-22
4.707512975e-22
1.518345591e-21
4.389293567e-21
1.604917034e-21
3.772976335e-21
1.111720402e-20
2.677180552e-21
1.049820053e-20
6.714790466e-22
8.581323256e-21
4.171101607e-22
2.276889335e-21
1.940536566e-21
7.143074062e-22
1.605087438e-20
2.406711453e-21
1.956461864e-21
3.101655655e-21
4.175159165e-22
1.253573219e-21
9.426273503e-22
1.132673005e-20
4.750135249e-22
4.3750924e-21
5.915729958e-21
3.176085234e-21
1.881709202e-21
3.334019626e-22
1.739808948e-20
5.607464366e-21
1.090217382e-20
2.074564926e-22
1.005502144e-20
2.335750076e-21
1.583255541e-20
3.747920403e-22
1.006394812e-20
6.727489659e-21
3.143653122e-21
5.964595679e-21
1.562211346e-21
2.906048279e-21
2.216254115e-22
1.702246552e-21
6.361053068e-21
4.479322559e-21
2.421905829e-21
3.504846847e-21
2.532847241e-21
6.044064136e-22
2.104151063e-21
3.342572896e-22
1.861229351e-21
3.436964707e-21
1.208527473e-21
4.186575841e-22
1.272680453e-20
3.963232873e-22
6.945885484e-23
1.082300582e-21
1.228226612e-20
7.473455492e-22
4.577845636e-21
3.395996817e-22
2.191157942e-21
4.541073902e-21
7.517322637e-22
1.604666951e-21
9.630850041e-21
1.070688633e-21
4.744184597e-22
4.566319606e-21
3.105445713e-21
9.322592253e-22
2.513687564e-22
1.085689549e-20
2.508466157e-22
7.475719479e-21
3.084065604e-21
2.637665244e-21
1.099211097e-20
4.567974137e-21
1.143996997e-20
2.415320744e-20
1.066673619e-20
2.995255073e-21
7.860701825e-22
4.411835662e-21
7.921147726e-21
2.93167662e-21
3.702495363e-22
2.654951472e-21
4.498539877e-21
2.38006854e-21
3.242401469e-21
5.333988571e-21
9.212723746e-21
8.275542248e-22
3.308700855e-21
3.586253603e-21
2.071984141e-21
1.350101482e-21
1.322498764e-20
9.507822039e-22
1.202590676e-21
3.653437803e-21
2.14853378e-21
6.012472471e-21
4.711306471e-22
1.741475339e-21
2.317018315e-21
2.423972184e-21
1.380308124e-21
4.748031425e-21
1.228772109e-21
3.904820076e-21
1.456825997e-21
1.330835558e-22
1.641268709e-21
5.834948815e-22
7.876951873e-21
9.091331566e-22
1.043740613e-20
3.533489517e-21
1.716087708e-21
1.583498874e-21
8.550732899e-22
1.697852487e-21
2.260202168e-21
1.892343649e-22
7.393741454e-21
3.124149021e-22
3.582712989e-21
1.546623185e-21
4.11954576e-21
1.197666183e-21
6.145684319e-21
4.512346255e-21
1.044619355e-20
3.963686615e-22
3.860962559e-21
8.669375609e-21
4.471536195e-21
4.502162138e-21
2.049150205e-20
2.432998516e-21
8.587819039e-22
8.789261379e-21
4.639025233e-21
5.708838817e-21
2.655987892e-21
2.313407832e-21
9.156516921e-21
1.889757602e-21
5.46716455e-21
6.936447837e-22
1.670741163e-21
9.654378447e-21
6.161236709e-21
1.34389307e-20
8.012067642e-21
7.298592751e-22
5.885141401e-21
1.619894699e-21
2.205064774e-21
4.830632404e-21
4.42863851e-21
1.489662226e-21
1.410586096e-21
4.093905471e-21
1.299893952e-20
4.530654372e-21
2.622172316e-21
6.730632805e-21
1.617262443e-20
3.621352112e-21
2.240340245e-22
6.322587556e-22
5.075664696e-22
5.828815274e-21
7.230492966e-21
2.516395402e-21
5.634942287e-21
1.240250242e-20
8.586905092e-22
2.139040112e-21
6.098605016e-21
2.829160267e-21
2.62059134e-22
1.196702977e-20
2.379811094e-21
3.631266885e-21
9.783770639e-23
2.781779291e-21
1.619416919e-22
3.38204538e-21
1.813827823e-20
1.07564974e-20
4.764983966e-21
2.377627713e-21
6.934468473e-21
2.370669075e-21
5.832750144e-21
1.539100051e-21
1.145355093e-21
2.371486491e-21
1.660518713e-22
2.680438398e-21
2.598038597e-22
1.180351521e-20
3.11053327e-21
2.982013789e-21
2.088924956e-21
1.070089116e-20
1.441555764e-21
1.667458317e-21
1.961912263e-21
3.393421564e-21
2.247491159e-20
1.789686496e-21
2.567837211e-21
1.44513469e-22
6.714292341e-21
6.865862355e-21
1.502647749e-20
3.611150111e-21
6.534365229e-22
7.601017497e-21
6.108436874e-21
1.291832501e-20
3.957491229e-21
3.524297498e-21
2.603111342e-21
7.287400439e-22
3.720851938e-21
1.595618095e-20
6.416047337e-21
2.134353025e-21
4.248234767e-21
4.473071316e-21
2.430840542e-21
7.916358937e-21
5.770049892e-21
9.667614943e-22
1.957887345e-22
3.887351626e-21
1.041075941e-21
4.827558099e-21
1.061777657e-21
8.201911528e-22
4.440116049e-21
4.92793979e-22
4.218567987e-21
8.528400559e-22
1.195438811e-21
2.58046438e-21
4.570262664e-21
1.240829718e-21
5.691900789e-21
1.696501292e-21
3.442644808e-21
3.366558663e-21
3.738802892e-21
2.712038667e-21
3.72110795e-21
5.799366469e-22
3.867779188e-24
3.191316359e-21
2.629253994e-21
7.83426117e-21
5.200568853e-21
4.267910549e-22
3.125124057e-21
1.044521877e-20
1.053654668e-21
2.473382173e-21
1.950739117e-21
2.169781757e-21
2.659995588e-21
1.413176375e-20
9.200225505e-22
3.099029255e-21
4.07511087e-21
3.627139163e-21
3.847637235e-21
2.686443202e-20
1.047025531e-21
4.331147797e-21
4.639987208e-21
2.283542684e-21
1.157550199e-21
5.276968674e-21
7.204983319e-21
9.980300958e-22
6.560719124e-21
1.143705341e-20
3.111316363e-22
5.620330902e-21
1.749605506e-21
6.459724487e-21
8.707195413e-21
6.243738462e-22
1.581646769e-21
4.856037059e-21
8.951606229e-22
4.443549148e-21
9.034891658e-21
1.189956642e-20
3.958510817e-21
2.007782182e-21
1.025135631e-20
3.160648376e-21
3.678302047e-22
2.058246538e-21
3.873273092e-21
2.432528455e-21
6.80360639e-22
3.109345843e-21
2.250896452e-21
3.829653601e-21
3.331851943e-22
9.228001178e-21
1.786147383e-21
1.449311307e-21
4.570608156e-23
2.814165246e-22
9.969326723e-21
2.243557467e-22
1.932883684e-21
3.246289001e-22
6.92800587e-21
7.976482389e-22
1.999953404e-21
2.599873584e-22
3.845449502e-21
2.292908765e-22
4.460256116e-21
1.822285645e-22
2.181679731e-21
4.66106368e-22
2.859032157e-21
2.099844617e-21
3.074831632e-21
3.02355289e-21
2.212805325e-21
8.469670929e-22
4.357812765e-21
1.020610405e-21
4.970022164e-21
3.770903679e-21
2.036278267e-22
5.411563447e-21
3.250040439e-21
2.84785628e-21
5.088395958e-21
7.295836936e-21
3.046428601e-21
1.298288952e-21
1.12165016e-21
7.848213643e-21
7.628562014e-21
8.543647049e-21
1.145304933e-21
8.230393937e-21
3.937762876e-21
6.943070997e-22
9.109978764e-21
4.938492288e-21
5.00006781e-21
3.146288089e-21
2.315776683e-21
3.184156278e-21
3.246916429e-21
1.284139994e-20
8.895939277e-22
3.099831089e-21
8.546908712e-21
7.675428312e-22
9.414580124e-21
1.853353928e-21
1.547385778e-21
2.500337113e-20
4.32899529e-21
3.130152908e-20
8.234999919e-23
3.437338042e-23
9.184177501e-21
4.644779041e-21
2.604818512e-23
2.653061631e-22
5.498076397e-21
3.664137816e-21
3.585832718e-22
2.682672172e-21
4.548583298e-21
1.042895328e-21
1.627297534e-20
9.994929461e-22
5.511561486e-22
3.096146429e-21
1.052413451e-21
4.286777317e-21
2.114513856e-21
5.991886403e-21
2.748005154e-21
9.17970479e-21
2.077366776e-21
4.750761674e-21
5.286200549e-21
6.348893391e-21
9.564757501e-21
1.426067985e-20
4.552016778e-21
2.971565339e-22
9.821086177e-22
4.284164723e-22
2.511382546e-21
4.242178853e-21
7.323528816e-21
1.062954595e-22
2.294025798e-22
1.783328371e-21
3.153931226e-22
2.864774712e-21
2.439332245e-21
1.583089436e-21
4.017972454e-22
6.528562555e-21
8.231704029e-21
7.013623063e-22
1.693444604e-21
5.409732837e-21
8.13021209e-21
1.663414595e-21
1.200690015e-20
4.801483771e-22
1.832723532e-21
3.329847179e-21
2.954238088e-21
2.044510052e-21
6.203078454e-22
5.777650921e-22
5.401912821e-21
9.347350991e-22
1.273722272e-21
2.187890582e-20
1.098764191e-20
6.27901224e-21
1.172429844e-21
5.385326031e-22
2.195048193e-21
8.681339247e-21
1.198908965e-21
6.560973559e-21
3.969425304e-22
7.610589872e-22
4.65911305e-22
2.533132315e-21
1.331238717e-21
5.892751897e-23
7.515554264e-21
4.256927588e-21
1.10587114e-20
1.541268095e-21
6.120446746e-23
5.790447075e-21
1.186697609e-21
2.059409176e-21
1.304082451e-20
1.367312535e-22
5.710338953e-21
1.526041305e-21
2.226600912e-21
2.976853518e-21
5.631691362e-21
1.184698449e-20
2.56692172e-21
2.6651744e-21
2.1486233e-21
5.832679433e-21
3.274170349e-21
1.161061795e-22
2.091083843e-21
7.49062944e-22
1.211733903e-21
1.767360613e-21
1.007223731e-20
6.486073203e-22
4.088557035e-21
1.47680214e-21
1.47422451e-21
3.28729599e-22
1.891941361e-21
1.420523511e-20
3.269604059e-21
1.604233093e-21
6.970430138e-23
6.512681256e-21
3.468994877e-21
8.368602278e-22
3.274671266e-21
5.48809836e-21
1.415090335e-21
3.899614203e-22
7.631582412e-22
1.222430911e-20
5.138330675e-21
8.214955829e-21
2.994505172e-21
1.284361133e-21
9.253967949e-21
8.157433648e-21
2.505494388e-21
7.59365357e-22
5.941222756e-21
8.359465835e-21
2.599805198e-22
6.938467887e-23
2.443754861e-21
3.145692281e-21
5.611631331e-21
1.276387715e-20
1.905541757e-22
7.681582844e-21
3.811726787e-21
2.12801812e-21
3.299108155e-21
7.320843369e-21
1.540172766e-20
6.0928256e-21
1.416828243e-21
3.348819052e-21
2.339636624e-21
5.849045904e-21
8.648055129e-21
1.865200595e-22
1.186340997e-20
5.157689382e-21
5.304059002e-21
6.620826825e-21
1.083706775e-22
5.09878985e-22
7.177772154e-21
2.126224663e-21
2.2141732e-21
2.839894425e-21
4.503776522e-21
2.724578617e-21
3.036424438e-21
1.057644953e-21
9.803140799e-21
1.648685572e-20
1.149972751e-21
2.771950508e-23
3.490239714e-21
4.528783842e-21
1.881986709e-21
1.685146157e-20
8.260893685e-21
2.29451593e-21
9.733311563e-22
9.998605287e-21
6.877013391e-21
1.28341609e-21
7.12920388e-22
3.418533473e-21
6.048535539e-21
3.349125495e-21
2.04895711e-21
9.924721947e-21
8.988933051e-23
1.468542876e-21
5.139036877e-21
5.733422726e-21
2.112750983e-23
7.815207974e-21
1.311248471e-23
4.84992375e-21
3.210504515e-21
1.982718538e-21
5.965495399e-21
5.981273695e-21
8.921858021e-21
2.464513253e-21
2.152708884e-21
1.033530534e-21
2.493407564e-21
2.943106796e-21
8.244915888e-22
1.560398211e-21
5.21607015e-21
2.840821614e-21
1.282029815e-21
6.082048373e-21
2.469434979e-21
6.046969449e-22
1.014616021e-20
1.89171926e-20
1.827627611e-21
5.79110031e-21
4.951316919e-21
2.573663129e-21
9.134764236e-21
1.725336444e-21
4.373616599e-21
3.047808497e-21
2.828624374e-21
7.597122856e-21
2.235813388e-21
1.019168038e-21
5.031376995e-22
5.489945544e-22
2.960020066e-23
1.964686809e-21
4.193534144e-21
3.492006622e-22
3.477879623e-21
4.453625095e-21
1.382497663e-20
1.212031829e-20
3.645430229e-21
2.258665547e-22
4.755765492e-21
3.977178972e-21
1.607337555e-21
1.297880244e-21
2.374781614e-21
3.017971259e-21
1.679589189e-21
1.25735916e-21
1.204986318e-20
3.409370289e-21
2.549515491e-21
2.118922291e-21
1.634266101e-21
2.884276685e-21
1.265999822e-20
3.956146607e-21
1.503138247e-21
4.798661302e-21
2.91452262e-21
4.238238708e-22
4.328200944e-21
5.313240907e-21
1.12677362e-21
5.122397759e-22
1.28675157e-21
3.686599488e-21
1.098822067e-21
1.356332204e-23
3.831792115e-21
4.412676664e-21
1.653181549e-20
2.503569079e-21
4.651992194e-21
3.780287575e-21
2.000027246e-22
5.222084183e-21
1.816720149e-21
1.16638492e-20
6.935966971e-22
3.449368932e-21
3.809079046e-22
6.413122765e-22
6.370075404e-21
4.115106921e-21
4.194728679e-21
8.046072714e-22
4.55616951e-22
1.552555164e-20
1.096421337e-20
2.336196978e-21
8.027152569e-21
3.861550726e-21
7.876632141e-22
3.739602339e-21
1.254058518e-21
5.462684815e-21
5.89632572e-22
3.206830472e-21
9.197613651e-21
1.574547491e-20
7.444665881e-21
1.855781283e-21
1.865376604e-20
4.023210993e-21
2.961509725e-21
9.003911783e-21
1.30160707e-20
7.142357684e-21
5.913148008e-22
1.260840819e-21
1.028847165e-20
1.253201801e-22
2.72659914e-21
1.943983018e-22
3.579442378e-22
2.796155488e-22
1.811942292e-21
2.712989662e-21
1.177019206e-20
5.734940251e-22
1.144791606e-20
1.075157486e-21
2.671897492e-21
6.702530975e-22
6.173576968e-21
4.867202834e-22
4.498669484e-21
1.051999768e-21
5.75030314e-21
3.538186149e-21
7.466739118e-21
7.032797104e-21
6.520403278e-21
1.660804813e-20
1.368548055e-21
6.017075733e-21
1.843122671e-21
1.307406878e-21
2.92333182e-21
1.234149381e-20
2.677193966e-22
8.933334928e-21
4.690772698e-21
2.524523599e-21
8.36148794e-21
1.656388823e-21
1.929163004e-21
9.843965458e-21
5.533015824e-21
6.347878675e-21
4.094862156e-21
8.348976771e-22
2.319586536e-21
3.457431174e-23
1.657528201e-22
1.104234014e-20
2.990932223e-21
8.72245642e-21
1.943237197e-20
1.986920467e-21
4.58717558e-21
7.384694454e-21
4.170205332e-21
2.45090879e-21
1.314768614e-21
7.901106131e-22
2.134139362e-21
1.307362926e-21
8.817406304e-22
2.237663024e-21
2.411233889e-21
1.112425474e-21
1.947127036e-21
3.48140416e-21
3.120312693e-21
6.192941652e-21
3.60707552e-21
2.49705062e-21
5.39352521e-22
1.641628132e-20
1.59452222e-21
2.351442143e-21
1.653708672e-21
1.933998518e-21
6.644874983e-21
8.206735584e-21
1.09158442e-20
8.208661244e-21
2.825400034e-22
6.616551489e-22
7.267438585e-22
1.396060636e-22
3.380332304e-21
3.558525366e-21
1.255677521e-20
1.191579633e-21
1.179860144e-20
1.034150541e-20
2.806076779e-22
3.217682561e-21
1.386463895e-21
3.775813665e-21
5.67678578e-21
9.014553126e-21
2.209651526e-21
9.068300033e-21
1.626055628e-20
2.734541145e-21
3.830262763e-23
3.080367396e-21
3.575644584e-21
1.473612203e-21
1.560616718e-21
7.017701453e-21
1.922799313e-22
1.537357656e-21
7.290599889e-21
5.880982704e-22
4.881221816e-22
8.170748878e-22
9.192358294e-22
7.670252596e-21
2.581811976e-21
9.553950718e-21
2.60978498e-21
2.109463166e-21
1.23094723e-20
2.402158807e-21
1.372020865e-21
3.170881934e-21
6.333710313e-21
4.811659402e-21
8.355151e-22
2.489631745e-21
2.023610446e-21
2.14072196e-21
4.227396491e-21
1.866133004e-21
3.2623223e-22
2.356437821e-22
3.902616948e-21
7.981291689e-21
8.521929713e-21
1.863742554e-21
2.820095582e-21
1.991520861e-20
5.657660973e-21
1.460994719e-22
2.459894983e-21
5.05535529e-22
1.025951772e-21
9.651336322e-21
3.050705599e-21
4.329448541e-22
8.664003091e-21
2.050889645e-21
3.653971475e-21
6.173265101e-21
6.975298488e-21
1.507719876e-21
7.033945222e-24
2.817038137e-21
1.445236481e-22
2.327336518e-21
6.155816832e-21
8.012157269e-23
3.369814248e-21
1.773696476e-20
8.125195683e-21
4.150493558e-21
6.846005672e-22
7.743773665e-21
2.887253291e-22
3.895663096e-21
3.28939928e-21
2.026832678e-21
2.950251485e-21
8.440508692e-22
3.111699816e-21
5.874980117e-21
2.409722771e-21
2.393026189e-21
1.747379319e-21
2.274232294e-22
2.403976814e-21
3.690865513e-21
9.893672489e-22
3.738756893e-21
4.672111627e-22
7.51074244e-21
3.856959627e-22
4.700835453e-21
2.262512724e-21
3.221165898e-23
5.543802301e-21
1.369875273e-21
4.53813689e-21
7.899216461e-21
1.229466199e-21
1.21445153e-20
4.945525433e-21
3.124663562e-21
2.630784595e-22
3.198392439e-21
7.54549433e-21
3.798171741e-21
2.272683053e-21
4.58597187e-21
2.930800544e-21
2.792948165e-21
3.385870459e-21
1.672776831e-21
9.111922019e-22
3.870763677e-21
3.513482862e-22
5.143496074e-23
9.382443306e-22
4.529680527e-21
6.276507668e-21
1.430256734e-21
4.542487737e-21
6.912629584e-21
8.406647521e-21
1.11561519e-20
7.545323938e-22
7.297293548e-22
1.80184644e-21
5.184693274e-21
2.084679669e-21
7.690502894e-22
2.10895112e-21
2.516353982e-21
8.203169337e-21
3.899038447e-22
1.08502966e-20
4.34444572e-21
1.261399208e-21
1.270345197e-21
1.897415659e-21
3.190750957e-21
7.134129341e-21
1.391075616e-20
5.481805943e-22
7.743496272e-22
2.686797545e-21
7.44637916e-21
4.169498809e-21
4.576822474e-21
6.260021918e-21
1.779462151e-21
4.500767471e-21
4.379865176e-21
3.184481966e-21
2.244504015e-21
2.28102704e-21
2.240468022e-22
4.955083706e-21
1.074680338e-21
2.167548787e-22
1.452511112e-20
3.363274428e-21
4.172988226e-23
2.502719267e-21
1.105341702e-20
8.313121597e-21
1.142335069e-21
9.479675068e-21
7.319413078e-21
3.730689428e-21
7.266681945e-22
5.245481746e-21
3.954176091e-21
4.450565342e-21
1.445129479e-21
2.430351645e-21
1.849162812e-22
3.68415686e-21
1.586097896e-21
1.176640569e-20
9.890686055e-22
9.203691903e-21
1.709314124e-21
2.719965546e-21
1.01139958e-21
5.782026988e-21
7.158131514e-21
2.332409996e-21
4.340305516e-21
3.28818397e-22
9.965272179e-21
1.251493393e-22
9.115450153e-21
6.294123476e-22
2.275358521e-21
4.815336171e-21
6.390869365e-22
1.405754731e-21
6.697838104e-21
9.74949732e-21
1.939595207e-21
4.876744824e-21
4.665325498e-21
4.749773649e-21
5.969877607e-21
1.622957252e-20
1.460029951e-21
1.367766119e-21
6.173579592e-22
8.474275469e-21
1.061780742e-20
1.895204945e-22
5.626748229e-21
2.326188117e-21
3.054707739e-21
3.063815084e-21
1.49014939e-21
1.638919131e-22
2.287110673e-21
1.013837208e-21
6.855242007e-21
2.499890635e-21
2.908220523e-21
2.09595597e-21
4.665793853e-21
9.298571991e-24
2.144543548e-20
6.48491691e-21
7.539516276e-21
1.51465918e-21
2.766532114e-21
1.819616238e-20
1.13257923e-20
1.182396852e-21
6.114921756e-21
8.837841972e-21
1.363205045e-21
1.014246617e-21
4.314959373e-21
1.533833887e-21
5.752527984e-21
3.187006529e-21
6.645585573e-22
6.166838744e-22
9.365579326e-21
9.502212797e-21
2.168989577e-21
2.373058033e-21
1.589949691e-21
2.36117918e-21
7.52342774e-22
3.345717212e-21
3.916468159e-21
6.760679929e-21
6.151477265e-23
4.593963146e-22
7.829884505e-22
1.070048786e-20
1.143461006e-20
9.103730295e-21
2.568752154e-21
8.072418504e-21
6.081969706e-21
2.523154867e-21
3.219585962e-21
1.12640199e-21
1.981644172e-21
1.797194979e-21
4.77132739e-21
2.244663671e-20
1.713566915e-21
1.378724652e-22
2.281346278e-21
1.603267673e-21
1.447561854e-21
4.702650406e-21
3.409667084e-22
4.251288445e-21
8.593091577e-21
4.510584268e-21
6.961754785e-21
7.464583469e-22
1.866560317e-21
6.196324144e-23
1.101266188e-20
2.991765365e-21
5.603282382e-21
1.447265907e-21
3.38070164e-21
1.39446161e-21
2.748304779e-21
1.034487036e-20
6.221085978e-21
5.92416946e-21
1.094198302e-20
2.571627095e-22
2.901327875e-20
1.430174671e-21
1.077214816e-20
3.339673994e-21
1.996337727e-21
1.008488194e-20
2.030008465e-21
7.377632721e-21
8.432763849e-21
4.844273799e-23
1.388622903e-21
4.354553838e-21
3.360437497e-21
9.412301008e-21
1.525266076e-21
3.04034504e-21
7.588002281e-21
3.940772395e-21
4.496225338e-21
7.582451804e-21
2.849447199e-21
3.57505834e-21
3.416486067e-21
5.321540496e-21
1.22061877e-21
1.975581339e-20
1.571511502e-23
3.328032017e-21
1.424689712e-21
9.033157465e-22
4.18141966e-22
8.647599113e-22
2.367005646e-20
3.592951879e-21
9.040330832e-22
4.629373342e-22
2.667662368e-21
6.013497723e-21
2.995422174e-21
2.490933475e-21
9.238530992e-21
5.119521784e-21
1.786406552e-21
2.16418873e-22
2.552882164e-21
4.665186708e-21
3.045804166e-21
3.139053127e-21
5.085335756e-21
1.961116739e-20
2.620813498e-21
2.42261623e-21
9.236204193e-23
5.679100535e-21
6.797664247e-22
4.046667709e-21
3.638226581e-22
1.718553569e-21
5.492303754e-21
4.52103184e-22
2.583530312e-21
6.227599048e-21
3.813679912e-22
1.491980649e-22
9.81581388e-22
8.796556229e-21
7.366637521e-21
5.778829443e-21
6.875169785e-22
9.840184382e-22
7.834701058e-21
8.587959058e-22
2.229108012e-21
4.738115245e-21
3.051151866e-21
4.564063831e-22
2.817468586e-21
1.349130558e-21
6.248728829e-21
3.074980647e-21
9.804881677e-22
3.370340138e-21
5.042141405e-21
5.18886376e-21
5.664953688e-21
7.879709061e-21
3.289825073e-21
5.450510954e-21
8.766462151e-21
6.921451906e-22
8.901868846e-21
2.989152569e-21
3.154498003e-21
1.137400763e-20
1.137766848e-20
1.674599015e-20
5.871125541e-21
2.068201123e-21
2.19703327e-21
1.768115251e-21
2.917443e-21
3.486857099e-21
9.979854676e-21
2.335870746e-23
7.748638107e-21
6.167577481e-22
7.417691115e-22
2.714272384e-21
1.260994439e-20
6.047227253e-21
2.050515006e-21
3.423711907e-22
8.3523243e-22
4.619130304e-22
6.366280623e-22
1.682162485e-21
6.288724787e-21
1.512901621e-22
4.031256787e-21
7.504307054e-21
1.095760316e-22
1.120409923e-20
3.376798355e-21
3.274056309e-21
9.402862604e-21
8.941356085e-21
1.098591922e-20
1.936268842e-21
2.088945146e-21
5.057836177e-22
1.110765964e-21
2.196031271e-21
1.036701845e-21
5.468030306e-21
3.077158752e-21
6.836728713e-21
5.143057326e-21
1.025740751e-21
2.176082134e-21
1.123720122e-21
1.966327021e-21
2.468372257e-21
1.203817821e-21
5.26970814e-21
8.105447084e-22
9.131916998e-21
8.570420805e-21
6.007740689e-21
1.189676816e-20
7.783275326e-21
7.89363212e-21
2.820249737e-21
2.33144046e-21
2.079029132e-20
4.785201723e-21
2.552374884e-21
1.768387541e-20
1.367818061e-21
1.08334611e-21
5.585270548e-24
5.242630719e-22
8.648056999e-22
9.993088546e-23
9.041251635e-21
5.254311169e-21
4.989939776e-21
1.518422486e-21
3.74595828e-21
8.935705798e-23
2.090425414e-21
1.195528462e-20
2.820843205e-21
2.35998888e-20
6.207973583e-21
2.677270081e-21
3.481842699e-23
2.02656984e-21
4.010573597e-21
8.802334368e-21
3.432731579e-22
8.996752374e-22
2.183972653e-21
1.138905847e-22
7.915521322e-22
8.482341294e-21
2.167496118e-21
1.259909441e-20
1.525911552e-21
1.171933902e-21
6.749436384e-21
3.411052214e-21
8.159866541e-21
1.114209148e-20
2.727267066e-21
6.558166884e-21
2.241220717e-21
6.129284158e-21
1.196841068e-20
1.739672774e-22
1.260944792e-21
8.228781946e-21
2.243095987e-21
2.230595986e-22
2.515262853e-21
1.016586409e-20
2.305229576e-21
1.057874908e-20
4.59127268e-21
1.517239173e-22
2.165300633e-21
1.502518527e-21
8.663850581e-23
6.424074655e-21
3.783756429e-21
2.765586017e-21
2.381223379e-22
6.412686539e-23
2.255777158e-21
7.826960291e-21
6.217433068e-22
4.996405394e-21
3.910484187e-21
1.422910982e-21
1.023198738e-20
2.06050815e-21
1.416900471e-21
9.38349756e-21
1.735892864e-22
1.932618101e-22
4.59561255e-21
9.385495436e-21
8.964921149e-22
3.969959992e-21
8.806815587e-21
1.73151128e-21
6.106589555e-21
8.475911644e-21
8.93499036e-22
1.271289411e-22
3.37470591e-21
3.183935774e-21
2.518825448e-21
1.156520382e-21
2.848651492e-21
4.53388863e-22
3.655729214e-21
1.576419784e-22
6.9150732e-21
3.013991637e-21
1.858997325e-21
1.870353218e-21
2.143110817e-21
4.282522227e-21
1.702155949e-21
1.675299936e-21
5.559621371e-22
4.209964797e-21
3.159504371e-21
3.279537842e-22
1.963880554e-21
3.661118392e-21
1.422176738e-20
4.680768205e-21
5.16280512e-22
2.118284875e-21
6.314149306e-22
5.801549145e-22
6.454474985e-22
5.805740516e-21
6.183947385e-21
5.838477492e-22
2.700942058e-21
4.02626569e-21
1.695551638e-21
1.247493386e-21
7.74617834e-21
8.564719571e-22
2.635694953e-21
6.448542681e-21
7.537591651e-22
2.955610498e-21
5.617459096e-21
7.230825733e-22
1.99086099e-21
1.512438931e-21
7.31675843e-21
1.018262414e-21
1.094141198e-20
2.344780478e-20
3.561456013e-22
3.379466096e-21
4.41149224e-21
3.44999688e-21
4.328741889e-21
4.86017281e-21
1.011029826e-20
2.651380676e-21
7.234218689e-21
2.689436668e-21
3.024922413e-21
1.11123689e-21
1.520459496e-21
2.668149732e-21
5.987403954e-21
4.066712866e-21
1.348758519e-20
2.884590253e-21
1.758614843e-22
1.081594615e-22
7.878265895e-21
1.992446835e-23
4.087677005e-21
8.208842002e-22
3.374127172e-21
1.661269695e-21
4.783899396e-21
6.846875752e-21
3.026869733e-21
4.619688854e-21
3.386419455e-22
5.195965373e-21
3.791352175e-20
2.631443203e-22
1.342649285e-20
4.369885939e-21
8.26405304e-21
2.168793281e-21
8.977340244e-21
1.494504151e-21
4.806759951e-21
3.499120038e-21
1.105753757e-20
3.432846749e-21
4.660393859e-21
1.74755694e-21
4.18447973e-21
3.194455889e-21
3.145784366e-22
4.560336579e-21
3.138791326e-21
7.797549186e-21
8.096642042e-22
1.931942355e-21
9.150102043e-21
2.850052573e-22
4.874720492e-21
4.788239132e-21
3.583104376e-21
5.37251234e-21
1.404899291e-21
2.198993096e-20
1.225188406e-20
2.041262491e-21
1.664111458e-20
1.064336895e-21
3.955209398e-21
5.16440349e-21
6.481547908e-23
7.280530344e-22
5.077180327e-21
1.469736908e-22
1.542804121e-20
1.875461597e-21
7.844491891e-21
1.483303098e-21
7.908022031e-22
1.791204878e-21
6.676497704e-21
3.498638777e-22
4.716346406e-21
1.206613522e-20
2.669866218e-21
5.69171435e-21
4.540583933e-21
3.576097936e-21
1.64201479e-21
5.99728687e-21
1.868465206e-21
2.369497188e-21
8.217121382e-21
1.265211683e-21
1.171564558e-20
3.181422031e-21
5.08668738e-21
1.950701341e-21
4.171304055e-21
7.949306429e-21
1.019923307e-21
7.200195296e-21
1.828542672e-22
2.815221383e-20
1.29240281e-20
1.548546246e-21
8.365027157e-22
5.701268192e-21
1.170530124e-23
1.545351439e-21
1.230765632e-22
7.485839837e-22
4.103238917e-23
9.405539882e-22
5.234572414e-21
1.786660461e-21
1.148540644e-20
2.781328095e-21
1.662529036e-21
8.035488104e-22
2.657578165e-21
3.238271031e-22
2.393616438e-21
7.116801011e-21
4.017850207e-22
2.749130847e-21
7.33157791e-21
1.256917622e-21
2.037403743e-21
2.285893818e-21
2.446700241e-21
2.834592339e-21
3.87261889e-21
6.982516006e-23
1.093168832e-21
1.793038431e-21
9.105565499e-21
4.905392696e-21
2.335743913e-21
2.424992855e-21
1.758247785e-20
7.172922592e-22
1.114935565e-21
8.587141349e-22
4.897567568e-21
3.698322667e-22
9.273338361e-23
9.275022163e-22
3.326858278e-21
4.049683136e-21
4.805100008e-21
2.777541467e-22
2.597147225e-21
7.389010855e-22
3.50701979e-21
1.900094489e-20
4.666015842e-22
3.385929009e-21
1.48437908e-21
1.430485591e-20
2.389404739e-21
1.527941913e-21
)


// ************************************************************************* //
