/*--------------------------------*- C++ -*----------------------------------*\
| =========                 |                                                 |
| \\      /  F ield         | OpenFOAM: The Open Source CFD Toolbox           |
|  \\    /   O peration     | Version:  2406                                  |
|   \\  /    A nd           | Website:  www.openfoam.com                      |
|    \\/     M anipulation  |                                                 |
\*---------------------------------------------------------------------------*/
FoamFile
{
    version     2.0;
    format      ascii;
    arch        "LSB;label=32;scalar=64";
    class       scalarField;
    location    "0.01/lagrangian/dsmc";
    object      Ei;
}
// * * * * * * * * * * * * * * * * * * * * * * * * * * * * * * * * * * * * * //


6158
(
1.459177331e-20
2.306449775e-21
2.051977469e-20
3.686767531e-21
9.316705833e-21
1.298368829e-21
8.437531755e-21
1.515326408e-21
7.288712266e-22
3.185188745e-21
4.162253521e-20
2.674280924e-21
7.226659563e-21
8.388146901e-21
3.16443284e-22
2.08150206e-20
5.504549057e-21
4.159681836e-21
2.239518228e-21
1.559880338e-21
7.73941588e-21
2.712109143e-22
5.454490765e-21
1.582044232e-21
2.287157717e-21
2.813597109e-21
2.996786454e-21
3.222714861e-22
7.154728167e-22
3.446873088e-20
1.033379473e-20
1.190794036e-20
8.840846728e-21
4.558677641e-22
7.950604726e-21
1.646550522e-21
2.218188876e-21
1.156749999e-20
9.655377624e-21
5.461072285e-22
1.948783349e-21
9.367522004e-21
1.334221806e-20
3.398404843e-21
1.712094406e-20
2.052304698e-22
7.309467434e-21
2.501523743e-21
1.822462986e-21
1.93906564e-21
1.137431993e-21
1.735347121e-21
1.450342913e-20
8.087646126e-22
3.153280305e-22
6.927794154e-21
3.476216721e-22
3.891233581e-21
2.542424723e-21
9.469539399e-21
2.543267976e-20
1.584418417e-20
7.558660806e-21
6.106684084e-21
2.396225516e-21
5.064640674e-21
4.553483216e-21
8.154238981e-23
1.14801492e-20
3.448057892e-21
2.029381736e-21
1.66480133e-21
4.953801495e-21
2.879192132e-22
1.910850412e-20
8.398509643e-21
5.988800626e-23
1.123424625e-20
1.431009449e-20
1.252210287e-21
1.39764986e-21
8.617058416e-23
9.572594806e-21
2.062304462e-21
4.698786349e-22
3.616615555e-21
3.729289503e-22
2.0642903e-21
8.893544486e-21
3.816176604e-21
3.856593721e-21
6.54816219e-21
1.209923057e-21
5.196146107e-21
5.811645846e-21
1.625287203e-21
2.793695766e-21
1.660001465e-21
1.237105603e-20
2.308396264e-21
5.427177585e-21
1.548902051e-22
3.155282033e-21
1.15706352e-20
1.148366947e-20
1.800935066e-21
3.961969063e-21
2.903756273e-21
9.241699667e-21
1.466502009e-21
8.879844487e-21
3.054180379e-21
3.099956954e-20
8.192915954e-21
1.695594074e-21
3.41763903e-21
6.621520894e-21
2.494513455e-22
2.094298358e-21
6.453772472e-22
2.489146983e-21
5.749507532e-21
1.711992908e-20
2.036343795e-21
2.896215526e-21
2.817711728e-21
1.719263742e-21
2.545253308e-21
6.629649551e-22
1.009771265e-20
7.833297607e-22
7.734882327e-21
6.365076664e-21
1.85154343e-21
2.736022264e-20
6.154511472e-21
5.509575346e-22
4.593227554e-21
4.52247892e-21
7.295127707e-21
9.514360067e-21
2.207597972e-21
5.41256246e-22
6.372707046e-21
3.505999163e-20
8.153402767e-22
3.281354505e-22
6.555709414e-21
5.81044915e-21
4.609064205e-21
5.457730478e-21
2.078478594e-21
1.088935076e-20
2.649446628e-21
1.055086051e-21
3.953491211e-21
1.509585133e-21
1.084082008e-21
9.67194766e-21
1.770198699e-21
1.338895903e-21
1.854318381e-21
4.817345038e-22
3.262257562e-20
1.327244735e-20
1.763695479e-20
4.511930728e-21
1.195734921e-21
9.420934925e-21
7.453188996e-21
2.321652599e-20
6.950200921e-21
1.352576533e-21
3.37146303e-21
3.692170751e-22
1.88016328e-21
8.687488129e-21
9.786482166e-21
1.575862867e-21
2.530919153e-21
5.978878262e-21
3.966622762e-21
1.075678621e-20
1.738739809e-20
8.089607171e-22
1.099436496e-20
1.065408904e-20
9.374316847e-22
2.592631839e-21
4.92574814e-22
6.623058684e-21
3.987628297e-21
3.322603687e-20
3.568143838e-21
6.600656887e-21
5.599554941e-21
1.122689522e-22
3.047637676e-21
1.320752945e-21
1.113090777e-20
4.957794924e-21
1.97601535e-21
5.782937864e-21
1.841015248e-21
5.780308292e-22
1.282305982e-21
4.949107137e-21
3.183919684e-21
3.506436789e-22
5.764780297e-21
2.025720355e-21
3.679560974e-21
3.337826812e-22
4.441705472e-21
2.363603099e-25
1.195847831e-20
1.847161047e-21
2.189882672e-21
8.836200603e-21
1.28503106e-20
1.6366861e-20
1.590282918e-20
6.023588933e-21
1.583837448e-21
1.093181644e-20
4.283623311e-21
3.312926809e-21
2.153990545e-21
1.536377164e-20
3.608973112e-21
1.543332209e-20
5.945353699e-21
7.068094352e-22
1.546631547e-21
1.110102239e-20
2.193993684e-22
6.779613379e-21
2.159012209e-21
2.303666922e-21
2.97952703e-21
5.078634701e-21
8.81681916e-21
4.864957531e-21
2.686655107e-20
2.712425131e-21
7.45256483e-22
5.562028007e-21
9.363015203e-21
2.054439303e-21
7.235177336e-21
1.323068617e-22
1.154696114e-20
2.399819012e-22
4.356520516e-21
4.812312769e-22
3.155563871e-21
1.86664167e-20
9.075239133e-21
1.974276616e-21
4.191050615e-21
1.214280103e-20
2.725208693e-21
3.509199357e-21
2.895322009e-21
2.257483385e-21
1.735144897e-20
5.091490086e-21
1.319123317e-20
1.759864104e-21
4.413329078e-21
8.845150412e-22
9.376396159e-22
4.609470806e-22
1.134720224e-21
1.779908235e-21
3.573424566e-21
5.617253991e-21
2.179839642e-20
9.837152931e-21
1.209326609e-20
9.174387546e-21
4.753454786e-21
6.141091997e-22
2.633618095e-22
4.443012969e-20
8.247373191e-21
3.723491169e-21
4.889293824e-22
1.36331925e-21
2.748216796e-20
3.322201683e-21
2.662104745e-21
1.29225186e-20
5.273658865e-21
1.154902118e-20
1.046038674e-21
2.182797239e-21
6.039967002e-21
1.924770418e-21
1.366899865e-20
5.729817631e-21
4.294705236e-21
1.555640342e-22
2.078426109e-20
6.838264178e-21
2.508457556e-21
5.198180225e-21
1.590189101e-22
2.271090771e-21
3.432324545e-21
3.349457048e-21
2.927722126e-21
1.652237436e-22
3.298343977e-21
1.358752511e-21
2.2741494e-22
1.065614064e-21
2.056118753e-20
1.62555408e-21
1.353377741e-21
2.000028213e-21
1.866186704e-22
7.017909055e-22
9.587796471e-21
2.600749149e-21
3.039612676e-21
2.640759895e-21
2.931082758e-21
1.710551721e-20
2.178358438e-21
1.760634331e-20
1.276899209e-21
1.713055293e-21
8.95660328e-21
2.52686918e-21
2.228811733e-20
1.214976698e-20
8.045473886e-22
2.699026586e-21
1.313564183e-21
1.497814878e-20
6.234099276e-22
1.481119716e-21
4.133360336e-20
1.372749928e-21
7.113578737e-22
1.474824924e-21
4.861931646e-21
5.806972075e-21
1.572027353e-21
1.448403867e-21
2.375428553e-21
3.546761458e-21
1.113424217e-21
4.303810868e-21
4.632693886e-21
2.511816012e-21
7.921310191e-21
1.162972226e-21
1.10535218e-20
3.436123304e-22
2.905096658e-23
7.020516766e-23
4.356226755e-21
8.087116046e-22
1.649710161e-21
3.382263005e-21
1.034000955e-20
1.739009771e-21
1.729769025e-22
2.697651966e-21
1.420312318e-21
6.251756995e-22
8.635952512e-21
1.553757697e-21
1.476955601e-21
5.903078083e-22
4.411959422e-21
3.974862948e-21
1.179534539e-20
6.768122141e-21
8.572442203e-22
7.119994847e-21
1.040472882e-21
2.730101334e-22
1.099075752e-20
9.249609999e-21
4.343538904e-21
3.717471561e-20
5.377378479e-21
3.838376994e-21
5.082786032e-21
1.55119222e-21
1.975055839e-21
1.761385505e-21
4.354822781e-21
1.748159194e-21
9.659140082e-22
2.53849639e-21
3.50029437e-21
3.122685071e-21
8.773937466e-21
4.623168798e-21
3.582137629e-21
1.936519336e-22
5.094874137e-21
4.298820874e-21
3.433111517e-21
6.209380902e-22
4.655471984e-21
1.672803927e-21
2.542188858e-22
2.336301573e-20
2.825742334e-20
2.418884681e-21
7.904596762e-22
9.722692235e-22
7.928052404e-21
1.856178249e-21
3.863474841e-21
7.111208525e-21
3.096260467e-21
1.175318592e-20
8.517656564e-22
4.765469332e-21
1.124950232e-21
1.062509519e-21
1.400489957e-21
9.910610525e-21
4.183273421e-21
1.55918634e-21
2.785625071e-21
2.025037387e-21
4.574601427e-22
1.271051213e-21
6.762562259e-21
6.948924252e-22
3.265725739e-21
7.467358334e-21
8.577870883e-21
5.214178573e-21
2.063946389e-20
2.041242935e-21
1.396645328e-22
2.626648584e-21
5.593773111e-21
2.695260177e-21
1.094947269e-21
7.460442868e-22
9.631690875e-21
5.371975229e-21
6.990679633e-22
1.943360995e-20
7.938925216e-22
2.190295503e-21
2.208658218e-21
3.385526598e-21
2.907353207e-21
6.119261893e-21
1.149119879e-21
9.539651851e-21
3.309485177e-21
4.480159441e-22
9.014240174e-22
1.224511821e-21
6.869329426e-21
4.700978756e-21
1.163277722e-20
2.003726857e-20
1.130810165e-20
1.654912482e-20
9.297197785e-21
8.647975335e-22
9.150999782e-21
9.353398597e-22
4.415870464e-21
1.447167137e-21
3.66976343e-22
1.782339588e-21
1.528741467e-20
8.32062376e-22
4.043130301e-21
1.867008566e-20
1.995095941e-20
9.013500868e-22
1.096979045e-21
2.645151737e-23
5.669724245e-21
1.168129189e-20
9.818410736e-22
2.420592539e-21
1.820467013e-20
1.299947062e-21
1.972251913e-21
1.719851534e-22
2.853928717e-21
1.500779505e-21
1.595237466e-20
9.658255089e-21
3.477248547e-22
1.501067707e-20
2.829162523e-21
3.531131041e-21
1.813891086e-20
1.226618492e-21
4.782468937e-22
1.211003124e-21
7.290567457e-22
2.79349887e-21
5.726552996e-21
2.022727094e-21
4.339558316e-22
5.251204986e-21
1.882390099e-21
5.196092948e-21
2.293802661e-22
1.120023179e-20
1.625031814e-21
3.134629531e-21
7.607138781e-21
1.829898543e-22
3.276403858e-21
3.880411666e-21
5.641334121e-21
1.486764629e-20
4.319298524e-21
6.023331692e-21
1.758014973e-21
5.893521878e-21
1.153232469e-20
5.215778259e-22
7.889062135e-21
4.089180532e-21
1.025818105e-21
1.466597425e-20
8.171844033e-21
1.850603328e-20
2.433340934e-22
2.692751986e-21
3.744870013e-22
5.931324446e-21
1.242666825e-20
1.475652199e-20
8.177363442e-22
3.975362757e-21
5.745228359e-22
8.620309079e-21
6.792182664e-21
4.22038646e-22
8.474553119e-21
1.921270368e-21
1.365378685e-21
3.03438577e-21
7.402568697e-22
5.72045807e-21
2.66057754e-21
3.234164093e-20
1.106423338e-20
9.975525575e-21
2.275987238e-21
9.750551914e-22
1.024107806e-20
9.080410442e-21
1.009276324e-20
4.04303461e-20
6.017888165e-21
5.665636336e-21
2.433844685e-21
5.812269855e-22
6.620813971e-22
6.573634877e-22
5.576941573e-22
3.87230304e-22
5.933512663e-21
9.281026393e-22
7.980211995e-22
9.45242411e-22
2.690427186e-21
2.805683598e-22
1.761183911e-21
1.522178692e-21
1.148361624e-20
1.015410058e-21
1.75515047e-22
7.756487803e-21
1.974841896e-21
1.154155239e-20
4.073162572e-22
1.086213391e-20
1.439196694e-21
2.101381521e-21
9.408767379e-21
1.773855957e-22
2.650856712e-21
6.332858467e-21
4.287789599e-22
1.686635106e-20
4.041260012e-22
1.261205378e-21
5.686798532e-21
6.694625898e-21
5.0930273e-21
1.485941904e-21
1.219136724e-20
5.895369861e-21
1.9179113e-21
1.140095401e-21
2.205701913e-21
3.888041501e-21
3.071551303e-21
5.716097892e-21
1.264528825e-21
7.074453373e-21
9.757923456e-22
2.151117266e-21
6.123374356e-21
1.132043806e-20
8.653564773e-21
4.860695987e-21
8.4691335e-21
6.448373826e-22
1.180697674e-21
1.753296356e-20
5.743986061e-21
3.885885651e-21
4.304785805e-22
2.979610716e-21
6.162554631e-21
2.508567997e-20
1.823931451e-22
6.447514473e-21
1.39181287e-20
2.278273883e-21
1.462742487e-21
3.400628596e-21
8.155545279e-21
3.643463794e-21
6.946968177e-21
4.965972592e-21
6.7048983e-22
8.410741316e-22
2.501337751e-21
3.715986258e-21
1.941588797e-21
1.344278063e-21
3.65962627e-21
1.289706971e-20
5.905531609e-21
3.725893678e-21
1.44625541e-22
1.849878768e-21
4.048883629e-21
8.171329242e-22
1.155250793e-20
4.667140802e-22
2.603930708e-21
1.945219296e-21
1.895041732e-21
5.467201185e-21
3.60476827e-21
3.730925766e-21
4.324580919e-21
1.525355945e-21
2.80494392e-21
1.958814082e-21
1.602106992e-21
2.067871777e-21
2.565685506e-21
5.236147965e-22
8.156270333e-21
1.66262502e-22
1.422161614e-20
4.838581447e-21
1.514083744e-21
1.046191257e-20
1.169374506e-20
1.954324025e-21
4.97707471e-22
3.19007002e-21
5.485312395e-21
3.928649898e-24
3.640619175e-21
2.260834889e-21
7.040405735e-22
1.211442301e-20
7.043326653e-21
1.211790203e-20
8.968001482e-21
2.442703269e-21
1.142746467e-20
3.201937914e-22
7.094089946e-22
9.556398367e-21
8.000724716e-21
7.41513457e-21
3.922200113e-22
3.48822907e-21
2.839271566e-21
1.90803977e-21
1.669202008e-22
4.190743933e-21
6.716639967e-22
1.800334755e-21
6.719473427e-21
7.514077461e-23
6.004394471e-21
8.728434025e-21
1.182323347e-21
6.62435049e-21
4.381010638e-21
1.431817643e-22
5.491262724e-22
5.279604049e-21
1.2598154e-20
2.934821141e-21
1.352307434e-22
3.785841222e-21
2.050468126e-21
1.037596946e-22
1.765432376e-20
6.271302203e-22
3.961878426e-21
2.485580399e-21
2.812966342e-21
7.135096676e-22
4.141012914e-21
3.671915333e-22
5.553492337e-21
8.629481651e-22
3.325306964e-21
2.617968321e-21
4.678884066e-21
6.384908832e-23
4.6209598e-22
5.643023682e-21
1.136104778e-20
5.256323185e-21
1.000227509e-20
1.038473275e-20
6.862808172e-21
6.106455386e-22
7.039490875e-21
5.912603382e-21
1.870586653e-21
2.423778661e-22
2.837404471e-21
1.162748665e-21
8.262537453e-21
1.293704828e-21
1.059845417e-20
5.456985878e-21
1.127178999e-21
1.33018845e-21
1.614282537e-21
1.041918447e-20
3.243917227e-21
6.52819864e-21
8.792107095e-21
7.132851481e-21
4.500819633e-22
6.770053326e-22
1.31117744e-21
1.890588897e-21
1.122521184e-20
7.309269514e-22
1.705565258e-21
2.397872404e-21
8.104227442e-21
4.499254538e-21
9.609341265e-22
1.678674279e-21
1.275727882e-20
2.695319039e-21
3.90741813e-21
1.569633416e-21
2.721421935e-22
1.288428784e-20
6.422372045e-21
1.871718363e-20
2.656386903e-21
1.974430365e-22
3.551943472e-21
6.158628036e-21
6.313949803e-22
1.132850056e-20
1.22322741e-21
2.523182183e-21
5.425045578e-21
2.711683646e-21
3.141174694e-21
5.399487381e-21
4.314439657e-21
1.601638549e-22
6.362985551e-21
1.60892006e-21
8.962385153e-21
3.052250013e-21
3.13935564e-22
3.041063437e-21
4.580650199e-22
1.840078986e-21
4.904283287e-21
6.712866089e-21
2.031590949e-21
3.390054138e-22
7.865347521e-21
1.200796913e-20
2.581722414e-21
1.993525735e-21
5.023666392e-21
2.553704085e-21
2.256233564e-21
2.440282809e-22
1.123872338e-20
6.436871858e-22
3.376941419e-21
4.558704144e-21
3.624311489e-21
2.334518235e-21
1.325352541e-21
3.292298252e-21
1.327840979e-20
2.478835982e-21
1.594880166e-22
2.193180859e-21
5.382925612e-21
7.52385337e-21
1.131829847e-21
1.410606745e-20
4.094085599e-21
5.514128147e-22
4.85484244e-21
4.908613171e-23
3.754266533e-22
3.846466853e-22
7.575660079e-21
7.124797328e-22
9.811392506e-21
1.059471308e-20
6.970199289e-21
5.744039493e-21
1.497999202e-20
2.464913109e-21
4.278687239e-21
4.420808533e-21
1.163402531e-20
2.688023742e-22
8.253646204e-21
1.832264191e-21
3.155436954e-22
1.705107692e-21
3.608684406e-21
1.002738896e-20
5.568264648e-21
8.234249639e-22
2.423272992e-21
4.732511263e-21
1.223371717e-20
1.991863592e-21
3.018979866e-20
2.249060964e-21
1.956561161e-21
4.24184429e-21
7.531825232e-21
1.886404781e-21
4.577719818e-21
3.003398191e-22
2.95494034e-21
8.642784299e-21
9.015881816e-21
3.220572696e-21
4.601461708e-22
1.570056177e-21
3.469112066e-21
3.253558621e-21
8.621363054e-22
5.254541926e-21
4.008436939e-21
2.287113262e-21
5.194313382e-22
1.721533959e-20
2.417288679e-21
1.549138282e-22
7.563398232e-21
4.419163891e-21
8.000996924e-22
5.772917899e-22
1.183593653e-21
4.072532848e-21
3.424670345e-21
2.163097756e-21
1.332004117e-20
1.186124865e-21
2.593676335e-21
6.706796903e-22
1.857558794e-21
3.017388618e-20
2.139965614e-20
4.799006634e-21
1.240032954e-21
1.85028462e-21
8.960772638e-23
3.242317351e-21
2.297629984e-21
1.700269355e-21
3.312442287e-20
1.619305448e-21
5.356721453e-22
1.326471122e-21
1.457071287e-20
1.552353181e-20
4.290340412e-21
1.625040148e-20
1.447022963e-22
2.482835254e-21
7.509065944e-21
8.382650797e-21
5.676278956e-22
7.138211106e-21
3.587994022e-21
4.275891093e-22
3.784393436e-21
7.03467232e-22
7.258638071e-21
3.183569126e-21
1.420710602e-21
2.581983285e-21
2.246718317e-21
1.12436278e-20
1.006336739e-20
2.063115337e-21
6.802727126e-21
2.990247725e-21
2.532197151e-21
5.746717575e-21
1.264836951e-20
7.864108128e-22
6.547530942e-21
2.401790118e-21
1.015377227e-20
3.088127882e-21
8.311704088e-21
1.418581366e-20
3.179052603e-21
2.223583571e-22
5.608600653e-22
6.264265982e-22
6.730211622e-21
4.473523011e-21
1.43323642e-20
8.626939465e-23
4.274803554e-21
1.017473474e-20
3.138521948e-21
1.247793231e-21
4.182108538e-21
1.039355625e-21
1.463181681e-21
1.512916202e-21
7.233110899e-21
1.725931209e-21
8.952202837e-21
1.040654853e-21
2.584697869e-21
1.827067775e-20
7.630199992e-21
3.992880736e-21
5.883882208e-21
3.945987019e-21
2.432429379e-21
1.059257471e-21
5.525371635e-21
7.013161855e-21
1.204217985e-21
6.870970115e-21
7.00446855e-22
1.89568778e-21
6.562566112e-21
6.446912432e-22
3.111706166e-21
6.992854388e-21
1.773477447e-23
3.628673025e-22
1.484763119e-21
8.009525422e-21
1.803921944e-21
1.001167425e-21
5.647034203e-21
3.218503543e-21
3.135083665e-21
7.144453598e-21
6.206272344e-21
6.58328948e-22
2.352085953e-21
5.135632636e-21
4.78052686e-21
1.373465079e-20
1.281242858e-20
1.90251386e-21
5.107604931e-22
4.395056591e-21
2.115612098e-21
1.268292169e-21
3.862116727e-22
1.492560901e-21
5.139850617e-21
1.028473236e-21
5.173559871e-21
5.56253081e-21
2.485024618e-20
4.25998083e-21
6.014864781e-22
7.540885531e-21
1.841572094e-21
4.059382336e-21
2.643931033e-21
5.038231012e-22
9.439436469e-21
1.583815025e-22
1.603703674e-20
1.498805294e-21
6.091081637e-22
3.721518045e-21
3.186140513e-20
5.736685931e-22
1.195652091e-21
6.074526909e-21
1.856130721e-21
2.160162441e-21
3.263632148e-21
2.795722453e-21
2.532421873e-22
3.851631606e-21
1.281265113e-20
7.831774047e-21
4.005224745e-21
3.010004479e-21
4.35945362e-21
1.019260875e-20
2.136817105e-20
7.259386326e-22
2.079274856e-22
3.363819794e-22
1.439336858e-21
4.448519495e-21
2.774221607e-21
5.457345163e-22
2.959648392e-21
7.401653525e-22
1.379807738e-20
1.043923563e-20
1.362944836e-20
1.756068616e-20
3.830241566e-21
8.446102628e-22
2.416282989e-21
1.000421976e-20
4.944388845e-21
4.468012692e-21
6.798740426e-24
2.105593253e-21
4.827015258e-21
4.617174644e-22
2.82635591e-21
9.578978249e-21
4.123968232e-22
1.547862766e-21
2.906677264e-21
5.131149487e-21
5.950847345e-21
5.423089799e-21
7.068838152e-21
7.292687543e-21
1.516329384e-21
1.887090867e-20
1.046281813e-21
4.477535661e-21
1.013939378e-21
2.403023453e-21
1.253724859e-21
5.482009137e-21
8.437662988e-21
7.354878548e-22
5.541639188e-21
4.406713419e-21
4.123691583e-21
2.796152554e-21
4.799381903e-21
3.69020252e-21
1.043601114e-21
7.627848404e-22
3.142846972e-21
5.559139701e-21
1.019170118e-21
2.928316767e-21
8.61992179e-21
3.621213709e-20
3.461443192e-23
1.707312325e-21
2.291698179e-20
8.985564285e-22
6.00024426e-21
2.073794771e-21
1.167617485e-20
1.05744992e-21
2.170481464e-21
1.158926499e-21
2.044211693e-22
2.525464939e-22
3.76399284e-21
5.523127206e-21
9.876457062e-21
3.630364181e-21
3.738766061e-22
7.222429128e-21
2.794862758e-23
3.020553172e-21
1.914379198e-21
4.958922512e-21
6.898412202e-20
5.716503851e-21
6.596675855e-21
2.625868003e-20
2.17039657e-21
1.954184791e-20
3.857971301e-21
5.988273105e-22
1.764573917e-20
4.711589022e-21
2.308929029e-21
2.981751106e-21
3.499269833e-21
1.95913063e-21
2.208633767e-21
1.205876988e-20
6.729393778e-22
4.537723197e-21
2.342359985e-21
1.242835283e-21
4.357909657e-21
4.612331955e-21
5.645181779e-21
4.374635215e-21
9.672238313e-21
6.67065819e-22
9.464412368e-21
1.826656679e-21
4.241491021e-21
1.567448402e-21
4.375921626e-22
1.314006071e-22
3.514089541e-21
7.680950031e-21
2.579571846e-21
2.491981632e-22
3.980893513e-21
2.611629233e-21
1.038400214e-20
2.808747127e-21
1.550932369e-21
8.733980816e-21
3.532968488e-21
1.154522896e-20
3.763320348e-21
8.553909766e-22
2.411976774e-21
2.388720881e-21
2.843952419e-21
1.645983323e-22
1.250850659e-21
3.614368316e-21
3.506942105e-21
1.466278673e-21
2.612501771e-22
4.463489264e-21
1.989309008e-22
1.378305762e-21
4.653996863e-21
9.141645712e-21
6.011755525e-21
1.139277535e-21
3.254051206e-21
8.931084426e-22
4.319069127e-21
2.440212789e-22
4.602799925e-21
8.757835366e-22
5.135316769e-21
1.929555724e-21
4.920918191e-21
7.966428685e-21
1.248673973e-20
7.026738462e-21
5.060873658e-21
2.707302097e-21
1.114600445e-22
8.859178181e-21
1.823502783e-20
7.234764968e-21
1.17064376e-20
2.026517592e-21
1.929083443e-22
3.248046374e-21
2.478967163e-21
2.529936163e-21
6.154692357e-22
7.132843389e-22
5.295084791e-21
1.202315221e-20
4.163054159e-21
1.504636562e-21
1.279191094e-21
4.206074285e-21
4.373986462e-21
2.224164552e-21
5.551389811e-21
1.448487225e-21
4.607204597e-21
1.776415819e-21
1.059588131e-21
9.359536508e-22
3.204626467e-21
1.887508402e-21
1.370662544e-20
2.817680246e-21
3.292989075e-21
1.359260808e-20
1.624065615e-21
5.597075105e-21
1.868862345e-20
2.482198414e-21
8.694478306e-21
1.686258627e-21
5.520725416e-21
2.334011269e-21
5.760892662e-21
1.631489501e-21
4.028236774e-21
4.141682896e-21
8.683406587e-22
1.439754724e-23
1.025272497e-21
1.232881038e-21
3.286074576e-21
7.782495515e-21
3.298131841e-21
1.498907877e-20
4.228359112e-21
1.675481491e-21
1.489043728e-21
1.036935588e-21
5.754180087e-21
1.094682889e-21
2.253322148e-21
1.837698536e-22
3.959282849e-21
1.405317906e-21
5.954927605e-21
1.137058499e-21
9.846954807e-21
2.704869505e-21
1.179798832e-21
8.031885333e-21
1.867280501e-22
9.955863843e-22
9.025146139e-22
6.404342901e-21
8.58655635e-22
5.403858786e-21
1.34404227e-20
6.47852049e-21
2.700094717e-21
2.922658846e-21
3.151868221e-21
1.180742624e-21
3.719001633e-21
3.524304197e-22
1.201940863e-20
1.831786704e-21
1.309167082e-20
2.18700935e-21
5.257682967e-21
6.164758085e-21
1.877180806e-21
6.711312869e-21
2.232472595e-21
6.08477904e-23
5.889374447e-21
6.759947652e-22
1.053572422e-21
3.068506106e-23
7.9928134e-21
4.750261981e-21
4.539429743e-21
6.404795035e-22
1.640029879e-21
4.687192374e-22
1.746320896e-21
8.010317933e-21
1.994127966e-21
1.368768763e-21
2.434486921e-21
1.660867529e-22
1.161140977e-20
4.961788139e-21
3.876327531e-21
6.550006276e-21
4.817659632e-22
4.999921872e-21
6.201177144e-21
2.390839728e-21
6.08486933e-21
7.355520935e-22
1.557758316e-22
1.71828087e-21
3.478024582e-21
2.0870772e-21
4.95327093e-21
1.223637214e-20
2.0278771e-21
7.974378577e-21
3.101010622e-21
1.69247073e-21
1.501550685e-20
7.466654629e-21
5.248594665e-21
9.627023736e-21
5.518462316e-21
1.051367832e-20
1.862049174e-21
1.038973584e-20
1.081618744e-20
1.114615659e-21
5.958634987e-22
4.734076841e-21
1.095531526e-21
4.949093517e-22
1.363747612e-21
1.749389436e-21
8.468920909e-21
1.729700252e-20
7.453902377e-21
2.922907433e-22
9.68172157e-21
4.849265572e-21
4.346313398e-21
7.45714643e-22
2.885762091e-21
6.204314432e-22
2.466732806e-21
5.136655686e-21
4.53267667e-21
1.696843963e-21
7.107798971e-21
3.46974232e-21
1.029760264e-21
5.001724666e-21
4.918982599e-22
3.86828725e-21
9.264301659e-22
6.69153422e-21
2.000731355e-21
2.784111867e-21
2.716197285e-21
3.793997958e-23
1.320258579e-21
3.51196376e-22
4.173942577e-21
7.886570423e-21
1.460304308e-21
3.864507542e-21
1.798723666e-21
6.336575672e-22
2.141885698e-21
7.345785588e-22
5.328493584e-21
1.086209669e-21
1.773349329e-21
4.648037468e-21
6.765443478e-21
5.59289245e-22
1.329561187e-22
4.916543535e-21
1.404517515e-20
1.690083848e-21
1.721729724e-21
5.08179437e-22
4.194352364e-22
1.546650574e-21
1.35833329e-20
5.122985896e-21
6.64146543e-21
1.989587859e-21
2.647413951e-22
3.654036693e-22
6.101968285e-21
7.937264181e-21
2.029190332e-22
3.714168596e-21
1.407688629e-21
3.776907158e-21
3.765176243e-21
9.435506775e-21
6.770220236e-21
2.941912366e-21
2.020673319e-20
6.523678587e-21
6.770300349e-22
1.795989788e-20
2.500868766e-21
3.666586252e-22
6.443220542e-22
2.821747344e-21
7.348558391e-22
5.711674065e-22
6.913074406e-21
8.269914177e-21
1.009432452e-20
2.128770666e-22
1.238203134e-20
3.497396058e-21
1.326302191e-20
2.173624396e-21
2.8763224e-21
7.483132126e-21
3.917641353e-22
8.591544982e-21
4.063202607e-21
1.353243156e-21
1.941746878e-21
3.407643641e-21
1.206744504e-20
1.377481286e-21
4.1394191e-21
2.96117273e-23
8.640139828e-21
2.322955092e-21
3.218225043e-21
5.063186979e-22
1.782538029e-21
9.79085514e-21
1.638908391e-21
2.602356574e-21
1.758826435e-21
5.484535023e-21
8.315660298e-22
2.077742308e-21
9.915419792e-22
1.393029623e-21
5.14114034e-21
7.523528724e-22
9.046931829e-22
3.402445766e-20
1.052083818e-20
2.706374794e-21
5.123524689e-21
9.123841877e-22
1.24139993e-20
6.831218838e-21
5.036378888e-21
3.074015018e-21
5.43351878e-21
3.979966414e-22
7.416433691e-21
8.380764633e-22
7.317228099e-21
3.276767318e-21
7.117849234e-21
2.975551713e-21
1.108883796e-20
4.82665734e-21
2.079395004e-21
3.263169316e-21
6.857396181e-21
1.893082082e-21
8.791318538e-22
4.111485737e-21
2.940970667e-21
6.606145286e-22
4.553849227e-21
4.006668509e-22
5.826979523e-21
4.282470763e-21
7.243492943e-21
1.677471357e-21
6.912329005e-21
1.215627317e-21
2.219878877e-21
2.959660707e-21
4.688152664e-21
1.208725492e-20
6.670236697e-21
1.406118035e-21
6.084884787e-22
6.743624176e-21
4.184710232e-21
2.466389208e-21
1.467135852e-20
1.155570257e-21
4.75418433e-21
6.743934099e-21
1.223040727e-20
2.068366317e-21
1.711416167e-21
3.788340377e-21
3.62044206e-21
7.45657039e-21
5.446778718e-21
2.708355719e-21
9.07100089e-21
2.388867133e-21
5.808195751e-21
1.094915695e-21
6.398908785e-21
4.900951941e-22
9.695072482e-21
9.124588852e-22
8.054472216e-21
6.846013409e-21
3.088141404e-21
8.141227803e-21
1.01831847e-21
1.34124662e-21
2.95985383e-21
4.727264147e-22
1.933546136e-21
1.077232607e-21
2.786349023e-20
3.2404474e-21
4.204147783e-21
5.730227399e-21
5.461729199e-21
6.73965162e-21
4.244989886e-21
1.458686896e-22
2.836151234e-21
2.984880597e-21
1.887413398e-21
2.658409078e-21
4.543743786e-21
3.63814625e-21
1.784889281e-21
1.330901936e-21
1.507986777e-21
1.025315956e-20
6.703319018e-21
2.973077726e-21
5.53160978e-21
1.998971552e-20
9.433386775e-21
9.961680313e-21
1.529679534e-20
1.454623663e-21
1.319721218e-21
1.581667547e-22
1.711041505e-22
3.743189367e-21
2.046778143e-20
1.785047215e-21
1.893305202e-21
5.056274051e-21
1.014774956e-20
6.624780004e-22
6.136392472e-22
4.36127853e-21
3.589809987e-21
1.735157355e-21
9.560187109e-21
7.251201594e-21
4.479552966e-21
9.12180089e-21
1.124309028e-20
6.993966307e-21
4.823836023e-21
2.916745386e-21
1.09547606e-21
5.589951752e-21
7.44766405e-23
5.829452977e-21
5.700615054e-21
2.278504844e-22
2.347646332e-21
1.800842395e-21
1.989968659e-22
4.973745946e-21
9.500468473e-22
3.81015311e-22
9.640678006e-21
8.413019429e-22
4.158129536e-22
2.904292823e-21
4.69924876e-21
9.093939174e-21
5.866275774e-21
1.702225264e-21
2.797477105e-21
2.800593242e-21
1.83139906e-20
1.77810407e-21
1.617692149e-21
6.917905747e-21
4.818530865e-22
1.44694111e-21
8.574015389e-21
3.111001259e-21
7.704717139e-21
2.954375876e-21
1.620503397e-20
1.043068423e-20
4.168109504e-21
7.422289656e-21
1.716485196e-21
9.858331661e-21
4.892269761e-22
8.586160404e-22
1.708220154e-21
1.161204793e-20
7.256498846e-22
3.611714848e-21
2.631544341e-21
3.640446131e-22
2.400525829e-21
5.149447995e-21
3.757244447e-21
2.912725242e-21
2.049925631e-22
4.741418899e-23
2.746510819e-20
4.32017327e-21
1.310397656e-21
4.382558223e-21
2.170552691e-20
3.883337941e-21
4.337687513e-22
3.014483094e-21
8.861252113e-21
4.464372243e-22
6.731906105e-21
1.722296817e-21
2.151480395e-21
1.473679708e-20
1.274260007e-20
1.58618638e-20
2.050650134e-20
5.160236695e-21
3.116046995e-21
1.425476025e-20
9.59173001e-21
8.691740857e-21
9.625795561e-22
2.177635256e-22
5.064655258e-21
1.795244518e-21
1.529434036e-20
1.434464836e-20
6.648463594e-22
1.658207624e-21
2.141600127e-22
9.001739664e-22
2.815139285e-21
7.964846721e-21
6.287241521e-21
2.683984007e-21
1.14272092e-20
1.379934354e-21
4.068027883e-22
1.07862716e-22
1.114968673e-20
2.942508142e-21
4.446417573e-21
1.908083716e-21
3.058598391e-22
4.676058963e-21
1.517104555e-21
8.509128224e-21
4.945639931e-21
1.941501145e-21
5.329715261e-22
5.18281108e-21
3.925412187e-21
1.544786819e-21
2.497841112e-21
1.285021368e-21
1.716800577e-20
8.552164026e-21
1.058147396e-20
1.776832337e-20
1.130438967e-21
2.513402276e-21
9.678524795e-21
8.010963562e-22
1.69983561e-20
3.945934007e-21
2.165062601e-21
8.579705758e-23
2.882373647e-21
5.973233223e-21
1.699677697e-21
5.246330154e-22
1.181434749e-20
1.019006675e-20
1.521754695e-22
1.189738814e-20
1.02854719e-20
5.441865424e-21
1.44523315e-21
5.070959807e-22
7.9376738e-22
1.840141917e-20
1.470159189e-21
4.173485235e-22
5.332088678e-21
2.474026612e-21
4.429972503e-21
5.315146645e-21
1.088997456e-20
1.839718455e-21
1.969971462e-21
8.269500916e-21
1.744420531e-21
9.528238408e-21
3.273545815e-20
3.186879944e-21
6.940229557e-22
1.4959414e-21
4.191679712e-21
8.948721155e-21
2.503920884e-21
8.363781697e-21
1.505677291e-20
1.131947987e-20
9.554883955e-22
1.112785336e-21
1.271183469e-20
1.260661855e-21
1.136219043e-22
1.966051865e-20
2.089988088e-21
1.100919587e-20
2.879473032e-21
4.593955882e-21
7.911076371e-22
3.707345701e-21
6.265129422e-21
5.337412421e-21
2.031603871e-21
1.025568081e-22
2.987583405e-21
3.598265405e-22
1.102096698e-20
3.098490141e-22
7.888726488e-22
5.424189498e-21
1.751483005e-21
9.406327374e-22
3.75254807e-21
2.070495559e-21
4.318448564e-21
3.072027696e-21
1.080950478e-21
1.591068092e-21
5.653968952e-22
1.43140087e-21
1.057226621e-20
3.105709505e-21
4.365852821e-21
5.081594223e-22
1.851513507e-23
2.156660475e-21
4.392766584e-21
1.272099742e-21
1.317395317e-20
5.627196825e-21
1.153199262e-20
1.885001946e-21
3.82259049e-21
2.541870179e-21
5.132473458e-21
2.292550232e-21
6.976493872e-21
5.561366624e-21
1.894357885e-21
2.027562165e-21
5.135630092e-21
1.419306803e-21
1.526279285e-21
2.96249708e-21
6.297028449e-21
4.067947313e-22
5.207815646e-21
6.694032787e-21
3.129534664e-21
1.885918572e-21
9.638688914e-22
1.897038661e-21
3.270676185e-22
1.631532352e-21
4.72830127e-22
5.539078248e-21
1.708473644e-21
1.9485973e-21
3.131451468e-22
1.008667407e-20
8.849295172e-22
2.839130983e-21
2.987268684e-22
9.676659082e-22
4.177193063e-21
2.977052789e-21
1.98586569e-20
8.175825542e-22
4.422015226e-21
3.243831747e-21
8.323040022e-21
1.660021552e-21
8.18959173e-24
2.063867818e-21
1.768052164e-22
3.121696777e-21
1.249373075e-20
2.971216956e-21
3.757987654e-21
1.36207414e-20
4.226452239e-22
2.342873187e-21
4.196541707e-21
4.696937722e-21
4.003372226e-21
2.203378828e-21
1.855311235e-21
1.914648644e-21
1.36504575e-20
5.615111303e-21
1.275966985e-20
3.628392502e-21
6.176092073e-21
1.257700566e-21
3.417257871e-21
9.113494866e-23
1.234001578e-20
2.047779517e-21
6.035879329e-23
3.300703805e-22
1.227812411e-21
3.399861445e-21
1.474213263e-21
5.372116867e-21
1.384050338e-21
5.13501245e-21
4.687041358e-21
1.391763619e-20
5.528790615e-21
2.474400046e-21
8.278581221e-21
8.790417985e-21
4.829574781e-21
5.377319237e-21
4.55888899e-21
5.167367627e-21
1.101229612e-21
1.795698159e-21
2.244658592e-21
1.049178476e-21
1.400558922e-20
3.386714892e-21
4.6364259e-21
3.509852381e-21
1.355957747e-21
9.179109705e-21
1.613859162e-20
4.608802621e-23
8.406686926e-22
3.092436137e-22
5.515527679e-21
1.059186547e-20
1.410238809e-21
2.077359969e-21
2.251896198e-20
3.204225642e-21
2.450394856e-20
2.008069752e-21
2.165392829e-20
4.74900927e-21
7.565150447e-21
6.425449885e-21
6.363142092e-22
4.081364213e-21
1.125961256e-21
3.828156767e-21
4.482846675e-21
1.41483059e-20
2.336737748e-21
3.154849504e-21
5.07060601e-21
2.994628088e-21
3.592553742e-21
3.041244641e-21
6.961893861e-22
4.411050296e-21
3.337744645e-21
2.620492311e-22
2.116486208e-21
5.109365895e-21
4.541497521e-21
1.570849847e-21
9.521372904e-21
5.806624646e-21
5.275707361e-21
2.089146241e-21
6.287234984e-21
5.009906584e-21
4.84839532e-21
7.3382437e-21
4.248963927e-21
3.153558556e-21
1.118349148e-20
9.469217144e-21
1.824843614e-21
4.353986503e-21
2.389725149e-21
9.318556965e-22
2.684653079e-21
7.309119731e-21
3.24272429e-21
1.488998605e-20
4.003919132e-21
9.156346778e-22
2.506737662e-22
5.582960649e-21
1.973166498e-21
3.200830185e-21
1.44260817e-20
1.130877496e-21
3.114988453e-21
4.564299271e-21
6.043288008e-21
2.022858511e-21
1.208279616e-21
3.374831782e-21
3.444686908e-21
9.931034134e-21
7.822049923e-21
6.411755619e-21
4.614631277e-22
1.230090015e-21
1.002583501e-20
6.802718762e-21
3.024232166e-21
5.933890495e-21
7.118851418e-21
1.200982414e-21
4.442862948e-22
1.885852327e-21
4.520435272e-22
3.096686885e-21
7.211909378e-21
1.637083208e-21
5.402814135e-23
2.428692757e-21
1.009464393e-21
5.789959355e-21
2.22293911e-21
1.509252229e-20
1.103691316e-21
1.455268526e-21
1.24706747e-20
1.678450328e-20
9.940122865e-21
6.481818893e-21
9.872006727e-21
3.328745009e-21
6.069228216e-22
3.524474944e-21
5.655673377e-21
2.83476765e-21
3.567476971e-22
5.847671293e-22
1.468408579e-21
1.452198989e-20
1.375532445e-21
1.188033733e-20
4.134899461e-21
7.002544559e-21
8.740230408e-21
8.025528081e-21
5.045686823e-21
2.932877565e-22
2.544271895e-22
2.376852299e-21
1.774456823e-21
1.747412588e-21
1.70337453e-21
5.069749651e-21
4.172376056e-21
3.365390821e-21
1.127956926e-21
2.660947234e-21
1.071684938e-21
2.642307055e-21
3.133351162e-21
3.028059985e-21
6.918010353e-22
2.64175073e-20
9.580221732e-21
4.88698096e-21
2.27321014e-21
2.295666141e-21
2.237822362e-21
3.243566295e-22
1.354659538e-21
7.079382882e-22
1.900801806e-21
2.464004968e-22
2.341727723e-21
6.106390169e-21
6.301585983e-21
1.991538681e-22
6.941475002e-21
3.928132068e-21
6.520998775e-21
7.858943024e-21
1.857712588e-21
1.357550531e-21
3.825516285e-22
5.040050879e-21
4.29126094e-22
1.446229178e-21
1.220667105e-21
1.101157455e-20
3.350676361e-21
2.092835614e-21
8.39189442e-21
6.823829678e-21
2.465940954e-21
1.66078535e-21
8.112544758e-21
1.358666893e-21
1.607697937e-21
3.107343887e-22
2.225873475e-20
2.621305764e-21
1.322443431e-21
1.242966444e-21
4.050086649e-22
1.004932831e-22
3.348891108e-21
6.353439532e-22
6.625803435e-21
3.354509532e-21
3.881014914e-21
2.349842845e-20
1.260466127e-21
2.755261744e-21
2.772605381e-20
1.385215485e-20
1.598331928e-21
7.740464363e-21
3.588694995e-21
2.552304739e-21
1.381576233e-20
9.957108972e-21
1.871651433e-21
4.567823345e-21
1.020804372e-21
2.268661794e-21
1.277767764e-20
3.270484696e-21
2.050920012e-21
9.62656983e-21
9.854660188e-21
2.186517548e-21
1.332963209e-20
3.349411274e-21
1.581411593e-20
3.469262339e-21
8.984794832e-23
4.763952488e-22
8.559338916e-21
3.591672872e-21
7.60214634e-22
1.328045034e-20
1.752985414e-21
2.837946357e-21
6.072972889e-21
6.292299445e-22
1.803534e-20
1.608877667e-21
1.934700442e-21
9.876905473e-22
1.037507876e-20
6.327289603e-21
9.753245688e-21
3.537884138e-21
3.898098067e-21
1.168628753e-21
9.800196735e-22
1.997186294e-23
1.415140024e-20
5.243044838e-22
2.789910679e-21
3.330628008e-21
7.141038524e-22
4.370639085e-21
9.7202023e-22
1.463833643e-21
2.693247694e-22
6.436817463e-21
1.626306082e-21
8.050090108e-22
1.816878752e-21
6.344383814e-21
1.843397988e-21
2.451806277e-22
1.176494625e-20
6.270638597e-21
2.746107342e-21
1.444041105e-21
2.395663472e-20
1.549141032e-22
1.109312403e-21
1.53239733e-21
3.799427985e-21
9.000564626e-23
4.498143066e-21
8.438704404e-21
8.369051622e-21
1.450398388e-20
4.660724092e-21
4.584783576e-21
1.168942095e-20
1.628723519e-20
7.557284082e-21
2.667399604e-21
2.352802959e-21
1.721722034e-21
2.831351374e-22
2.059418007e-21
1.011271783e-21
6.944125623e-21
1.722031957e-21
7.361306345e-22
1.162962509e-20
4.453971047e-21
2.523384008e-22
1.047048315e-20
4.123063312e-22
8.586048908e-22
4.791299655e-21
4.995094454e-21
9.719311281e-21
4.238565537e-21
8.071862816e-22
8.633608508e-22
3.854853817e-21
7.718635114e-21
1.012051219e-21
1.050060139e-20
3.443882059e-21
4.228547356e-21
7.517938325e-21
4.240069396e-21
2.233958653e-21
4.534226124e-22
2.913805524e-21
9.531057567e-21
5.147992301e-22
5.831611381e-22
1.381476707e-21
1.246312238e-21
7.888784819e-21
3.41359227e-21
1.350334561e-21
9.388344674e-21
1.768736908e-20
2.634967805e-21
2.234096942e-21
9.021463321e-22
3.643653622e-22
1.682241281e-21
1.311622206e-21
7.803723711e-22
9.616786633e-22
1.671994597e-21
4.077962091e-21
5.634716488e-23
2.819003363e-22
2.917017197e-21
1.92214655e-21
5.982806202e-23
8.478184749e-21
4.384208288e-21
1.759016484e-21
9.286501298e-21
1.416298392e-21
1.773551554e-21
5.710504015e-21
1.595130142e-21
6.336305127e-21
1.87178523e-21
4.947922567e-21
7.853453046e-22
7.439728761e-21
4.090868496e-21
5.660800404e-21
1.337702946e-20
2.288515629e-20
3.665375088e-21
5.949984962e-21
9.925238089e-21
3.316237409e-20
3.831534769e-21
1.3703154e-20
7.628769655e-22
1.84270025e-20
7.480510381e-21
6.963841535e-21
2.550747977e-22
4.766256317e-22
9.928333722e-22
4.916315969e-21
8.416522155e-21
2.593577887e-21
2.984269105e-21
1.742725334e-21
3.755439162e-21
7.475466523e-21
5.07026666e-21
1.040839476e-20
6.013287904e-21
4.60385791e-21
1.119711485e-20
1.666504447e-22
8.659140738e-22
1.683602564e-22
4.348532378e-21
1.981095113e-21
4.276774088e-22
1.610754737e-21
3.606052302e-21
3.634567903e-21
5.317595346e-22
3.565008751e-22
2.782823835e-21
2.539735114e-21
1.66811911e-21
8.448137087e-21
1.453095102e-21
2.614060733e-21
1.486733307e-21
6.746994399e-22
3.040760095e-22
1.637402785e-21
8.707061735e-22
1.329440164e-22
2.010360936e-21
4.703241012e-22
5.030100237e-21
1.946549544e-20
6.699102807e-22
1.033666389e-21
4.210405497e-22
5.694752198e-21
6.865141462e-21
2.659632882e-21
8.758322691e-23
2.440995116e-21
1.134779323e-21
2.106817877e-21
1.600815922e-21
1.14374269e-20
6.193367235e-21
1.123506523e-20
6.449883701e-21
5.043697174e-21
8.19151862e-22
1.0124125e-20
3.268225273e-21
2.512072696e-22
9.001551472e-21
1.054756297e-21
3.997095956e-21
6.079151613e-21
1.595783365e-21
9.364315482e-21
1.045655698e-20
1.998481576e-22
3.709121683e-21
5.322813079e-20
1.186058118e-20
2.006474219e-21
1.188435852e-20
1.694970001e-21
3.323340229e-21
7.889342905e-21
1.642770443e-21
7.9358942e-21
4.802780185e-21
1.137964987e-20
9.748391275e-21
5.146985695e-21
3.200884673e-21
7.601247613e-21
1.288892585e-20
2.06171989e-21
2.342930917e-21
3.024284e-21
5.41302644e-21
3.366420178e-21
2.608740505e-21
5.13535355e-21
2.054945352e-21
2.085833933e-21
1.198847637e-21
8.189416682e-21
4.820700742e-22
1.257198415e-20
3.753712154e-21
2.951903796e-22
1.565844866e-20
4.074682888e-22
1.112194506e-21
3.712194699e-22
3.072206386e-21
2.039807293e-21
1.041894503e-20
1.208365951e-21
1.862511963e-21
4.696940331e-21
2.399994375e-21
2.144589573e-21
5.822683766e-21
6.956478023e-21
9.765823305e-22
5.864441404e-21
5.33167733e-21
2.731663361e-21
1.272501812e-21
8.486052232e-22
7.662049126e-21
9.475095964e-22
5.979275507e-21
3.28495285e-21
3.974795707e-23
8.557971965e-21
7.798918714e-21
1.305526703e-21
6.310647607e-21
1.021322238e-20
2.046680651e-21
3.59376331e-23
1.96422908e-21
1.331191973e-21
2.005238484e-21
1.456448163e-20
6.103687876e-21
2.060096923e-21
2.87773847e-21
2.672541268e-21
1.693707249e-21
1.558707605e-21
9.880263627e-21
7.262699002e-21
2.326363491e-21
5.323925277e-21
2.047319478e-22
1.908191224e-22
1.405158068e-20
7.442507194e-21
1.720504168e-21
4.270310611e-21
2.954493489e-21
1.026957828e-20
4.457408666e-20
6.835701718e-21
1.212337027e-20
2.800308642e-21
1.566570256e-20
2.773420496e-21
5.123261231e-21
5.751689342e-21
5.801272356e-21
2.488697819e-21
1.241617387e-21
3.558523653e-21
2.572622164e-21
2.429697863e-23
6.965564969e-22
1.640865165e-20
6.584189293e-22
1.27217471e-20
7.511208838e-21
6.211963942e-22
2.06942464e-21
2.007586786e-22
3.402471896e-21
7.797346552e-22
5.891095699e-21
1.646327472e-21
1.055200685e-21
1.180393972e-20
2.161489451e-21
1.337782595e-21
1.656313297e-21
5.015643304e-21
1.355458156e-21
9.379127751e-21
1.664180104e-21
4.486253083e-21
2.761842624e-21
2.683211153e-21
2.251752862e-21
7.084075136e-21
2.007146006e-20
2.964205673e-23
2.700536174e-21
1.287856939e-21
2.611600467e-22
7.047679645e-22
9.946835254e-23
4.051800995e-21
9.695130393e-21
3.596406829e-22
2.571834573e-21
1.873605449e-22
3.017402572e-21
1.291168228e-20
7.419969618e-21
6.568036523e-21
2.84012946e-21
7.9844238e-21
1.372870725e-20
2.20276402e-21
1.377743711e-21
4.040472455e-21
4.807094167e-21
1.362223667e-21
3.911272118e-21
1.48562336e-21
5.707752047e-21
2.024202533e-21
6.802598475e-21
3.713152836e-21
9.979653317e-21
4.336169774e-21
5.698835182e-22
9.235398475e-21
8.176223731e-22
9.898013217e-22
1.587634124e-21
8.063505442e-21
1.363425751e-20
8.81572177e-21
3.525915992e-21
1.211789043e-22
4.906666214e-22
1.26082082e-21
3.604150907e-20
8.059784894e-21
1.914008211e-20
8.567387087e-21
4.639192124e-22
4.194322335e-20
5.988438235e-21
1.474903305e-20
3.470179091e-21
1.124188322e-21
1.881943497e-20
5.655160996e-22
1.177017863e-20
3.694634457e-21
7.021219324e-21
3.402824011e-21
5.749871571e-21
4.39058949e-21
6.056993514e-21
6.305094705e-21
5.704889714e-21
3.164638788e-21
3.612152465e-21
2.347120002e-21
1.154849585e-21
4.928978083e-21
1.339124525e-20
6.018873355e-21
6.663314899e-21
1.114934944e-21
5.381457653e-21
3.185050769e-22
3.97519765e-22
8.379111433e-21
1.00421798e-20
1.286572199e-21
3.120274217e-21
7.864756417e-21
3.495668728e-22
5.115064231e-23
3.611352276e-21
1.591864656e-21
6.896761788e-21
2.640641803e-21
1.377450634e-21
1.096224503e-20
4.910170261e-22
2.458839628e-21
5.689185042e-22
4.942543239e-21
1.13035206e-21
5.147445155e-21
6.260034045e-21
1.464039474e-22
5.687367837e-22
3.645630018e-21
6.448329346e-21
5.751588584e-22
2.76467931e-21
5.820052497e-21
1.024325345e-20
9.647744823e-23
2.59973468e-21
2.178351607e-21
3.344126154e-22
2.963454472e-21
8.188357519e-21
1.357359609e-21
1.4658156e-21
2.560440169e-21
1.209063141e-21
3.447702281e-21
3.816741896e-21
3.73376435e-21
2.842666253e-21
4.470248347e-21
8.811733495e-22
1.58641656e-20
1.08529853e-21
1.595608439e-22
1.252160455e-20
7.376487164e-21
1.183907251e-20
6.70370394e-21
1.1000428e-21
7.800956472e-22
1.276340244e-20
2.174437525e-21
7.581532916e-21
3.320603725e-21
3.385837627e-24
4.243754745e-21
1.257673313e-20
5.087454404e-21
4.374706724e-21
1.037851435e-20
5.376645699e-21
8.002927315e-21
1.024595608e-20
4.337119018e-21
1.948721727e-21
4.116649767e-21
1.091799892e-20
9.305719189e-21
1.188357557e-22
1.095081218e-20
4.302730113e-21
1.074843289e-20
5.687408272e-22
8.435856485e-22
4.939086741e-21
1.239973983e-21
4.180457525e-21
7.883005036e-22
5.820486795e-21
7.342345914e-21
6.684089941e-22
5.285691179e-22
2.361468998e-22
2.764159455e-22
1.129478179e-21
1.351372248e-21
1.155806876e-20
1.05602575e-21
1.123652547e-22
1.571559598e-20
7.878906219e-23
7.370895791e-21
6.395220647e-22
2.242120931e-22
3.083103967e-21
3.062138429e-21
1.087412194e-20
4.643000021e-21
3.901851985e-21
5.12190519e-21
3.471631151e-21
4.970145299e-21
1.438847902e-22
7.898067793e-21
4.605534337e-21
4.956610471e-21
1.250945681e-21
5.765286949e-21
1.720986197e-21
1.393901404e-20
5.607047336e-21
3.334122548e-21
1.512634788e-21
3.262458775e-21
3.456990221e-21
1.427622769e-22
4.7627393e-22
2.692426777e-21
1.70120806e-20
6.287617956e-21
2.879851228e-21
9.600181799e-21
3.639891324e-21
1.884344823e-21
7.958474383e-21
3.44894418e-21
5.095683115e-22
2.248222183e-21
2.010471216e-21
4.271306701e-21
1.358131242e-21
1.350646781e-21
7.633608089e-21
2.667349551e-21
5.211602811e-21
3.154954132e-22
8.877788541e-21
5.778482297e-21
9.426436462e-21
1.199633315e-20
1.707323957e-21
1.169686045e-21
1.552650396e-20
1.761943333e-20
3.629804564e-22
1.457342319e-21
8.931122645e-21
1.930601117e-21
1.703533101e-21
5.903210914e-22
5.515076461e-22
2.777778643e-22
5.808228825e-21
8.99490313e-22
5.054457622e-21
2.354235562e-20
9.168830683e-22
8.797216272e-22
1.36967849e-21
4.498845705e-21
5.873409816e-25
3.715633024e-21
6.131409884e-23
5.822670612e-21
1.231237727e-21
2.031396928e-21
5.195504248e-22
7.798524937e-24
1.163330523e-20
8.79186134e-21
6.482925033e-21
6.061021883e-21
2.532180942e-21
1.866331526e-21
8.219612473e-21
1.066480854e-20
1.323925678e-21
8.315083484e-21
1.978709204e-21
1.837791484e-21
4.141357963e-21
1.628200922e-21
9.267602614e-22
5.763930331e-21
1.593055251e-20
1.876051284e-21
1.998328474e-21
8.950250266e-22
5.591217592e-22
3.601233822e-21
1.866409796e-21
5.251631917e-21
8.696457989e-21
9.215219797e-21
4.105940801e-21
1.00717754e-22
4.920022067e-22
1.096340339e-21
7.903790181e-22
2.841336938e-21
2.099255664e-21
3.554756377e-21
5.388827796e-21
2.755046232e-21
3.818050321e-21
1.193510959e-21
5.883071041e-21
1.406281436e-21
7.674703801e-22
5.760181086e-22
1.006334452e-21
7.267298111e-22
5.049733638e-21
3.435004461e-21
3.860516665e-22
1.426704125e-20
2.860888588e-20
1.455406529e-20
3.307437552e-21
3.340507668e-21
6.962625181e-21
5.331342124e-21
1.613532533e-21
4.952813295e-21
4.20638301e-21
6.18986395e-21
3.176790623e-21
6.205890328e-21
1.473640939e-20
4.034870148e-21
4.139403169e-21
6.731658359e-22
2.571379442e-21
9.251780252e-21
4.467169606e-21
6.399636817e-22
1.556360571e-20
1.315905883e-21
1.403825373e-20
7.754658154e-21
6.813347971e-21
6.313250776e-21
7.511173406e-21
1.090646951e-21
1.985569174e-21
6.672305599e-21
1.443370275e-21
2.300292638e-21
3.160104266e-21
1.204185281e-21
3.427679131e-21
8.53256961e-21
8.775837182e-21
1.615024939e-21
8.612653747e-22
1.477036358e-21
6.042254016e-21
2.818136788e-21
5.030025601e-22
2.230222356e-21
2.486639627e-21
2.513456057e-22
4.124379109e-22
2.463524729e-21
6.046934008e-21
4.202201529e-22
1.367835584e-20
1.396038479e-21
3.643217434e-21
1.544998588e-21
5.12181366e-21
6.204765274e-21
3.250274074e-21
2.260339457e-21
3.848195607e-21
3.875042646e-21
7.526634675e-21
2.989946585e-21
1.088506906e-20
1.094227731e-21
1.973065411e-21
7.546639483e-21
3.335087246e-21
3.077175988e-22
2.541896638e-21
4.451781225e-21
3.251884519e-21
2.85274508e-21
4.238428476e-21
6.813830571e-22
9.96331015e-22
4.025857369e-21
1.238401958e-21
6.464228647e-21
2.430950472e-21
1.074965215e-21
1.990908024e-21
2.525362085e-21
3.787036903e-21
3.070064985e-22
2.872708535e-21
3.413705741e-22
5.966616787e-21
8.470970193e-21
5.022024943e-22
1.507550573e-22
1.976243192e-22
1.112098515e-21
1.229049215e-20
4.07371341e-21
3.999184191e-21
3.089033815e-21
1.92897895e-21
4.587499904e-21
1.097659334e-20
1.354874748e-20
1.15520771e-21
2.363147727e-20
1.608552022e-20
2.232354095e-21
1.855727021e-21
5.742768673e-21
2.530037166e-21
8.177978346e-22
2.995368077e-21
2.650910885e-21
4.963430474e-21
1.507597187e-21
1.326501719e-21
2.634532795e-21
3.674355731e-22
1.057806748e-20
1.014506269e-21
3.441636373e-21
1.344579654e-21
1.234225824e-21
2.065237261e-21
1.55474717e-22
1.295844701e-21
1.201028403e-21
7.01623413e-21
1.489147674e-20
1.814388359e-21
5.523485748e-21
4.927007408e-21
1.923451766e-21
1.060991851e-21
3.064095958e-21
2.362138118e-21
3.769743274e-21
5.192290711e-21
2.701865268e-21
4.013899669e-21
8.004576002e-21
5.102918097e-21
1.405560693e-22
3.98965812e-21
3.293358116e-21
4.917344701e-21
1.712049883e-20
3.234381851e-22
1.595116404e-21
7.48179799e-22
2.277312063e-21
2.140307739e-21
1.09635059e-20
2.341903983e-21
6.386175222e-22
3.735864324e-22
5.691281823e-22
1.184693063e-21
6.994795599e-21
8.707692936e-23
1.142644928e-21
3.01352324e-21
9.173746134e-22
2.601958616e-21
8.819727727e-21
5.149612768e-21
3.12573977e-21
1.016564967e-20
4.854377071e-21
1.397221715e-20
3.535851106e-20
2.148131786e-20
1.419096282e-20
2.655126034e-21
5.471484358e-22
1.746831573e-20
1.528178556e-20
4.503774886e-21
4.05792552e-21
6.447195142e-22
6.586626526e-21
1.548497447e-21
5.284696001e-21
3.892371128e-21
7.748482484e-21
2.41625223e-21
1.308361401e-20
2.715117984e-21
8.836615814e-22
8.801855556e-22
1.477862006e-22
1.648770152e-21
5.911001407e-21
2.38161651e-21
3.272914102e-22
2.933815754e-21
1.335227222e-20
2.318115225e-22
2.494199531e-21
6.667163953e-22
6.110555418e-21
1.392691622e-21
1.774575955e-21
3.263773455e-21
1.310639436e-21
4.91720211e-21
3.68827853e-21
7.309894143e-21
2.402139495e-21
2.350973744e-21
2.621676478e-21
7.560982085e-21
1.028802828e-20
2.142251211e-21
1.867400865e-20
1.652171022e-21
2.779189877e-21
5.860980287e-22
8.893349651e-21
3.269049147e-21
1.105592861e-20
7.124842041e-22
8.283832618e-21
3.069128231e-21
1.827864877e-20
3.711966858e-21
2.682270956e-21
6.806650223e-21
9.394239271e-21
2.956464301e-21
9.018835968e-23
1.234126576e-20
2.891452657e-21
1.072322978e-21
8.416578586e-21
3.009903263e-21
3.404750023e-22
3.727094636e-21
3.264625962e-21
4.334688826e-22
4.077467329e-21
2.631301049e-21
8.676292207e-22
3.573365493e-22
2.687643958e-21
8.702534635e-21
2.945296632e-21
1.000050534e-20
6.539735268e-21
2.219691841e-21
5.828450355e-22
3.027240699e-21
4.619091755e-21
2.436717399e-21
4.718325755e-23
2.219509508e-21
1.745399316e-21
3.193351779e-21
7.727521527e-21
1.546481498e-21
3.589517031e-21
2.327609276e-21
1.030372379e-20
3.468379946e-21
7.902248839e-21
2.042993902e-20
2.338621464e-20
1.588965372e-22
1.279553637e-22
3.649268327e-21
2.909915532e-21
1.0858521e-20
3.083621404e-20
3.447829909e-21
3.867681954e-21
8.59265304e-22
7.298786388e-21
2.780121882e-20
3.012445383e-21
3.575837725e-21
1.873759534e-20
1.062337645e-21
8.257096929e-21
3.488742591e-21
1.562234014e-21
2.086130875e-21
3.120778962e-21
2.491710442e-21
5.157604499e-21
3.628699956e-21
8.227648227e-21
3.625465191e-22
3.676482312e-21
1.24262179e-20
4.244401828e-21
8.759923334e-21
2.820078599e-21
3.336639501e-22
4.252932422e-21
1.239014936e-21
8.11096362e-21
1.230755899e-21
1.58077492e-21
4.646016293e-21
2.80806361e-21
2.855074545e-21
2.580888423e-21
1.676955328e-21
2.413193701e-21
4.855492967e-21
6.216969895e-21
7.133682447e-21
6.744998084e-22
9.721855731e-22
6.499491463e-21
5.473569912e-22
4.099799914e-21
3.333287345e-21
1.50833879e-21
7.224231273e-21
5.499074793e-23
4.528116478e-21
5.697723168e-21
1.414794146e-20
2.631158379e-21
3.01687117e-21
7.482938921e-21
2.750729062e-21
3.354017561e-21
5.018115028e-22
2.47142237e-21
8.721847652e-22
1.281927115e-21
2.172735063e-21
4.117201427e-21
4.058562953e-22
4.899739687e-21
1.381943599e-20
1.499104506e-21
5.916156306e-21
5.656727497e-21
6.888149341e-22
1.261699698e-20
5.685794946e-22
1.73164532e-21
3.760831011e-23
5.242068638e-21
4.726483895e-21
1.735289802e-21
7.418862253e-22
9.031690917e-22
2.173785155e-20
1.102996138e-21
5.882490899e-22
4.662065914e-21
2.568829482e-21
1.550000565e-20
1.477364127e-20
2.302098037e-20
8.118387354e-21
4.126164988e-21
1.746901232e-20
2.65353476e-20
3.29481178e-21
3.125006599e-20
1.83177814e-20
2.108013027e-20
6.778953141e-22
3.466209492e-20
2.33801449e-20
2.763825667e-21
1.351508661e-20
5.855209577e-21
1.527713542e-20
1.463887882e-21
5.510267743e-21
2.367859076e-20
1.868099703e-20
2.780316575e-21
4.239240064e-22
2.608220231e-20
1.186779427e-21
1.849083506e-21
2.082356387e-20
3.882960483e-21
1.973453095e-22
9.254495843e-21
2.13364568e-21
3.554097632e-22
1.077292661e-20
5.020831669e-23
2.427209499e-21
2.548639156e-21
3.942308688e-23
7.697064632e-21
1.275028823e-21
6.966795533e-22
3.718550495e-21
6.060175558e-21
1.175654212e-21
2.79399595e-21
6.972114409e-21
2.616454164e-21
2.099036164e-21
8.212767056e-21
4.315452256e-21
1.938089312e-21
7.646388326e-21
3.96064912e-21
1.608009916e-21
2.066839431e-21
7.699653219e-21
8.115607296e-22
7.122578861e-22
1.816683984e-21
1.474750512e-20
6.89635973e-22
2.284051259e-21
1.37039799e-21
2.734341526e-21
4.851211858e-21
2.749190395e-21
4.232914027e-21
6.580475602e-21
1.235692226e-20
9.350525909e-22
1.555270792e-21
3.318343142e-21
1.736039009e-21
9.899929123e-22
1.906052875e-20
8.940233066e-21
1.01041231e-20
3.310170158e-21
1.224423306e-21
9.613431251e-21
8.665986236e-21
1.382950357e-21
7.567227738e-21
8.331700438e-21
3.747506004e-21
1.878660871e-21
7.18502904e-21
5.650876331e-21
3.506053997e-21
2.690555313e-21
1.232113704e-20
1.887744931e-21
4.901111954e-21
4.088046937e-21
6.910813118e-21
3.649483929e-21
4.324985197e-22
2.511067231e-22
1.251585793e-21
1.369263413e-21
1.044571066e-21
3.483712457e-21
1.200591551e-20
1.987521315e-21
2.331158552e-20
7.259855996e-21
1.071936062e-21
8.6805904e-21
3.370642844e-21
2.918259393e-21
3.866270103e-22
1.01737836e-21
9.253811605e-21
1.569058973e-20
4.901227582e-21
1.413362279e-21
4.944689362e-21
3.00258728e-21
6.629602843e-21
9.901656861e-22
6.726064883e-21
5.713242643e-22
7.320817741e-22
2.399505202e-21
6.614621566e-23
7.016655936e-21
3.202029925e-21
1.518556941e-20
2.700973295e-21
4.459771601e-21
7.776768604e-21
6.572303202e-23
1.499341483e-21
1.695276509e-21
1.535187732e-21
1.304480745e-21
1.690707612e-21
4.389950414e-23
1.591800296e-20
8.121303389e-22
7.200257679e-22
4.622929454e-22
1.296037932e-21
2.053112398e-22
5.22081708e-23
6.414886535e-21
9.371133751e-21
8.550523077e-21
1.478535737e-20
1.973802371e-21
1.992451037e-21
6.143620199e-21
1.517432487e-21
1.57389445e-21
2.855146344e-21
4.798756381e-21
1.19267465e-21
9.552366411e-22
4.933912896e-21
3.029341006e-21
1.163725929e-21
5.384725711e-21
1.087369025e-21
1.557362014e-21
6.770075105e-23
4.052615834e-22
1.288268973e-20
6.996354464e-21
9.768129689e-21
9.693257797e-22
7.542966134e-21
5.377256431e-21
1.164982324e-20
3.367837854e-21
1.034895553e-20
1.143073203e-22
5.799200197e-21
8.853038004e-21
2.781596843e-21
2.373678186e-21
3.053139588e-22
1.052944508e-20
2.975239846e-21
2.947926245e-20
5.924036182e-21
2.07527312e-21
3.196407487e-21
3.213365743e-21
1.530707227e-22
7.423440576e-21
1.582763142e-21
7.208756157e-21
3.170322982e-21
3.72559962e-21
1.858489973e-22
8.933425877e-22
1.646092083e-21
6.331434996e-21
2.811540075e-21
1.323209624e-21
1.02530018e-21
7.805017787e-22
1.272429257e-22
2.338512485e-21
5.899893935e-21
4.136131655e-21
9.789343816e-22
4.898102935e-21
5.393414107e-22
7.680251275e-21
1.048485172e-20
1.326966295e-21
8.93617444e-21
7.042762282e-21
6.289543938e-21
3.099457597e-20
2.34584882e-20
7.952676e-21
5.028096109e-22
2.285439725e-20
1.573992402e-20
2.42526141e-21
2.410900203e-20
1.541327222e-20
2.393686809e-21
8.732410975e-21
8.867740648e-21
5.605976969e-21
2.732551793e-20
1.067312079e-21
1.512696734e-20
2.348510162e-21
4.273178173e-21
2.039838762e-21
2.536274508e-21
7.223401935e-22
2.433318765e-20
8.836741313e-21
1.886614717e-20
3.573522743e-21
2.603724212e-21
3.726961759e-21
5.015034412e-21
3.390234792e-21
9.643136053e-21
1.843865772e-21
2.803620357e-21
4.383885211e-22
1.053757459e-21
8.248358491e-21
9.696581371e-22
9.339575052e-21
2.234916599e-22
1.341034451e-21
6.924373032e-21
6.492212545e-21
6.072996251e-22
3.213719754e-21
2.562633672e-21
3.499886668e-21
3.106040698e-21
3.563505084e-21
3.191253975e-21
1.351599872e-21
7.890512047e-21
1.696167606e-21
6.373690886e-21
4.035189572e-21
3.323983831e-21
1.065952264e-21
1.597558905e-21
1.449103466e-21
1.086575936e-20
1.348659023e-20
5.981548936e-21
6.572462076e-21
9.528952461e-22
3.480743066e-21
4.632819006e-21
8.237940457e-22
1.999183305e-21
1.0891578e-20
6.984544613e-22
3.095523032e-21
9.77702276e-21
6.583793369e-21
2.002239091e-21
7.266232854e-21
1.973971574e-21
4.03610225e-21
7.569424876e-22
4.057566422e-21
2.952501565e-21
1.35870334e-21
5.683679238e-21
5.973762772e-21
7.124782937e-21
4.556061736e-22
9.596673276e-22
4.296163606e-21
4.898921894e-21
1.399517815e-22
7.09189182e-21
1.752470274e-22
1.471246152e-20
7.30792571e-21
8.825197964e-22
8.47461304e-21
4.387664198e-20
3.747157992e-21
2.648421715e-20
9.716513875e-22
2.438996096e-20
5.521000395e-21
2.134089626e-20
3.214805228e-21
2.302639226e-20
1.486297954e-20
2.126909815e-21
4.472723485e-22
1.853240192e-20
1.599032057e-20
5.640073706e-20
3.24703925e-21
1.379073732e-20
1.381111118e-20
4.395738834e-21
2.3590916e-21
8.853688049e-22
2.023002176e-20
3.053314168e-21
1.102186503e-20
1.212193916e-20
4.360615439e-21
5.61210104e-21
7.880569041e-22
3.554183492e-21
2.791958327e-20
1.863671601e-20
2.859785533e-22
2.392928831e-21
3.065319522e-21
3.914240944e-21
8.347475511e-21
1.62464467e-21
6.21268163e-21
2.368220807e-21
1.652759477e-20
9.625475385e-21
2.533225765e-22
1.81301179e-22
5.072367769e-21
2.150472561e-21
8.162945779e-22
2.818321983e-21
1.370156523e-20
2.733982061e-21
2.027935104e-21
2.263021957e-22
1.563330515e-20
1.627932093e-20
1.018242567e-22
1.065546543e-21
2.33371041e-22
5.572951986e-22
1.066404613e-21
1.467928878e-21
8.299991531e-21
4.255817123e-22
2.952892458e-23
9.991415442e-21
2.60511413e-21
5.630834448e-21
4.383394993e-21
3.321722529e-21
3.523163788e-22
7.343558992e-21
1.553331869e-21
1.164788753e-20
1.577659684e-21
3.741074697e-22
2.604760663e-21
6.50478881e-21
3.954652427e-21
2.57909573e-21
1.221528203e-21
3.417407358e-21
2.585127101e-21
1.238084128e-21
8.113427786e-22
4.733058539e-21
4.485850603e-22
4.964636705e-21
7.786602631e-22
6.973907542e-22
1.983067363e-21
1.149219978e-21
3.613062243e-21
6.135976657e-21
5.827630801e-21
1.987957923e-21
8.18116e-21
3.08752178e-21
8.918885e-21
3.834518064e-21
6.454570491e-21
2.862495083e-22
4.611019928e-21
1.550994711e-21
4.062566555e-21
1.337248544e-20
9.314625857e-21
1.702238054e-21
1.161686425e-21
1.021031852e-21
1.483460681e-20
1.943971044e-21
1.819119909e-21
2.409831468e-21
3.658130014e-21
2.351400134e-21
1.548937651e-20
6.965770347e-21
8.854411682e-21
1.219553623e-20
7.842976291e-21
3.31525624e-21
7.068792859e-21
4.037968211e-21
4.348235901e-21
1.230841834e-20
7.546350878e-21
2.964140928e-21
7.091668033e-22
4.357786202e-21
1.871490384e-21
4.54513582e-21
5.668295268e-21
3.311098479e-21
7.957994424e-22
3.298055008e-21
3.917089425e-21
2.650329085e-21
3.143275368e-21
9.783817798e-21
2.770619475e-21
5.627510358e-22
1.007107887e-20
7.580127674e-22
2.262579771e-21
5.813945136e-21
1.109042616e-20
4.37378276e-21
6.056434309e-21
4.975481509e-21
1.821483607e-21
1.824998981e-22
1.885639407e-21
1.103386827e-21
2.925861721e-21
1.045472187e-21
3.630290115e-21
5.980304246e-21
5.949996289e-21
2.370144741e-22
2.651209443e-21
1.44012132e-22
2.146161211e-21
5.219826635e-21
5.354810436e-21
4.569599021e-22
7.041886801e-23
1.0724007e-20
5.117446082e-22
2.622519548e-21
3.565505087e-21
7.902605887e-21
8.836548987e-21
1.913251299e-20
3.165790818e-21
1.036729418e-21
6.834363348e-22
7.870462034e-21
6.400647824e-21
5.952301275e-22
6.277393665e-21
2.994930729e-22
4.524665232e-22
9.504289836e-21
2.660634325e-21
7.072157143e-21
8.262972635e-21
1.903450124e-21
2.453711725e-20
3.137387629e-21
1.230115062e-20
8.483066521e-21
5.21049688e-21
5.841114453e-21
1.365285447e-20
2.732509327e-22
3.271911358e-21
5.060093347e-21
2.692070498e-21
5.023637142e-21
9.060767635e-21
8.821996376e-21
9.20007861e-23
2.879676727e-21
4.313912717e-21
3.407669199e-21
3.903474334e-21
1.261094618e-21
3.070280452e-20
2.773013758e-20
5.50654272e-21
1.542864945e-20
4.206690415e-21
1.150249182e-20
7.821986589e-22
8.050651526e-21
2.093799913e-21
7.154915031e-21
9.232538718e-22
2.446735114e-21
9.584852684e-22
7.800348245e-21
1.890736787e-21
1.98115314e-21
5.001269342e-21
1.211805808e-22
2.584727919e-20
1.949068675e-20
1.571780919e-21
3.361564296e-22
1.499408792e-21
4.814091387e-21
2.354062306e-21
8.145967553e-21
1.387890218e-21
4.659033048e-21
1.199841541e-21
2.891884823e-21
5.806932209e-21
2.860631067e-21
7.937511115e-23
3.115582924e-21
3.874295541e-21
2.720843038e-20
2.834997158e-21
1.230316492e-21
7.16903098e-22
5.327788661e-21
2.202957408e-21
2.340682426e-21
1.627199399e-21
4.558678626e-21
5.762855946e-21
1.624036609e-21
9.061016877e-21
1.815363066e-22
4.00546103e-21
2.356508853e-21
1.466812069e-21
7.602548275e-21
3.46305569e-21
2.220189335e-20
6.221653488e-21
3.373950594e-21
1.518483655e-21
7.747225937e-21
8.813021352e-22
5.516281542e-21
7.921873943e-22
2.00487484e-21
6.222262316e-21
2.718948774e-21
6.519278996e-21
1.866509409e-21
9.061137822e-23
2.739225962e-21
9.996581162e-22
5.255561527e-22
6.752504513e-21
7.465452869e-22
5.354052201e-22
4.297903469e-22
7.381505564e-21
1.146993381e-21
8.121757785e-21
1.096687364e-21
4.710764069e-21
2.160851898e-21
6.047433432e-21
8.138956239e-21
3.589997096e-21
7.160757892e-21
3.932433425e-22
1.44806422e-21
3.368500892e-21
4.486490898e-21
7.477932352e-22
8.410792269e-22
3.197837165e-21
2.15530599e-21
2.904442281e-21
2.446541757e-21
1.476243917e-22
1.512658289e-21
3.678592544e-21
1.822854949e-21
2.758057971e-22
1.577875098e-21
9.697256856e-21
1.87299797e-21
1.236678395e-20
1.390748591e-20
1.263691135e-20
8.929421523e-21
2.57348706e-21
1.169078762e-21
3.480759779e-21
1.022623268e-20
3.312161921e-21
1.272334023e-21
4.228115809e-21
1.326936158e-20
2.288594899e-21
1.201215672e-20
4.327723168e-22
3.536845898e-21
4.994652039e-21
3.39914439e-21
3.422204525e-21
5.117797532e-21
1.173237367e-20
2.608038789e-21
1.706104034e-21
4.386974904e-21
1.052825716e-21
3.01047077e-22
1.491843294e-21
2.251206878e-21
4.096796921e-21
2.476452142e-21
1.822105402e-21
5.497602143e-21
2.532476982e-21
3.628314107e-21
5.290840302e-22
1.10498101e-21
6.30176559e-24
4.651896107e-21
1.85615339e-21
1.653037214e-20
1.057073717e-22
1.73946458e-21
3.535463614e-21
3.908306511e-21
2.978141698e-21
1.984042759e-21
7.31060807e-21
6.7627243e-21
8.82159259e-21
7.963574752e-21
1.6941234e-22
1.224335806e-20
1.301447366e-21
1.754646639e-21
6.089359695e-21
4.208271975e-21
1.166665209e-20
6.22579203e-23
3.89640842e-21
3.356596012e-22
1.539366921e-21
2.526218629e-21
3.29387841e-21
2.532053581e-22
1.60827664e-21
4.313398525e-22
2.364171721e-21
2.433064163e-21
1.44128821e-21
1.245517835e-21
4.077803611e-21
4.512398646e-21
2.184022946e-21
2.0654059e-20
4.896935579e-22
9.889947775e-22
6.768224258e-23
8.616038262e-21
8.637971024e-23
3.662367587e-21
2.086836997e-21
6.334168338e-21
8.637435972e-21
8.186496169e-21
7.08449759e-21
5.168536426e-21
1.200800068e-20
1.778828482e-21
5.007842127e-22
1.327244702e-21
5.922781652e-22
2.179145265e-22
1.05924945e-20
2.450919895e-21
6.785215026e-21
2.185644431e-21
3.238803986e-20
1.233549819e-20
2.945949246e-22
1.379983863e-20
1.061870101e-20
1.472864365e-20
2.660641816e-22
3.559391708e-21
2.610126665e-20
3.797159713e-21
1.908638008e-20
7.375441197e-21
5.860340968e-21
1.898270425e-21
7.86507112e-21
6.420856954e-21
2.733652457e-21
2.45015727e-22
3.987077289e-20
3.062493737e-21
4.264220971e-21
9.8878674e-23
1.895302863e-20
2.678081087e-21
6.080358977e-21
1.115936163e-21
2.169188001e-21
5.366980037e-21
1.417398755e-21
6.079129192e-21
4.049199864e-22
2.474138713e-20
1.367787726e-21
5.309304657e-21
8.540350656e-21
3.144094447e-23
9.54426924e-24
3.128902925e-21
3.821154771e-21
2.312609407e-22
1.315529452e-20
5.650304389e-21
1.253150019e-20
5.886003389e-21
9.291950153e-22
1.968852812e-22
8.157413207e-22
1.548052902e-21
8.824188176e-22
8.530325445e-21
2.284399057e-21
1.180491191e-20
2.004612001e-21
1.382283305e-20
3.811492976e-21
1.713383085e-21
2.442911615e-21
2.207481692e-20
1.945176078e-20
6.994635102e-22
1.158944566e-20
1.215666122e-21
1.232040902e-21
9.516219448e-23
4.731039144e-21
4.98671526e-21
1.71922655e-21
5.250273508e-22
2.374912764e-21
1.159752672e-21
1.699340853e-21
4.751438854e-21
7.601929319e-22
4.097314206e-21
1.0328842e-21
2.659072682e-21
1.374299761e-21
1.201506312e-21
8.374674389e-22
1.240723847e-20
2.402337203e-21
4.320139997e-21
2.863276704e-21
2.459076265e-21
1.802993869e-21
2.873124256e-21
2.775229815e-21
7.289386319e-21
2.411352671e-21
4.527617503e-21
1.345410044e-21
1.089994805e-20
4.978590974e-22
1.934616076e-21
4.465204276e-21
2.952582365e-21
1.350124274e-21
4.422699783e-21
5.936181063e-21
1.46541253e-21
1.112769326e-21
1.176213037e-20
5.320023275e-21
2.228637163e-20
1.453740999e-22
1.130895852e-20
5.347801002e-21
1.267968995e-20
2.993343187e-21
3.377160129e-22
1.046256766e-21
8.823895878e-21
1.645962995e-21
3.742040343e-20
7.043320524e-21
7.273350832e-22
6.751741532e-21
4.549777638e-21
3.104237709e-20
4.365301536e-21
2.965956656e-22
3.191522646e-21
2.082376766e-21
6.206088651e-21
7.489002452e-21
5.61680885e-21
5.401126581e-21
2.076779473e-22
4.873168921e-22
5.399624213e-21
5.256071734e-21
5.620255893e-21
3.401511531e-21
5.305424365e-22
1.34412419e-22
4.46884539e-22
2.081548219e-22
5.613006692e-21
3.167963425e-21
5.037739241e-21
2.962010948e-21
2.651681323e-21
6.881835772e-21
5.808921797e-21
7.002943135e-22
5.485713119e-21
3.019643768e-21
1.65188222e-21
2.700978027e-23
9.679859733e-21
1.127596557e-21
1.691363797e-21
4.296622437e-21
1.643193973e-21
2.991386187e-22
5.867308093e-21
5.123320233e-21
6.912612539e-21
3.852215828e-21
1.939810734e-21
1.913180112e-21
3.354364891e-21
2.065883661e-21
1.335876417e-21
3.717447208e-22
1.807969288e-21
2.661469569e-22
8.519538285e-22
4.846341967e-22
5.869837876e-22
2.616702023e-21
2.635911533e-21
2.993365575e-21
1.33620897e-21
1.354265962e-21
3.188232022e-21
2.657119333e-21
3.380654197e-21
1.994002687e-21
4.50924309e-21
9.058212753e-21
8.788803598e-22
2.892342563e-21
2.321663809e-22
1.923770651e-21
2.073293688e-21
3.752308252e-21
3.050481748e-21
3.995585625e-21
5.819406392e-22
5.91600585e-22
5.093188501e-21
1.454723436e-21
1.271897605e-20
1.238271947e-21
1.233723948e-20
8.332582226e-24
6.986310064e-23
3.323552015e-21
1.195518639e-20
6.348271611e-22
1.304850306e-21
1.428073025e-22
8.759620495e-21
6.246601157e-22
3.369488863e-21
4.090233485e-21
3.411165909e-21
5.228137724e-21
2.599759322e-21
7.623817339e-21
6.151257915e-21
1.053897659e-20
6.380075999e-21
3.623261104e-21
1.082754547e-21
6.209388246e-21
3.482380273e-20
7.899231219e-21
2.317345151e-21
3.687788652e-22
1.491142305e-20
4.597895295e-21
1.783229795e-22
6.668442086e-22
1.754997767e-20
1.680377559e-20
3.218602113e-22
3.918480303e-21
3.75271008e-21
1.101348947e-22
1.273968332e-21
2.828214875e-22
9.136053836e-21
9.307516547e-22
1.113385332e-20
2.069343646e-21
2.996331563e-21
4.766871884e-21
3.682331883e-21
3.830631399e-21
2.300036563e-20
2.600065328e-21
6.475214143e-21
2.679014169e-21
1.916440403e-21
3.482108197e-21
9.631024228e-23
3.18324182e-21
1.107857203e-21
6.528371619e-22
2.390013127e-21
4.611443923e-22
7.743875975e-22
4.314348756e-21
1.603875322e-23
1.299589403e-21
1.189000215e-21
2.171348653e-21
5.392644153e-21
1.415955512e-21
9.034543032e-24
2.465397435e-21
1.023065638e-20
2.099269854e-21
3.697256039e-21
3.754496085e-21
8.743424913e-22
7.210340117e-22
2.044318677e-21
4.926735752e-21
9.047394305e-21
6.309700372e-22
3.219635877e-21
3.609436609e-21
4.147507486e-21
1.051928031e-23
3.525545179e-21
3.455668907e-21
1.787559811e-21
5.32652093e-21
5.898084449e-21
1.194895799e-21
5.386654334e-21
9.839527937e-22
3.238220898e-21
1.955426592e-21
3.866725667e-21
2.931773918e-21
5.901746638e-22
1.76582277e-20
1.696822677e-21
1.492930128e-20
7.454528325e-22
1.241605795e-20
2.247859595e-21
3.307283565e-21
2.069317571e-20
4.454151958e-21
3.769212517e-22
5.604540672e-22
4.157049864e-21
7.257724133e-21
1.916059786e-21
3.45097499e-21
7.402207207e-21
1.262608139e-21
1.548258115e-21
1.706425191e-21
8.866678681e-21
1.117784427e-22
7.971939445e-21
3.260382879e-21
5.67514373e-21
3.263932452e-23
4.824284909e-21
2.192648061e-22
3.121724308e-21
2.541825265e-22
4.705406601e-21
1.039663246e-21
3.678506793e-21
1.776458653e-21
4.018038353e-21
1.259369795e-21
3.325086285e-21
5.318760974e-21
6.432957939e-21
3.489793893e-20
4.491583493e-21
1.142998719e-20
3.400098085e-21
8.800156218e-22
1.365784515e-20
6.729335261e-21
3.543331226e-21
4.108377572e-21
1.577642598e-21
1.66200513e-20
2.491231305e-20
1.135942538e-21
9.698671604e-21
2.979825869e-21
2.00823979e-20
7.495600471e-23
3.503510181e-21
1.045273454e-20
3.282087318e-20
2.562719389e-21
1.236621066e-21
7.744156362e-22
1.63272938e-20
1.037288248e-20
2.307065566e-21
9.193660279e-21
1.84523365e-21
1.806193524e-20
1.230201149e-22
2.904249909e-21
3.009398891e-20
9.093466512e-21
1.204128382e-20
2.864436292e-21
6.949330477e-21
4.012433303e-21
2.040229226e-21
5.866094578e-21
5.820279316e-22
1.07964593e-20
1.738749256e-21
1.04035009e-21
1.960549663e-21
1.076563661e-22
3.69485291e-21
8.977919442e-21
2.121930322e-21
4.1578352e-21
3.026692023e-21
9.194385431e-22
4.894161221e-21
4.023090554e-21
1.105701499e-21
5.237201562e-21
1.753517412e-21
8.828745469e-21
1.010071819e-21
1.515058532e-22
1.004302784e-21
1.226989979e-21
8.040410211e-21
2.697845526e-21
5.115409465e-22
3.174360836e-21
1.707863853e-21
1.692338412e-21
4.944684115e-21
2.51606682e-21
1.009622902e-21
8.191133206e-22
2.056972879e-21
1.728594781e-21
7.399942331e-21
4.606009751e-21
2.205035679e-20
2.145109389e-21
1.282534474e-20
9.027046369e-22
1.041968301e-22
2.564421556e-21
2.819779082e-21
1.455877327e-21
2.478217912e-21
1.87975511e-21
5.103845109e-21
5.703278815e-21
4.2656371e-21
1.164966925e-21
4.440717096e-21
3.90450212e-22
2.199212683e-21
2.561938291e-21
3.831682928e-21
1.974932349e-21
2.218541894e-21
3.374884132e-21
1.008797044e-20
6.269373489e-22
2.413301467e-20
4.359838787e-20
4.863711065e-21
5.332762077e-23
3.662133704e-20
6.387633873e-22
3.785092923e-22
3.463160265e-21
1.116381037e-21
3.58388537e-20
5.122338953e-21
1.223551993e-20
1.635052671e-20
1.92349387e-20
1.252560531e-20
9.741388662e-21
7.165679739e-21
1.368814504e-20
6.582815266e-21
4.952181014e-21
8.731384196e-21
3.840105678e-21
9.336216298e-21
1.50573922e-21
2.864178203e-21
2.432977e-21
3.521057871e-21
1.108851523e-20
3.458204086e-21
9.439624047e-21
1.944036584e-21
9.346999289e-21
5.514429245e-22
1.502811894e-21
2.414001062e-21
3.39690779e-21
7.224751406e-21
7.160596997e-21
2.436233645e-21
1.896422981e-21
1.495517926e-21
1.02890672e-20
5.387550825e-21
3.39933886e-21
1.169965012e-20
2.625555115e-21
1.834821371e-21
8.258501548e-22
5.071491404e-21
6.248459675e-21
3.730841511e-21
2.592681356e-21
7.463047101e-22
1.432290235e-21
8.019911746e-21
4.832182609e-21
1.230285187e-21
1.531041011e-21
1.012363194e-20
6.620421918e-21
2.29967931e-22
1.943261552e-21
1.119531733e-20
1.352235976e-21
1.878685089e-20
1.208395284e-20
2.133844062e-21
2.645113808e-21
3.219575332e-22
2.204343162e-21
2.993761115e-22
2.727894841e-21
1.613970954e-21
1.774477051e-21
1.140611715e-21
4.362154186e-22
1.336502374e-21
6.629993314e-21
2.710496727e-21
1.582328419e-21
2.131148003e-21
3.802277223e-21
6.239800349e-21
5.010959554e-21
1.650814601e-21
4.924226436e-21
1.821520902e-21
7.354776009e-22
2.812572432e-21
1.151951859e-21
8.949050813e-22
7.578828725e-22
2.360877764e-21
4.555348834e-21
5.157597456e-21
3.182785294e-22
6.267267545e-22
8.48107368e-22
8.28698685e-22
4.755146396e-21
6.175477241e-21
1.522766692e-21
7.12932833e-21
5.574472919e-22
3.739564871e-21
2.256356845e-20
4.411347993e-21
1.075523412e-20
5.030559948e-21
1.297752446e-20
1.031566764e-20
2.386922176e-22
4.435423027e-21
1.650359911e-20
6.838907408e-21
1.088476944e-20
1.412137146e-20
3.499473839e-20
1.500324677e-20
1.188610387e-20
6.469324196e-21
1.229390918e-21
8.609115669e-21
5.044136659e-21
6.268641246e-22
5.059868393e-22
8.214004545e-23
1.09193948e-20
1.614417458e-20
5.026035636e-22
5.864212347e-21
1.731432363e-21
3.497757596e-21
7.193943942e-22
3.187454519e-22
9.986140747e-22
4.682321484e-21
6.64428668e-22
2.49587803e-20
3.65521256e-21
5.253247438e-21
8.513721471e-21
2.749006329e-21
3.340666486e-22
6.584260836e-21
7.449482865e-21
2.618368192e-23
1.486878044e-20
2.048071383e-21
5.785024555e-21
9.020034204e-23
2.689933494e-21
9.387671986e-21
6.080161341e-21
4.086926948e-21
3.958443186e-21
3.243319225e-21
1.390320693e-20
6.00871236e-22
7.962196217e-21
2.726568118e-21
5.527249545e-21
2.6964409e-21
3.112659243e-20
1.951853213e-24
3.89702855e-21
6.296274319e-22
6.79755254e-21
1.010899957e-21
3.01842552e-21
3.117189957e-21
4.861211719e-21
2.488451582e-22
1.979622489e-21
7.266083427e-21
6.663370152e-21
7.566252279e-22
5.415008453e-21
1.346016201e-21
3.177194037e-21
3.431321425e-21
3.778272749e-23
5.910699345e-21
2.883009447e-21
1.594271212e-21
2.984703622e-21
1.700035072e-21
3.346530973e-21
1.355578973e-21
1.757844533e-21
2.853263884e-21
5.480560736e-22
2.205400385e-21
4.559413048e-21
5.005481692e-21
1.800206543e-21
1.040383594e-21
3.283881185e-21
2.040834815e-21
3.244000972e-21
5.820618433e-21
1.311816908e-22
5.218857228e-21
1.427474085e-21
1.187222173e-21
1.040511912e-21
1.76339301e-21
1.147623585e-21
2.656226197e-21
1.114051978e-21
6.49120546e-22
1.903476348e-21
3.015043953e-21
6.004173391e-21
6.589405159e-21
1.712358204e-22
2.585668628e-20
4.709419307e-21
3.170025618e-20
1.377927002e-20
7.224153108e-21
3.206086252e-20
1.49581607e-21
1.331221521e-20
3.231965374e-20
4.100579403e-22
3.263104879e-20
6.855687045e-21
2.819088961e-21
7.481768424e-21
8.336150866e-21
4.042829839e-21
4.837112557e-21
1.548953666e-21
2.64398582e-20
3.144556624e-21
5.203445398e-22
4.189546735e-21
4.012311646e-21
3.389414056e-21
1.697263555e-21
1.157293155e-20
6.041642392e-21
1.529300218e-21
6.616049347e-21
8.053494727e-22
3.944395577e-21
6.184477616e-22
1.65234741e-21
2.112172935e-21
6.718396876e-21
9.092155425e-22
1.735260262e-20
3.648952552e-21
1.984638238e-20
2.072671665e-20
4.517848475e-22
3.71900698e-21
1.432145004e-20
8.431933416e-23
5.143360529e-22
4.662820205e-21
2.947703202e-21
4.220828562e-21
2.034058573e-21
4.870426865e-21
4.931706627e-21
2.872738178e-21
1.341131127e-21
7.068180064e-22
2.863123177e-21
2.276404803e-21
1.166185862e-20
8.225787083e-21
5.160326502e-21
2.200319342e-21
2.599596775e-22
1.687090637e-21
1.144640426e-20
5.585644311e-21
3.52373299e-21
1.203701044e-20
3.948314702e-21
1.186658949e-20
2.735499008e-21
1.693512265e-21
6.25875005e-21
5.085412724e-21
3.649328654e-21
7.359553241e-21
1.161067969e-21
3.897654634e-21
1.407073341e-21
4.134911285e-21
6.392703871e-21
3.006851145e-21
1.11411953e-21
6.679981294e-21
4.608206456e-21
7.581599409e-21
3.360956721e-21
1.109607392e-20
3.148392329e-22
2.177615272e-21
1.50040842e-20
7.244054972e-21
1.074956206e-21
7.678117702e-21
1.751055251e-21
2.305747935e-21
5.554032619e-21
4.195083516e-21
1.880069516e-21
6.578291696e-22
2.568337405e-21
1.67503841e-21
1.393945297e-21
7.721870391e-21
4.256878141e-22
5.727386639e-21
4.056109596e-21
1.191591381e-21
4.168501264e-21
1.919539218e-21
1.56899092e-21
3.580997771e-21
4.496990174e-21
4.699007229e-21
1.262490888e-21
1.790479034e-20
1.461065133e-21
2.440460995e-20
1.762683523e-20
9.90699333e-23
8.487146122e-22
2.21826029e-20
2.092248679e-20
2.650328178e-21
1.34577242e-22
3.090145731e-20
7.671294817e-21
7.546030383e-22
7.38329306e-22
8.452057462e-21
5.859191833e-21
2.827049896e-21
1.05061345e-20
3.260085556e-21
1.581030595e-21
1.516351703e-21
2.629421473e-20
2.772537438e-21
1.579721479e-21
3.633639696e-21
5.153999835e-21
5.443948124e-21
9.667732442e-21
8.073779599e-21
3.960267027e-22
8.710280335e-22
1.577093426e-21
6.105300908e-22
2.388032922e-22
7.189885649e-21
4.869145719e-21
4.024934051e-22
6.802883039e-21
9.661505332e-22
5.183210443e-22
3.571529275e-21
4.780966857e-21
2.804610818e-22
2.398807415e-21
1.497022999e-22
1.325020582e-21
1.02710874e-21
9.78207589e-22
1.019435796e-21
2.462781048e-22
3.705085807e-21
1.242671552e-20
1.613276797e-21
5.825044996e-21
1.753726301e-21
1.71383672e-21
3.054589515e-21
5.116056931e-22
5.383709374e-21
1.299179061e-21
2.350831046e-22
3.782826956e-21
2.082414672e-22
5.106761986e-21
1.804141454e-21
2.172618253e-21
5.632168325e-21
3.685231201e-21
4.732995351e-21
3.807881057e-21
7.350144342e-21
5.989240934e-21
2.899278123e-20
2.594373687e-21
4.429428942e-21
2.88543921e-21
6.046687913e-21
1.764657701e-21
1.259652233e-21
4.510956025e-21
3.538326086e-23
3.86032468e-21
6.791778591e-21
1.178428758e-20
1.00879437e-21
2.728315844e-21
1.602521437e-21
4.790098272e-21
8.787062197e-22
9.616158587e-21
2.068465969e-21
5.614811427e-21
3.793323315e-22
5.847596304e-21
1.283644803e-20
6.038169333e-23
7.752366236e-22
3.794849739e-22
1.295230996e-20
2.782704128e-21
3.463982242e-21
1.823406746e-21
7.566315046e-21
5.407300192e-21
1.767103556e-20
1.205297431e-20
1.996153074e-21
3.150187608e-21
4.611722052e-21
2.500784847e-20
9.820216264e-21
3.580453937e-21
3.058951944e-21
2.959942617e-22
1.086771555e-22
1.905132826e-20
6.306607573e-21
3.751738226e-22
1.35059669e-20
3.856632434e-21
2.542221537e-20
1.976764999e-20
3.029920799e-21
3.723219359e-21
1.199002504e-21
3.109446187e-20
3.693035174e-22
1.816241803e-22
7.00272022e-21
1.943546157e-21
1.513181774e-20
5.749360435e-21
6.41474228e-21
4.139931293e-21
5.620468531e-21
4.717988965e-23
6.171537258e-21
4.400991805e-21
2.824502455e-21
1.691798307e-21
2.245479507e-21
1.728904011e-22
3.71686781e-22
1.143960477e-21
6.65762741e-21
2.767236313e-20
1.131909355e-20
3.388130121e-21
2.745075012e-21
5.704598722e-21
3.756647444e-21
5.561948276e-21
2.017692169e-21
8.247025802e-22
3.605372864e-21
1.075824405e-21
4.323231895e-21
1.786764033e-21
2.728797753e-21
1.512773116e-20
5.92505432e-22
3.119504053e-21
3.22257926e-22
7.275691866e-21
7.178418502e-22
5.155839853e-21
4.032142739e-21
8.577562475e-22
5.710353714e-21
2.341563184e-21
8.075685257e-21
1.665883307e-20
3.152891421e-21
1.913310573e-21
5.662341227e-21
2.301428866e-21
1.943267898e-21
4.312628123e-22
1.436288654e-21
1.563812456e-22
4.072518374e-21
2.603863781e-20
3.15836458e-21
2.741560592e-21
4.66082184e-21
6.423680842e-21
1.275527464e-21
4.920387824e-22
2.528028226e-21
5.255980514e-21
5.597888133e-23
6.447943452e-21
5.988803561e-21
9.737422988e-21
2.177982651e-22
4.780852368e-21
1.24326417e-21
4.107629301e-21
6.060729775e-21
7.398261141e-21
1.046203639e-20
3.436332751e-21
4.402249817e-21
3.403707433e-21
5.035599475e-21
6.159937362e-21
1.505868848e-21
7.067755824e-21
1.06044664e-21
1.083269314e-20
9.464714215e-22
1.207696902e-20
2.157282995e-21
2.123106357e-22
5.375107485e-22
5.731696666e-21
1.104823263e-21
9.579241994e-21
5.059594309e-21
1.810760236e-20
4.219087092e-21
7.933658367e-21
1.594759237e-21
6.503448326e-21
4.162835357e-20
2.366349473e-20
4.38658896e-21
1.684188191e-20
5.978685245e-21
3.983265829e-21
1.348389876e-20
1.630879705e-20
8.159349518e-21
9.820677013e-21
2.202708535e-22
7.78500657e-21
1.114956732e-20
1.095562279e-20
5.501269358e-21
3.645621423e-21
1.82342599e-21
2.045516983e-21
9.846038601e-22
1.043121492e-20
5.775572892e-21
5.22446652e-21
2.316828759e-21
3.81522597e-20
5.936147383e-21
6.939872643e-21
9.942749333e-21
9.470514086e-21
2.015600109e-21
1.016006149e-20
1.152223967e-20
3.394477063e-21
4.430638474e-22
7.862218986e-21
4.206015999e-21
6.313406519e-21
2.069754716e-22
1.618388667e-21
1.093141e-20
6.242134374e-21
1.595241552e-21
3.271832021e-21
1.070628987e-21
2.402065649e-21
1.111460031e-20
2.365709859e-21
2.014936834e-21
3.370414522e-21
2.968033614e-21
4.301399056e-21
2.396474716e-21
1.132938985e-20
3.645847179e-21
5.928231131e-21
3.969592503e-21
7.599410478e-21
1.494571026e-21
6.370533443e-21
8.219901198e-22
5.652341967e-21
1.342394581e-21
6.930224505e-22
2.141624258e-21
2.068451035e-21
2.354569402e-21
1.088275551e-20
9.815502201e-22
5.857900291e-21
4.491455783e-21
1.361599724e-20
2.088981176e-21
1.389503509e-21
1.444963682e-21
2.286596411e-21
6.516034029e-21
5.395556003e-21
3.628613197e-21
6.362472673e-22
2.025639565e-21
3.202410316e-22
8.827201971e-22
1.757636938e-21
5.228569054e-21
2.866120932e-21
7.568893774e-22
1.039686328e-21
3.216182216e-21
2.603045715e-21
1.666023776e-21
9.452670938e-22
2.699902512e-22
1.033562039e-21
1.121516498e-20
4.693162671e-22
5.979854613e-21
2.328313353e-20
1.053574941e-20
3.705772533e-22
6.849479353e-22
5.790481681e-21
1.410212074e-20
5.648477877e-21
1.095700705e-22
5.403632539e-21
1.452311555e-21
4.215253669e-21
2.222653716e-21
3.815640144e-21
2.207883768e-21
1.751618373e-21
1.315428809e-22
9.311566217e-21
9.918646826e-21
1.319730221e-20
6.248182137e-22
3.515805749e-21
5.146179915e-21
1.195020429e-20
5.848576477e-21
1.280232352e-20
2.880248087e-21
7.603470735e-22
2.967803129e-21
1.624561615e-20
4.190159568e-22
2.40456715e-20
1.912355123e-20
7.842927893e-21
6.946860208e-23
1.579221781e-20
1.960118173e-20
7.514125655e-21
1.249060401e-21
5.685039219e-22
7.321391847e-21
4.20847496e-22
1.669780579e-20
1.458612249e-21
2.810971387e-20
4.633258764e-21
1.248993508e-21
6.391221124e-22
8.493189404e-21
3.744897107e-21
1.705497337e-21
3.339066518e-21
3.125762964e-22
3.752295223e-21
6.263487671e-21
4.363868278e-22
2.959257148e-21
1.524390099e-20
8.728938919e-22
9.59116408e-21
1.714081127e-21
4.319596078e-23
3.574019841e-22
1.32309953e-21
3.53457408e-21
1.755916255e-21
1.419619894e-21
5.664454313e-22
3.806406796e-21
4.972388007e-21
4.514803516e-22
9.059063547e-21
8.127895187e-21
3.929284688e-21
1.114041956e-21
6.793847419e-21
5.652223936e-21
1.346587798e-21
3.76916145e-21
2.762854178e-21
5.941442811e-22
1.087734813e-21
4.733180426e-22
2.827101583e-21
4.883752126e-22
7.989833197e-22
4.171407297e-22
2.348590483e-21
2.579928895e-21
1.234591244e-22
4.991159787e-21
1.01239028e-20
1.517274356e-22
5.332445765e-22
3.790002111e-21
1.921718778e-21
9.632146936e-21
1.920798762e-22
2.421065538e-22
6.171235694e-21
3.485754498e-21
3.778417965e-21
8.626088922e-22
2.65991381e-21
1.025315973e-20
2.422368072e-21
7.67284837e-21
2.996269075e-21
3.676916009e-21
6.822593609e-23
9.746134921e-22
1.559049287e-20
4.265019337e-21
3.974264498e-21
7.871944216e-21
4.395968753e-21
2.001272543e-21
3.47182467e-21
6.407538216e-21
2.49150306e-21
5.10338443e-22
6.328217427e-21
6.671223038e-21
3.761759551e-21
7.194060097e-21
4.740702799e-22
2.992779321e-21
1.17115563e-20
1.164024655e-20
6.243445448e-21
4.913610152e-21
5.057532167e-21
1.028855772e-21
1.154030017e-21
6.229893052e-21
2.148847003e-21
9.234061193e-21
3.644792765e-21
3.041233007e-22
6.439858211e-22
4.453034321e-21
3.483363352e-23
2.380912027e-21
2.681164538e-21
7.026573125e-21
1.325783069e-21
2.130113065e-21
6.199014271e-21
8.769822572e-22
3.341099639e-21
1.84187833e-21
5.466900682e-21
2.675643439e-22
7.738302637e-21
7.240502563e-21
7.235713713e-21
2.163676304e-20
1.493723664e-20
2.781425282e-21
2.043395191e-20
1.126687521e-21
1.871506909e-20
4.962936609e-21
3.161525352e-20
1.573098945e-20
9.019298192e-21
7.144508247e-21
7.775436252e-22
6.839913985e-21
7.33873025e-21
1.201282369e-20
3.626471481e-21
3.253547018e-20
1.752083782e-21
2.018417077e-21
5.306511076e-21
1.26920022e-21
4.32904263e-20
4.028108035e-21
4.443930574e-21
6.771916339e-21
2.910648028e-21
1.474424453e-20
1.490981267e-21
7.152962966e-20
2.249208338e-21
8.748334317e-21
1.649447807e-20
4.591392902e-21
2.934093704e-20
3.685667867e-20
9.507054425e-21
1.352291535e-22
1.832500965e-20
7.154359813e-21
7.84994121e-22
1.161832107e-21
4.511933145e-21
2.039580817e-21
2.578699203e-21
5.351214646e-21
5.147578291e-21
1.389691321e-21
2.711355617e-21
1.936872152e-21
2.798035149e-21
1.030301442e-22
7.522279865e-22
1.024167526e-20
3.943887847e-21
4.058676445e-21
3.653981345e-21
5.103731997e-21
9.776403656e-21
1.195266229e-20
1.046646322e-20
1.49913159e-21
2.967686262e-21
1.944773977e-21
1.523571687e-20
1.396021461e-21
9.982136199e-21
1.582794079e-21
3.564000292e-21
1.085396528e-20
5.313858169e-22
1.002138332e-20
2.917267323e-21
7.60105504e-22
1.689643515e-22
2.823864495e-21
4.858922098e-21
5.650834759e-21
2.64961043e-22
2.659270117e-21
8.477032123e-21
1.317160295e-21
2.79827101e-21
1.151158261e-21
1.570235879e-21
2.382922363e-21
1.709401789e-20
4.281118512e-21
6.015362336e-21
1.564988103e-21
2.845553484e-21
2.329173876e-21
3.473340578e-22
1.195470095e-20
2.188149951e-21
3.953891756e-21
1.269797591e-21
1.415876476e-21
1.489013262e-20
1.954841142e-21
5.389306151e-22
5.392835025e-21
1.152256298e-20
8.000387392e-23
2.090416039e-20
4.718413596e-22
3.21605739e-21
3.01744152e-21
6.981674224e-21
2.578902392e-21
1.614302827e-21
1.627464456e-20
2.454990151e-21
2.933296257e-21
1.8355435e-22
3.866589949e-21
8.600049951e-22
1.926291301e-21
2.346770242e-21
3.104409421e-21
1.430943801e-21
8.02993696e-21
8.350901274e-22
8.597527356e-21
4.121838629e-21
1.060871946e-20
7.674181386e-22
5.660735463e-21
9.698086915e-21
5.872667647e-21
3.133677175e-21
3.829902302e-21
2.816976753e-21
3.992003731e-22
4.089330328e-21
8.695020829e-22
7.523758089e-21
1.305023937e-21
5.657046105e-21
2.05556952e-21
1.42643457e-21
1.603013558e-20
5.778533523e-21
3.225001267e-21
1.044081737e-21
5.840493623e-21
1.676504641e-20
3.163198865e-21
1.23950907e-20
3.272493501e-22
1.113965932e-21
2.058661149e-21
6.560057354e-22
2.577071283e-20
4.341782546e-20
4.194149359e-21
2.053890221e-21
8.818987124e-21
7.126499071e-21
1.28054683e-20
5.472382177e-23
5.196476141e-22
7.174200195e-21
2.171432272e-21
1.273710743e-21
5.236145145e-21
5.982906154e-22
2.746412708e-21
2.968097005e-21
2.098611997e-20
9.502806725e-21
5.94727247e-21
2.094237435e-20
2.55058773e-20
2.305202267e-21
2.291243058e-20
2.902860231e-21
2.127805223e-24
2.533070483e-21
1.024307917e-20
2.970366418e-20
3.36689584e-21
1.706262107e-20
1.707694078e-21
7.753361648e-21
1.225110195e-20
2.68598161e-21
3.360967877e-21
4.612407815e-21
4.272235221e-22
2.576779947e-21
8.541081156e-23
2.997534156e-21
1.293587724e-21
2.865004081e-21
6.343676296e-21
3.556471576e-21
6.290981036e-21
5.28016751e-21
2.910112068e-21
2.067815384e-22
4.626076883e-21
2.162654653e-21
3.549697945e-21
7.198307675e-21
6.453204413e-21
1.301358427e-22
2.937370498e-21
5.44243216e-21
1.040964247e-21
3.258940258e-22
3.413402119e-21
4.560106474e-21
1.447846833e-22
3.438751997e-21
1.875467426e-21
4.833730492e-21
3.720825763e-22
6.294436511e-21
1.815107491e-21
2.693352332e-21
1.345712886e-20
2.795570507e-21
3.332871325e-22
3.5986671e-21
5.108938297e-22
2.007141835e-21
3.439941715e-21
3.92494434e-21
7.326591252e-21
3.896894423e-21
3.342173506e-21
1.090313952e-20
4.085376886e-21
3.934165776e-22
1.620149833e-21
4.408621734e-21
8.891874035e-21
1.314856387e-21
5.062723256e-21
6.580443021e-21
3.028837596e-21
1.666421983e-21
2.549266818e-21
1.633121328e-21
5.530581723e-21
1.226097107e-21
1.755999342e-21
1.177856895e-22
1.323424554e-21
2.550915959e-21
1.469706972e-21
6.015240626e-22
7.186880214e-21
6.16903677e-21
2.209779605e-21
1.167630072e-21
1.067533362e-21
1.364437381e-20
6.243085071e-21
7.336980826e-22
4.896771085e-21
6.289808566e-21
7.528088185e-22
1.958279835e-21
5.816595344e-21
2.625392925e-21
4.571145327e-21
7.074809604e-23
1.116153809e-20
2.524325067e-22
8.140147488e-21
6.067237834e-21
1.698735272e-20
2.877346963e-21
3.386938296e-21
2.143265577e-21
3.7602044e-21
1.837671926e-20
7.231185375e-21
2.47586527e-21
4.890530756e-20
2.110181536e-20
1.424113146e-20
2.831087017e-20
1.934553825e-20
2.072865776e-20
8.386651955e-21
6.234428823e-22
1.14973247e-21
6.290543963e-21
1.210245026e-20
4.263090043e-21
1.069710877e-20
9.487742833e-21
6.764323394e-21
7.519343625e-22
2.53820443e-21
3.776661236e-21
8.163260265e-21
7.620984803e-22
4.600006623e-22
7.891751473e-22
1.347247859e-21
6.04536458e-21
1.20773103e-20
5.823529484e-21
3.847065372e-21
2.911074242e-21
6.492838155e-23
7.457160357e-21
4.542930685e-23
2.581528102e-21
1.012733416e-20
4.589228543e-21
8.088539783e-21
5.172640773e-21
6.170889747e-22
2.935205077e-22
1.848533798e-21
5.785160984e-21
4.433751098e-21
1.385633097e-21
3.379311224e-21
3.53155764e-21
2.498755692e-21
2.416555644e-20
5.186131806e-21
6.393827366e-21
2.345676016e-23
9.974115078e-22
3.468091647e-21
4.189770077e-21
5.661213613e-23
4.826601885e-21
4.849370389e-21
1.043791873e-22
3.995293282e-22
1.051614214e-20
9.786781242e-21
2.035244647e-21
2.300113588e-21
4.375833034e-21
1.380477556e-20
6.863009668e-21
6.814782145e-21
3.023246969e-21
1.354627389e-21
1.726304892e-20
2.844524909e-21
4.405563703e-22
2.53139341e-21
3.493732928e-22
4.304050915e-21
3.678109956e-21
8.590590909e-21
8.841875975e-21
4.671654701e-22
4.89100209e-22
3.942331654e-21
2.189378985e-21
5.911896964e-22
2.169007654e-21
1.165251739e-22
1.925443797e-21
3.899567923e-22
7.092073386e-21
1.067745535e-20
3.067431907e-21
2.229028936e-21
1.065551328e-20
1.17393837e-20
6.073429818e-21
1.098080932e-21
1.403535478e-22
2.370367211e-22
1.575456029e-21
9.741135566e-21
1.764178392e-21
2.277632793e-21
1.28846108e-20
1.084605632e-20
6.028339014e-21
6.449394756e-22
6.592801869e-21
7.933424521e-22
3.501654366e-21
2.534236352e-21
5.166623987e-22
2.319427461e-21
4.165213823e-22
2.334461921e-21
8.585936172e-21
8.876723478e-21
7.426641648e-21
3.582412278e-21
1.349479647e-20
2.201594391e-21
1.604139947e-20
1.994308095e-20
2.308165383e-20
1.480877723e-21
1.050251759e-20
5.895187408e-21
8.335573847e-21
8.433896972e-21
9.31394572e-22
4.866694157e-21
5.943429696e-21
1.432174163e-21
1.886879752e-22
3.172833328e-21
1.193773767e-20
5.368367901e-21
7.695732884e-21
1.422632742e-20
1.142860023e-21
3.193902651e-20
2.537173868e-21
2.321023377e-21
7.199106669e-21
8.599872816e-21
4.868825152e-21
7.191846219e-21
3.903841733e-21
3.877893207e-20
1.515792115e-21
1.906590634e-21
2.286068779e-21
1.545161186e-21
9.946294324e-21
3.56418089e-21
5.402367267e-21
9.318909771e-21
4.720231419e-21
1.255189693e-21
6.143948408e-21
2.258347093e-22
5.47891544e-21
5.866944249e-21
7.261963475e-22
5.353861373e-21
4.808881524e-21
4.053805522e-21
2.449834342e-21
2.370573687e-21
4.818987958e-21
5.570346105e-21
4.552411693e-21
4.181207196e-22
1.771641199e-20
1.143738489e-20
7.434491915e-21
2.36273826e-21
4.893640994e-22
3.866288692e-21
1.360563531e-23
3.265389535e-21
9.580795494e-21
5.508820501e-21
3.324437015e-21
8.601623401e-21
6.737640573e-21
2.739461071e-21
9.078898027e-21
1.994697877e-21
2.479282754e-21
2.802477971e-21
1.459678329e-20
2.388521004e-21
7.154572899e-21
4.052750504e-21
1.242777933e-21
8.070552524e-22
9.054971318e-22
3.484485201e-21
7.644572616e-21
3.174644605e-21
1.869202185e-21
8.219463815e-21
3.579368014e-21
9.750046692e-21
3.625900773e-21
2.200927908e-20
3.639095719e-21
2.116697827e-21
7.161433162e-21
1.920018216e-21
5.880724622e-21
1.444330486e-21
4.364748156e-21
5.388282005e-21
2.559497209e-21
9.127553634e-22
3.771891805e-21
3.052408468e-22
3.998929202e-21
8.435921693e-21
3.28263098e-21
3.520033947e-21
3.481968369e-21
6.804106978e-21
2.744075746e-21
3.940535288e-21
1.498321159e-21
8.662152109e-21
1.782257301e-21
6.664527729e-21
1.089057549e-20
2.809099765e-21
2.250846364e-22
6.50274728e-21
6.424637721e-21
2.446349878e-21
2.020238348e-21
6.824101288e-21
5.137446012e-21
6.025547001e-22
2.090946087e-20
2.57061265e-20
3.452537174e-20
2.612531916e-20
6.108216102e-21
3.355828569e-21
4.876785227e-20
2.498244963e-20
1.178076006e-20
2.982491206e-20
1.239648355e-20
8.078489399e-21
2.546522424e-20
1.32569647e-20
2.919118399e-21
4.077499859e-21
1.131225965e-20
1.601997294e-20
7.305079529e-21
3.317584952e-21
5.412709561e-21
1.357168801e-20
1.198457133e-21
9.231005876e-21
1.251486805e-20
2.86182632e-21
1.453965853e-20
1.057216858e-20
1.183135586e-21
5.47115525e-21
4.47887383e-21
5.196164794e-22
1.275832106e-20
1.060894881e-20
3.545033649e-21
7.386115789e-22
6.124559118e-21
4.129281279e-21
1.531681345e-20
9.465898096e-22
7.181961195e-21
7.791291251e-21
4.89235125e-21
1.208548368e-21
1.5398892e-21
4.383935568e-21
2.538655188e-21
3.577753966e-21
3.071063952e-21
8.762577354e-22
7.652846436e-21
5.737872921e-21
6.61998121e-21
3.094570815e-21
6.053446435e-21
4.237827028e-21
1.162964881e-21
7.78569659e-21
6.210284697e-21
2.509558601e-21
6.53554053e-22
2.081279366e-22
3.187611369e-22
3.507799849e-21
1.470587772e-21
3.448845139e-21
3.952194462e-21
3.177352636e-21
7.632857159e-21
5.820818128e-21
1.978374636e-21
9.710083018e-24
3.475062176e-21
9.6258023e-21
2.17398341e-22
1.042787671e-22
4.865072689e-22
3.759883604e-21
4.040263704e-21
6.546720575e-23
7.30080286e-21
2.052415968e-20
3.774679259e-21
5.920611471e-21
4.998752695e-21
2.000744254e-21
3.899294467e-21
2.136047204e-24
2.134299736e-21
2.009149499e-21
6.672076516e-22
9.546779088e-22
6.085802377e-21
6.854171046e-21
2.784177401e-21
5.521993903e-22
1.322504521e-22
2.592107046e-21
6.765155926e-21
1.038419971e-21
1.01228893e-20
8.798522737e-22
1.314931531e-21
3.006681784e-21
4.005613648e-21
1.962404075e-22
7.718266518e-21
6.6116392e-21
1.764903818e-21
8.672343535e-21
7.126603232e-21
2.439629133e-21
1.123885648e-20
9.13209611e-21
8.582527998e-22
1.106898598e-22
2.337832998e-21
1.715512163e-21
4.20792018e-21
1.666364179e-21
3.49158738e-21
1.646800213e-21
6.994052864e-21
7.379608156e-21
2.046704806e-21
5.357717972e-22
3.421226076e-20
1.514446133e-20
3.500851822e-22
1.917704613e-20
1.582217557e-20
1.198549088e-21
4.106746337e-21
2.993818055e-23
9.544429199e-21
4.845263875e-21
7.627295017e-21
4.451619896e-21
1.154739649e-20
4.983032979e-22
5.587414127e-21
1.646903297e-23
2.340221122e-20
5.660647756e-21
7.376934922e-21
4.17787448e-22
1.879712087e-20
1.468694917e-21
5.923029836e-24
1.133277348e-20
7.146556938e-21
2.380973925e-21
2.87702891e-20
4.772612678e-21
8.123375525e-21
1.102168947e-20
8.789111728e-21
9.278219203e-22
1.266551264e-21
2.788639992e-20
2.971530069e-21
9.062300686e-23
1.060587519e-21
4.927224153e-22
1.861544579e-21
4.890403797e-21
9.294739134e-22
4.234298718e-21
3.16420769e-21
6.238742316e-21
1.804749802e-20
6.177633587e-21
1.436504257e-20
2.298398212e-21
1.344656762e-20
5.612235228e-21
1.894240513e-22
2.815885424e-21
1.488284057e-21
5.138340309e-21
2.967609304e-21
1.042166356e-21
6.926190644e-21
6.56357552e-22
9.635128444e-21
1.567226735e-21
6.685629392e-21
2.196497364e-22
5.636235397e-21
3.728069694e-21
6.700870288e-21
1.559328067e-20
6.895728177e-21
5.459917869e-21
9.339631218e-21
2.492605565e-22
3.39710248e-21
5.37697863e-21
1.601003061e-21
4.794078459e-21
5.942386166e-22
5.250458163e-21
1.463691916e-22
3.124637895e-21
3.34924507e-21
6.112684853e-21
2.481654135e-21
1.938648491e-21
2.605849352e-22
1.901387564e-21
1.529104987e-21
7.334124929e-22
4.948915956e-22
1.044049276e-21
2.599048757e-21
3.463421202e-21
4.821206861e-21
7.965966299e-21
1.224161552e-20
1.038239537e-20
1.636510873e-21
5.597695782e-22
6.482893814e-21
2.322968188e-20
2.67634632e-21
5.124189945e-23
5.165335354e-21
8.785555791e-22
8.593224341e-23
4.114734423e-21
7.809337806e-22
2.556809919e-21
5.942913096e-21
8.378448817e-21
2.706105518e-21
1.145188096e-21
8.48690138e-22
1.30588631e-21
1.511108236e-21
4.014946525e-22
1.960892271e-21
6.167463023e-22
5.138639169e-21
2.220985157e-21
2.755890846e-21
6.288010591e-21
1.488426356e-20
5.584940225e-21
2.824362798e-22
1.074167246e-20
1.18558687e-20
1.514287754e-20
1.930584751e-20
3.729637689e-21
3.891549104e-21
1.929769123e-20
7.570147557e-21
1.304499987e-20
2.007570221e-21
7.49096596e-21
1.180076014e-21
3.483543821e-21
7.029066814e-22
9.074667677e-21
1.321338967e-21
4.585551459e-21
3.127533001e-21
4.608381798e-20
7.129176341e-21
1.019345734e-21
1.235601725e-21
8.499668677e-21
5.105419156e-21
6.790803677e-21
6.08374792e-21
4.126162265e-22
2.418881882e-21
2.743571358e-21
4.184264477e-22
6.694961114e-22
6.071800523e-21
1.579205896e-20
2.477418539e-21
3.755339129e-21
5.689821771e-21
2.560799438e-21
4.065092464e-21
2.241086513e-21
7.581174042e-23
5.97809973e-21
6.907414187e-21
2.291610648e-22
9.484077942e-21
6.016124322e-22
1.612591514e-21
3.996940112e-21
5.560884922e-21
2.544222061e-21
1.062464951e-21
3.121017025e-21
1.532367091e-21
2.51548658e-22
4.447872548e-21
3.639570447e-22
1.161713294e-22
1.464775838e-20
2.377083626e-21
8.377203003e-21
7.185603508e-22
3.483061569e-22
3.111560838e-21
1.471043695e-21
5.774081622e-21
1.454825048e-21
2.601454265e-21
1.07727387e-21
8.053057674e-21
7.249481321e-21
7.573105476e-22
2.905069121e-21
6.074988407e-22
7.367918082e-23
4.772592623e-23
2.057194936e-21
8.798931268e-22
5.544503626e-21
2.460067547e-21
2.31776519e-21
1.41075852e-21
1.976641754e-21
1.300850591e-21
1.71300483e-21
5.39738417e-21
1.362285825e-21
4.948462779e-22
3.392441537e-21
8.408729837e-22
1.638575746e-22
7.223950952e-21
1.407091821e-20
2.379953831e-21
4.881608545e-21
3.182557909e-21
3.249810784e-22
4.185540489e-21
4.047712182e-21
1.629703072e-21
4.110327788e-22
4.864142257e-21
1.053875728e-20
4.801473927e-22
4.896075703e-21
1.053034128e-21
7.4075853e-21
6.780960744e-23
3.410686928e-21
6.320394315e-21
4.301222138e-22
3.972002656e-21
1.398756926e-20
1.39681419e-21
5.977599186e-21
6.053099822e-22
1.312008907e-21
9.479024394e-21
3.485020462e-21
3.313072256e-21
1.032700584e-20
1.609729383e-20
1.871295371e-20
5.501626669e-21
1.443460596e-20
2.052253588e-20
7.210589198e-21
2.762402146e-21
5.93513236e-21
5.649234884e-21
4.275720831e-20
3.57265667e-21
2.043204641e-21
6.607707194e-23
1.181287836e-21
1.462078189e-20
1.762377978e-20
2.577951612e-21
1.070085925e-21
2.900972541e-20
4.268621911e-22
1.037664569e-20
3.100786558e-21
6.570227527e-21
3.930795621e-21
1.096148591e-20
9.217578678e-21
1.289410725e-21
1.965472612e-21
1.164276821e-20
6.395618651e-21
4.659974794e-22
7.410802946e-21
7.220341287e-22
4.957074873e-21
1.751877253e-20
1.285863747e-22
2.12119544e-21
6.973041649e-21
2.48471748e-21
4.549039219e-22
5.499731158e-21
1.628306812e-21
3.648727492e-21
3.598979494e-21
2.25002516e-21
2.072834249e-21
1.422569664e-21
5.281969561e-21
6.332344397e-21
1.431591283e-21
1.812949522e-20
3.577661201e-22
2.262275993e-21
3.487274481e-21
7.547820087e-22
7.981433696e-21
6.249688049e-21
3.263379502e-21
6.213217211e-21
9.026254718e-21
1.434751496e-22
7.984885085e-22
5.286752038e-23
2.548433221e-21
1.395563065e-21
2.086859875e-21
3.964768533e-21
7.5439223e-22
1.041205698e-20
1.375450858e-20
3.173545618e-22
1.07116794e-20
2.10324391e-21
3.422711208e-21
6.558130114e-21
3.611202411e-21
5.181911757e-21
2.464443785e-21
1.926311185e-21
7.133766451e-21
8.21063172e-21
2.374204604e-21
2.159479572e-21
5.583226885e-22
1.367756173e-21
9.348591111e-22
7.957162718e-22
5.619461407e-21
4.021512938e-21
3.320152425e-21
1.250215073e-21
8.932141515e-21
9.29836009e-22
3.224883071e-21
3.575310671e-21
4.982573706e-21
1.340678631e-21
2.987427308e-21
2.727450661e-21
1.013840456e-20
2.183695486e-21
3.940011604e-21
1.304627021e-21
7.109202476e-22
6.814824488e-21
2.800010165e-21
6.944551975e-21
1.031821296e-20
8.000557152e-21
3.378796742e-21
1.511215654e-20
3.662583481e-21
7.900777957e-21
5.040849905e-21
7.630241301e-21
4.060984154e-21
5.020132634e-22
3.708108677e-21
7.644531922e-21
1.125724761e-21
3.486016551e-21
1.512959927e-20
3.952488966e-21
1.484818322e-21
8.432844332e-21
1.603623076e-21
5.280188957e-21
9.144781085e-22
2.022838148e-21
1.2871468e-20
7.242545115e-22
3.346437196e-22
2.57179654e-21
1.767256432e-21
1.492038108e-20
6.158001629e-22
6.332338766e-21
1.965324414e-22
1.837270609e-20
1.606275134e-21
2.476904665e-21
8.559710491e-22
9.841298555e-22
6.110846685e-22
1.95921166e-20
5.508589318e-21
3.914371115e-20
3.694015612e-22
1.375429558e-20
1.322812688e-20
1.00281836e-20
2.735040447e-21
1.575467335e-20
2.588452681e-20
2.911564961e-20
1.491955039e-20
7.821413017e-21
1.845020087e-20
8.651682663e-21
1.148935652e-20
2.173068186e-21
7.047100454e-21
9.669333556e-21
2.963636388e-21
5.789484808e-21
4.320499299e-21
1.654503456e-21
1.079925409e-20
2.11359184e-21
7.449995847e-21
6.049202191e-21
6.81829082e-21
9.384867116e-21
1.427572428e-20
3.262171994e-21
9.28620259e-21
3.796062708e-21
3.770857116e-21
1.173123633e-20
3.283367931e-21
4.517796285e-21
1.963228251e-21
1.520305779e-23
5.880057357e-22
3.955343691e-21
1.137974288e-21
1.213678273e-21
6.063647617e-21
3.274531585e-21
1.298882394e-21
2.0718177e-21
2.666766314e-21
5.76878541e-22
2.116850355e-21
9.214967769e-22
6.117898984e-22
3.595045584e-21
1.706795258e-21
1.790931742e-20
1.512674808e-21
1.007459803e-20
1.938406065e-23
3.859068682e-21
3.997899091e-21
9.61228602e-21
1.150259051e-21
3.631972181e-21
1.176699293e-20
3.495288148e-22
1.817762668e-21
2.545746976e-21
2.257643141e-21
1.170247988e-22
4.147206035e-21
1.180351532e-22
3.493471508e-21
1.031535699e-20
1.432996416e-21
2.692158625e-22
6.681491012e-21
1.273435474e-21
9.014351555e-22
2.457336641e-21
3.897469888e-21
5.00090497e-21
8.657020034e-21
6.122050472e-21
1.975403688e-21
1.193254303e-21
9.706401308e-22
6.600912731e-21
4.64084097e-21
5.81332655e-22
6.15310421e-21
8.546577352e-23
6.914171957e-23
2.249028611e-21
1.789847449e-20
1.368723054e-21
3.75278463e-22
2.44705373e-21
4.618444624e-22
1.112359103e-21
4.501524014e-21
8.03330664e-21
1.439681122e-20
2.892620816e-21
7.12966892e-22
4.080575568e-22
7.414800681e-21
9.388660032e-21
4.704184332e-21
1.814593104e-21
2.215708116e-22
4.387874416e-21
1.98059385e-21
4.098691076e-22
6.370466745e-21
7.395276176e-21
2.93627155e-21
2.761614064e-21
1.003284321e-22
1.137299978e-20
6.850682722e-21
5.465972918e-21
6.117668612e-21
2.764385614e-21
8.696724541e-21
3.539072584e-22
1.440809997e-23
2.287413921e-21
)


// ************************************************************************* //
