/*--------------------------------*- C++ -*----------------------------------*\
| =========                 |                                                 |
| \\      /  F ield         | OpenFOAM: The Open Source CFD Toolbox           |
|  \\    /   O peration     | Version:  2406                                  |
|   \\  /    A nd           | Website:  www.openfoam.com                      |
|    \\/     M anipulation  |                                                 |
\*---------------------------------------------------------------------------*/
FoamFile
{
    version     2.0;
    format      ascii;
    arch        "LSB;label=32;scalar=64";
    class       labelField;
    location    "0.01/lagrangian/dsmc";
    object      origId;
}
// * * * * * * * * * * * * * * * * * * * * * * * * * * * * * * * * * * * * * //


6158
(
427010
428651
430506
428486
430281
429672
430595
430504
430841
430328
430700
431292
428907
430277
430965
431746
430322
430551
502925
430064
430268
430274
430773
431159
431656
428498
430049
430238
430242
430327
430371
430453
430949
431129
431281
431686
434697
428564
431051
431068
431142
431666
431860
503961
430769
431132
431195
431390
431481
431515
431683
433377
430612
430708
430766
430776
430879
430884
430905
431056
431217
431456
431839
432626
433147
435838
503623
431103
430794
431038
431154
431333
431394
432347
502505
503544
430467
430883
431029
432279
432451
434426
502420
429480
430679
430872
430932
431064
431121
431298
431542
431578
431732
431836
431923
432290
432355
433027
503123
502797
430512
430782
431101
431299
431460
431641
432177
432351
432514
432627
503212
503847
430668
430398
431297
431395
431534
431563
431720
431738
432108
432204
432250
432658
432762
431442
499920
502615
502521
431541
431736
431745
431765
431768
431954
432001
432162
432312
432695
432727
432827
432954
502091
433596
501172
429985
430850
430978
431122
431209
431364
431555
431573
431632
431874
431916
432097
432165
432191
432215
432256
432260
432264
432543
432594
432790
432927
432938
433183
503842
504256
504554
436790
504753
437237
500447
502919
431826
431452
431455
431580
431762
431809
431919
431921
431925
432335
432348
432353
432366
432442
432539
432561
432565
503338
432736
504457
432803
433042
505481
434787
505066
432253
428748
431052
431065
431263
431557
431810
431997
432054
432078
432093
432122
432271
432303
432376
432445
432464
432497
432544
432661
432713
432788
432804
432941
433026
433076
433115
433163
433219
433344
432674
503731
429844
430255
431071
431469
431486
431643
431653
431731
431889
431926
432020
432031
432130
432172
432195
502098
432282
432310
432334
432635
432640
432644
432866
432965
433140
433143
433220
505175
433315
433502
433644
434604
435650
431458
436972
505075
501795
429988
431148
431543
431585
431842
431955
432036
432092
432094
432105
432255
432302
432336
432343
432361
432468
432554
432555
432566
432656
432687
432692
432699
432765
432778
432784
433126
433370
433375
433493
504548
503109
503849
437144
504246
437593
431267
430598
431300
431326
431478
431489
432004
432027
432082
432103
432111
432119
432129
432173
432174
432178
432254
432268
432349
432373
432375
432446
432496
432527
432562
432589
432601
432611
432615
432867
432948
433000
433002
433008
433023
433204
433235
433323
433366
433613
436276
437333
49656
431380
431551
431620
431661
431742
431815
431877
431886
431936
432023
432104
432194
432222
432333
432431
432477
432529
432603
432612
432636
432649
432660
432766
432770
432813
432830
432882
433006
433030
433055
433325
433398
433511
433570
433618
433771
504843
503419
503185
432070
431116
431378
431716
432210
432300
432436
432471
432478
432491
432505
432507
432512
432522
432621
432763
432809
432815
432888
432909
432975
432977
432987
433029
433053
433059
433121
433139
433148
433161
433211
433227
433269
433283
433421
433448
433495
433516
433767
433981
433982
434603
500412
430553
431491
431562
431775
431844
431983
432043
432214
432299
432328
432475
432518
432593
432731
432732
432733
432780
432895
432916
432951
432981
433119
433141
433172
433177
503960
433340
433359
433428
433433
433536
433642
433696
433766
433891
501682
504661
436625
504143
437332
504952
430645
431915
432016
432109
432118
432213
432285
432294
432332
432340
432346
432356
432438
432524
432547
432573
432700
432702
432800
432923
432937
432947
432957
432961
432963
432986
433034
433047
433066
433070
433079
433080
433086
433088
433089
433114
433149
433213
433307
433321
433355
433414
433439
433492
433503
433638
433768
433835
433874
433946
434002
434020
433648
504046
505163
504041
504546
505169
433206
49695
431113
431420
431603
431673
431724
432110
432179
432190
432200
432344
432370
432432
432457
432641
432671
432680
432689
432704
432726
432735
432777
432802
432959
433003
433019
433065
433094
433130
433179
433232
433330
504255
433382
433409
433482
433539
433557
433599
433632
433783
433863
433947
505056
503535
504451
505784
437330
437331
505262
438025
505685
505674
438739
49705
431621
431665
431719
431851
502725
432188
432275
432342
432420
432462
432472
432537
432624
432694
432717
432734
432772
432783
432799
432886
432896
432968
432969
433007
433039
433060
433074
433124
433137
433174
433223
433226
433231
433241
433255
433261
433268
433274
433277
433312
433397
433423
433487
433500
433522
433525
433601
433652
433686
433720
433725
433799
433838
433851
434010
434425
435302
505988
435926
436789
436968
437592
438024
438642
49725
49727
499084
502602
432076
503025
432099
432102
432212
432224
432266
432374
432414
432454
432691
432715
432744
432834
432851
432891
432921
432955
432974
432978
433061
433131
433153
433215
433233
433254
433270
433300
433313
433332
433385
433394
433399
433407
433483
433501
433567
433626
433629
433729
433746
433751
433789
433811
433845
433871
433920
433927
433933
434001
434060
434214
434651
505272
505047
503208
437943
505040
503325
505377
504955
431422
432114
432155
432245
432262
432452
432455
432703
432774
432779
432796
432798
432821
432884
432887
432901
433037
433145
433155
433165
433182
433205
433243
433252
433338
433376
433391
433436
433453
433471
433484
433566
433576
433614
433676
433679
433689
433697
504762
433778
433793
433828
433859
434022
434183
434296
434301
434490
434692
434786
435388
436088
437140
432322
503934
504151
438738
438999
49739
499709
502920
429717
503517
431861
432002
432247
432389
432448
432520
432546
432620
432900
432953
433103
433129
433150
433238
433249
433305
433341
433342
433348
433349
433418
433420
433443
433490
433505
433512
433520
433531
433617
433620
505386
433707
433733
433785
433840
433844
433850
433873
433876
433900
433916
434047
434102
434212
432672
434492
434495
434593
434597
434661
505268
505370
505480
436455
506190
437234
434079
506186
505570
504938
49747
503918
504550
504361
431948
432087
432196
432277
432278
432359
432364
432463
432532
432534
432564
432698
432709
504560
432874
432956
433072
433152
433212
433240
433248
433259
504561
433311
433316
433327
433390
433432
433445
433507
433564
433574
433575
433633
433657
433680
433685
433769
433843
433847
433866
433913
433915
433963
433964
434026
434095
434121
434134
434157
434187
434222
434473
434544
434938
506189
432243
504847
506695
505477
437771
438023
506596
49755
497001
499607
430394
501890
429889
433122
432045
432440
432619
432720
432775
432892
433049
433052
433156
433230
433237
433239
433245
433246
433251
433334
433422
433458
433499
433518
433577
433593
433602
433663
433669
433674
433708
433709
433762
433790
433821
433852
433858
433929
433951
433957
433979
434129
434140
434199
434209
434276
434316
434330
434389
434438
505787
434551
504352
505471
505581
436623
505459
432511
437500
437680
438277
506907
438467
438641
438737
438824
430856
49764
503125
431901
432203
432352
432508
432536
432567
432696
432718
432739
432745
432767
432806
432873
432918
432933
433035
433133
433222
433258
433314
433324
433402
433413
433591
433606
433612
433664
433681
433721
505595
433735
433770
433782
433791
433798
433801
433883
433934
433960
434018
434052
434059
434088
434128
434215
434295
434308
434351
434463
434476
434488
434499
504658
434901
435112
506497
435164
435829
435831
505267
504645
436272
436971
504259
505871
505063
505689
438736
49769
49770
432326
432424
433045
504722
505381
433903
431855
432293
432473
432817
432824
432958
433038
433058
433067
433069
433186
433218
433267
433320
433365
433441
433488
433509
433514
433603
433616
433659
433662
433698
433701
433703
433745
433753
433780
433806
504960
505892
433919
433941
433952
433975
433984
434013
434033
434035
434041
434050
434116
434127
434165
434188
434309
434326
434366
434390
434395
434415
434529
434730
434742
434782
434829
434848
435046
435390
436453
505987
438022
438735
439343
497030
428378
502872
503197
503927
504827
431888
431766
431904
432787
432819
432881
433097
433132
433136
433208
433343
433364
433401
433403
433425
433427
433429
504558
433584
433608
433628
433630
433710
433736
433744
433800
433824
433902
433956
434030
434031
434046
434096
434141
434189
434204
434272
434281
434306
434315
434385
434421
434436
434581
434635
435038
435204
432675
505884
437230
437679
505154
506697
434439
439093
439258
49790
504436
505991
506496
431870
432079
432263
432362
432557
432613
432711
432899
432980
432992
433001
433043
433073
433159
433253
433345
433406
433415
433489
433526
433578
433604
433607
433610
433615
433684
433776
433777
433779
433854
433855
433922
433923
433936
433943
434014
434027
434117
434124
434149
434162
434171
434179
434218
434254
434288
434292
434300
434373
434383
434494
434553
434613
434668
434676
505885
434849
434950
434995
435445
504757
504750
434797
503528
438823
439516
503021
504736
433046
505058
432363
432429
432545
432781
432789
432808
433162
433250
433260
433356
433374
433424
433454
433455
433497
433589
433609
433705
433755
505483
433822
433849
433862
433884
433931
433937
433998
434024
433297
434091
434103
434144
434192
434193
434233
434235
434266
434299
434380
434386
434401
434461
434479
434491
434497
434505
434527
434532
434598
434599
434627
434679
434719
434773
434897
505387
435156
435221
433381
436180
507317
434437
436966
506093
437139
433134
438465
433827
434442
506176
49798
427314
502861
503848
432855
433467
505347
506482
432009
432367
432575
432614
432685
432797
432905
433054
433118
433210
433225
433339
433400
433485
433491
433504
433506
433595
433634
433643
433763
433809
433834
433837
433864
433906
433909
433914
433948
433953
433961
433976
434043
434109
434111
434142
434180
434186
434213
434230
434231
434289
434304
434320
434357
434359
434365
434470
434478
434510
506602
434561
434572
434596
434643
434657
434817
434918
434954
434986
434988
434993
435014
435062
505148
435362
435389
435426
435429
435738
436454
506388
506589
506376
437589
507009
506091
507221
439182
439773
49802
49804
49805
49806
49807
49809
500898
502405
502702
433050
505986
431567
432540
432912
433144
433346
433408
433416
433417
433419
433430
433438
433528
433565
433592
433597
433639
433749
433759
433781
433796
433826
433846
433857
433881
433910
433930
433932
434006
434101
434133
434198
434200
434269
434274
434360
434371
434384
434394
434420
434440
434477
434485
434511
504853
434538
434571
504443
434654
434685
434710
434916
434955
434982
435025
435036
435056
435085
435090
435163
435178
435180
435195
435333
436087
433904
504359
506390
504446
506489
437232
433573
504447
505785
506919
438998
49817
49819
427885
499813
430937
433021
432791
432812
432832
433036
433068
433214
433310
433675
433683
433688
433730
433741
433869
433908
433949
434016
434090
434104
434114
434118
434143
434182
434195
434203
434207
434285
434340
434396
434447
434449
434531
434630
434655
434728
434825
434844
434853
434855
434921
434974
434996
435003
435100
435183
435262
435322
435505
435538
504452
436182
436964
437770
508656
438734
505171
439426
439515
433994
431014
503949
502890
432768
504127
504864
506092
432825
432908
433335
433350
433389
433559
433627
433704
433748
433752
433795
433830
433842
433865
433870
433907
433944
433972
434012
434021
434032
434042
434049
434061
434062
434100
434110
434164
434181
434205
434221
434232
434283
434310
434313
434317
434418
434452
434466
434507
434526
434545
434642
434670
434722
434743
434805
434807
434827
434833
434871
434925
434965
434983
507124
435094
435095
435424
435576
435661
436452
505982
436877
437588
437941
504407
435225
506484
49842
488252
499812
501361
504842
432419
506600
506690
507628
506395
432433
432875
433173
433189
433256
433302
433579
433588
433625
433666
433699
433882
433885
433950
504860
434040
434048
434094
434098
434120
434163
434196
434225
434228
434270
434275
434279
434290
434345
434372
434455
434493
434512
434566
434568
434569
434580
434620
434629
434652
434656
434707
434729
434737
434740
434800
434822
434850
434919
434929
434997
435008
435021
435026
435074
435197
435201
435266
435504
435547
435811
437233
437499
507529
506286
439181
506820
505142
435232
49846
49847
49848
49849
430840
504965
504019
505278
505983
433018
505583
507019
431829
432984
433151
433309
433319
433510
433580
433586
433611
433621
433692
433712
433758
433839
433856
433867
434028
434039
434045
434057
434097
434167
434176
434217
434237
434242
434259
434297
434363
434404
434525
434536
434539
434546
434547
434595
434628
434648
434663
434690
434754
434780
434896
434951
435052
435055
435087
435098
435177
435181
435192
435203
435241
435243
435248
435249
435261
435466
435630
434704
435810
435827
435947
436536
505769
506911
437682
438373
439605
439868
49855
49856
49857
49858
49859
49860
503093
503742
505178
506183
432807
433404
433477
433494
433587
433667
433714
433765
433792
433905
433942
433962
433969
434051
434146
434286
434314
434469
434480
434487
434489
434541
434560
434583
434590
434714
434766
434836
434839
434860
434863
434903
434906
434912
434922
435013
435015
435017
435027
435030
435082
435109
435155
435175
435185
435218
435226
435269
435277
435345
435431
435507
435641
435728
435775
505886
437942
438547
439092
506707
439867
440313
507010
49871
49872
49873
49874
49875
503435
433469
504432
432871
505536
506080
505667
504760
507213
505968
434083
507524
433901
506590
431825
433063
433568
433695
433750
433761
433829
433939
434015
434025
434034
434105
434145
434166
434174
434197
434261
434339
434391
434407
434412
434444
434472
434482
434520
434528
434530
434534
434537
434554
434557
434558
434578
434631
434645
434650
434662
434664
434669
434688
434720
434830
434899
434933
435023
435070
435099
435110
435171
435182
435258
435284
435324
435398
435414
435423
435428
435450
435511
435607
435779
506709
436181
506819
436621
437939
505592
506490
434003
438731
506278
505582
49884
49885
500330
502171
502179
430531
505064
505772
431728
433168
433331
433513
433585
433671
433935
434008
434009
434019
434038
434066
434089
434108
434119
434158
434277
434278
434287
434368
434375
434382
434459
434467
434471
434565
434636
434658
434718
434731
434758
434801
434835
434837
434851
434854
434857
505475
505881
434970
434972
434979
435009
435072
435084
435093
435151
435157
435199
435260
435296
435317
435329
435355
435358
435368
435386
435400
435435
435458
435658
435680
435753
435780
435814
435858
435892
435923
436192
437229
506389
438730
433754
439514
434796
507412
435664
440491
49889
49891
49892
49893
497895
429958
503542
504637
503311
504653
506483
433673
433926
433940
433958
434099
434106
434115
434122
434226
434271
434358
434369
434393
434458
434474
434562
434567
434614
434638
434666
506192
434749
434750
434760
434809
434813
434894
434924
434977
435005
435040
435078
435113
435161
435206
435259
435276
435301
435309
435370
435378
435385
435404
435438
435515
435683
435749
435750
435759
435922
435924
435936
435956
436011
436040
507215
437591
506088
505389
438463
438994
440125
440398
49899
499247
502191
501515
432337
504646
504728
433925
430678
504533
433368
433480
433670
433836
433924
434177
434211
434241
434364
434465
434468
434540
434543
434559
434617
434623
434634
434637
434708
434752
434770
434812
434818
434823
434845
434846
434856
434889
434892
434895
434911
434917
434944
434994
435001
435064
435096
435165
435207
435274
435275
435283
435332
435360
435365
435371
435384
435417
435434
435446
435495
435606
435613
435721
435782
435903
435934
435948
435961
506594
436266
507320
436371
506495
436787
437138
506374
438993
506501
507020
49911
49912
49913
503395
503536
503433
502820
505993
432755
506898
505231
507014
431027
504126
507580
433452
433860
434011
434107
434191
434216
434219
434280
434319
434403
434464
434483
434498
506393
434615
434625
434741
434762
434806
434814
434841
434847
434875
434898
434900
434976
434987
435007
435010
435092
435104
435106
435107
435152
435184
435210
435247
435257
435271
435316
435443
435497
435531
435541
435586
435677
435703
435710
435771
435828
435882
435888
435959
506606
436284
436449
436450
436577
507027
438995
439866
440042
440397
498189
502957
503209
504935
432596
433318
507016
433598
434054
434113
434178
434282
434298
434302
434556
434647
434659
434677
434687
434756
434820
434838
434842
434852
434890
434927
435037
435103
435119
435126
435130
435179
435186
435191
435237
435265
435310
435311
435314
435331
435357
435363
435437
435471
435484
435499
435506
435517
435521
435529
435573
435583
435599
435617
435626
435685
435704
435748
435763
435778
435783
435881
435970
435976
436039
436049
436126
436164
436478
436487
436507
436520
436572
436939
437322
437497
506486
437940
507022
438464
507200
438729
439604
506901
440043
49919
49921
49922
49923
501649
500922
499092
432157
505780
505675
498947
505249
501181
506702
433825
432598
433687
434194
434294
434376
434377
434445
434513
434610
434672
434683
434711
434723
434738
434747
434753
434883
434907
434923
434940
435000
435086
435088
435111
435125
435143
435146
435159
435202
435242
435263
435326
435328
435335
435343
435376
435377
435405
435419
435436
435489
435508
435509
435516
435526
435555
435556
435572
435601
435621
435623
435628
435707
435758
435769
435791
435805
435809
435872
435891
435966
435994
436044
436159
436226
436531
436570
436702
437052
437410
438638
440312
440752
49933
501540
500704
501581
429959
503513
431721
503639
503947
501379
505462
503649
504642
430711
433533
433786
434036
434139
434208
434256
434378
434417
434448
434535
434549
434573
434667
434744
434808
434876
434877
434905
434914
435004
435031
435053
435057
435076
435198
435233
435272
435286
435346
435350
435354
435374
435512
435520
435532
435568
435575
435577
435595
435597
435611
435679
435681
435689
435774
435796
435945
435960
435977
435982
436061
436292
436346
436475
436514
507824
437321
437587
508242
438371
438821
439513
506797
439865
433303
49940
49941
49943
504747
431285
504117
502491
505973
433833
506599
506990
507405
435229
507021
433405
434234
434273
434354
434548
434646
434653
434717
434824
434831
434881
434915
434920
435002
435024
435058
435063
435075
435097
435114
435162
435174
435200
435209
435231
435236
435273
435281
435297
435315
435347
435353
435373
435403
435407
435410
435415
435491
435510
435524
435550
435554
435594
435600
435673
435678
435688
435691
435694
435698
435705
435714
435761
435766
435867
435930
435955
435967
435971
435986
436069
436072
436263
436287
436374
436377
436386
436404
436410
437228
437325
506500
438021
438637
435566
506693
439864
508443
440751
49946
503745
503719
504830
504022
503439
503257
504129
505259
505466
431204
508028
433970
434291
434388
434524
434649
434675
434735
434774
434840
434843
434893
434910
434932
434937
434943
434969
434981
434998
435016
435154
435167
435169
435188
435255
435334
435336
435352
435442
435452
435518
435522
435523
435551
435640
435660
435700
435736
435755
435859
435901
435906
435964
436059
436125
436129
436243
436392
436432
436466
436668
507318
436780
436841
436875
509167
437231
437938
438634
507922
438992
507920
508541
508952
49949
49950
49951
49952
430395
501955
503095
504039
503189
504192
503815
432239
503640
504145
505573
433560
433040
433797
434201
434305
434353
434496
434555
434745
434768
434819
434999
435022
435083
435170
435172
435193
435196
435252
435256
435287
435294
435318
435361
435372
435395
435422
435433
435449
435482
435487
435493
435525
435533
435542
435553
435585
435603
435615
435639
435656
435669
435671
435692
435709
435713
435767
435786
435826
435983
436048
436068
436070
436115
436117
436147
436154
436167
436241
436251
436255
436315
436345
436393
436477
436576
507627
437002
509871
438198
438276
438636
438820
439257
439952
507110
440922
49958
49959
49960
49961
49963
49964
49965
490866
500433
501429
430319
429697
504141
504528
505749
504453
434815
433764
434484
434504
434575
434799
434926
434928
435012
435029
435067
435108
435356
435381
435427
435432
435456
435514
435546
435570
435580
435582
435602
435612
435624
435643
435666
435702
435718
435720
435730
435793
435844
436051
508247
436214
506812
507825
436297
436331
436469
436506
508861
436828
436953
507721
437312
437408
437409
438197
438635
439090
439424
507095
440041
507419
507302
440585
49971
49972
49974
49976
49978
49979
500609
501276
503073
502696
431104
503674
503936
503713
506498
432160
502028
434888
508526
499052
433157
433775
434739
434798
434909
434931
434947
435077
435118
435187
435212
435227
435251
435253
435300
435320
435359
435406
435444
435461
435462
435481
435564
435608
435622
435629
435729
435732
435773
435784
435807
435851
435890
435893
435902
435905
435909
435913
435978
436002
507214
436019
436021
436052
436145
436205
436242
436360
436430
436435
436489
436582
507615
436671
436676
507626
436743
436758
436778
436816
436833
436902
437226
437323
507714
434626
506605
508959
439688
439951
507913
440396
440489
436010
435502
441365
509253
49985
49986
49987
499107
501300
502090
502046
502387
503002
432602
433116
432439
430780
432321
504249
504848
434161
505147
505149
507180
435667
507406
431897
433322
433328
433886
433955
434542
434640
434671
434713
434886
434936
435020
435032
435061
435306
435402
435411
435447
435488
435500
435535
435589
435592
435676
435800
435808
435857
435860
435870
435895
435958
435974
435987
436024
436026
436029
436030
436060
436063
436074
436120
436127
436148
508446
436200
436227
436256
436354
436355
436356
436381
436403
436547
436638
436644
436699
436715
437137
437154
437567
437937
508847
509062
507017
438991
507821
507418
508432
508428
435579
440583
441184
49993
49994
49995
500510
498257
499990
500030
500521
500751
502582
501651
503571
502421
502707
431451
503607
499455
504337
431705
505596
499757
505855
434454
504940
433481
432607
433221
505974
507623
433431
434381
434622
434935
434946
435089
435235
435254
507025
435339
435351
435369
435409
435548
435552
435590
435591
435598
435616
435619
435634
435727
435795
435804
435879
507428
435949
435954
435965
435985
435998
436027
436033
436067
436121
436133
436135
436165
436219
436250
436267
436295
436319
436322
436326
436349
436398
436488
436491
436513
436517
436549
436574
436602
436645
436659
436663
436712
436782
436919
437249
508445
436460
436467
508858
505970
440311
507208
440582
440921
504044
50004
50005
50008
50009
50010
50012
50013
491918
494094
499740
493857
500786
502073
503080
502415
503802
433475
433651
505071
506270
434533
434264
505971
500859
509248
506449
507109
436285
507513
432437
504437
433971
434029
434361
434405
434550
434639
434644
434834
434904
434930
435068
435071
435168
435173
435267
435268
435325
435379
435380
435425
435448
435454
435569
435571
435693
435697
435752
435787
435798
435801
435861
435937
435942
435946
435952
436000
436118
436122
436132
436199
436257
436264
436290
436302
436334
436353
436426
436427
436440
436468
508961
436548
436550
436559
436562
436599
436608
436649
436656
508655
436770
436774
436794
436859
436874
508030
507520
437039
437550
438819
439089
439950
50020
50021
50022
50024
50025
50026
50027
424873
497937
428813
501930
499811
496716
502414
503156
503825
504512
505067
433993
505683
505863
506491
433731
501625
507624
431704
505160
432861
431465
435150
508848
433691
434327
435101
435166
435348
435366
435399
435412
435439
435453
435460
435494
435604
435636
435642
435663
435674
435682
435690
435699
435716
435765
435768
435797
435802
435819
435849
435853
435884
435943
435953
435963
436038
436138
436143
436215
436220
436224
436225
436233
436341
506706
436385
436401
436422
436431
436441
436523
436587
436593
508144
436650
436651
436669
435747
436797
436908
436913
436918
508658
436985
437161
437326
437456
506083
438461
507613
440310
440580
440584
508232
441363
441364
441627
50031
50033
50034
501634
501669
503176
502700
501396
503389
502776
504036
504840
504105
503092
504755
505969
503019
431305
505985
504119
433123
433336
508004
508018
507421
434832
434991
435081
435102
435176
435264
435337
435496
435581
435686
435687
435712
435723
435789
435843
435854
435863
435866
435944
435962
435979
435992
435995
436035
436073
436151
436163
436168
436213
436216
436232
436235
436236
436253
436291
436300
436310
436327
436376
436397
436413
436416
436417
436419
436485
436566
436598
436603
436610
436681
436683
436786
436808
436838
436843
436883
436899
436959
437016
437055
437296
437302
437328
437570
437936
507527
509865
439511
509158
440222
434878
509257
508440
508849
509358
441535
441811
50037
50038
50039
50040
50041
500443
500852
502903
503006
502290
502476
499689
505360
504846
505955
504836
432668
504803
503850
505852
432090
432852
504841
433562
435049
506493
507098
506909
505691
506089
505277
508947
436299
504238
434811
435050
435291
435312
435319
435342
435408
435527
435539
435578
435593
435631
507525
435706
435708
435724
435764
435880
435887
435988
436041
436043
436045
436066
436112
436128
436131
436142
436197
436212
436218
436223
436313
436320
436402
436414
436421
436434
436524
436525
436533
436534
436556
436592
436731
436742
436763
436852
507620
437010
437118
437315
437481
437583
508853
438460
508958
507801
438817
507314
439421
439863
440395
440581
508857
441626
50043
50044
50045
430402
501456
500344
502480
503214
503070
503958
503285
432159
430758
504502
505166
504852
505284
506276
507895
507319
506074
435145
506256
508237
431908
502784
434828
508235
436480
434665
434736
434761
435079
435338
435341
435416
435420
435457
435467
435610
435684
507928
435856
435877
435911
435975
436006
436018
436053
436058
436156
436252
436301
436316
436415
508860
436463
436472
436483
436484
436519
436530
436544
436573
436586
436588
436606
436691
436726
436755
436756
436765
436777
436807
436820
436829
436853
436867
436900
436904
436911
436934
436952
509070
437004
437008
437015
437095
437133
437147
437165
437191
437394
509263
437560
437584
437673
509564
508429
510189
441273
508950
432682
50049
50050
50052
50054
497549
500034
502709
502188
503280
430594
504132
505464
435224
506783
505266
505868
502208
505470
433426
433583
434367
434732
434939
435238
435285
435492
435725
435734
435760
435772
435785
435788
435799
435852
435868
435896
435969
435991
435993
507322
436017
436031
436055
436136
436144
436229
436230
436239
436308
436330
436337
436380
436399
436429
436437
436494
436505
436567
436585
436591
436611
436673
436675
436687
436713
436730
436753
436834
436839
436847
436856
436922
436933
436991
436998
437030
437076
437087
437102
437145
508657
437300
437513
437538
437605
437761
509160
508021
438633
508426
435657
439422
436375
436555
441625
441810
50058
50059
50060
50061
50062
495059
501242
500083
503613
502799
503301
503223
504298
500496
503203
504226
504342
431820
504641
503650
433594
504743
505874
505153
434170
434344
496621
433757
507417
431284
434123
504740
432000
504048
508850
436107
504450
435397
435440
435620
435695
435756
435862
435865
435871
435875
435972
435973
435984
436022
436037
436161
436166
436204
436221
436261
436298
436312
436342
436390
436471
436499
436554
436596
436614
436639
436642
436658
436685
436686
436744
436750
436773
436826
436890
436905
436910
436936
508143
508651
437003
437012
435743
437206
437344
437349
437403
437407
437444
437451
508434
437524
437575
437661
437826
438077
438245
438368
438726
439771
440221
440488
508643
508127
50068
50069
501518
499098
501752
502874
503416
502614
504918
503524
504237
505250
503718
504345
504338
505584
431992
505150
507119
507300
505889
429275
433831
509255
506710
435270
435501
435584
435596
435717
435776
435864
436025
436034
436050
436071
436075
436109
436172
436195
436202
436210
436245
436246
436249
436254
436269
436288
436311
436314
436321
436332
436339
436350
436372
436379
436395
436407
436409
436424
436447
436504
436568
436579
436605
436631
436634
436662
436717
436718
436728
436806
436912
436926
436945
436946
437005
437013
437022
437023
437025
437032
437035
437080
437109
437116
437158
437159
437171
437187
437198
437211
437215
437291
437463
437495
437935
438275
438457
436553
439862
440750
509163
441450
508031
442161
442237
50070
50071
50072
50073
50074
501762
501069
502755
502807
499903
504553
432423
504040
503817
504748
502388
503939
433470
504037
505879
506769
432670
434724
505866
434343
434880
434712
507495
507921
435536
435540
435614
435625
435848
436036
436076
436124
436141
436152
436160
436193
436228
436238
436244
436259
436304
436328
436329
436347
436357
436387
436406
436423
436495
436496
436502
436522
436569
436571
436583
436607
436619
436641
436652
436689
436692
436694
436701
436746
436772
436776
436819
436831
436842
436928
436962
436976
436983
436996
437006
437007
437044
437075
437094
437157
437164
437166
437203
437214
437261
437282
437289
437303
437320
437393
437525
437580
437752
437765
437820
438018
507724
438458
438604
438631
439180
439687
439861
440219
440309
436977
441089
437508
441624
441809
441977
50075
50076
50077
50080
50081
50082
500198
503484
502706
503210
504362
505255
505701
431737
505133
506383
505485
507427
434253
501692
505331
432769
508347
505673
508022
503220
505650
504358
507013
432854
434081
436201
435344
434400
434577
434585
435278
435627
436082
436146
436150
436157
436158
436436
436438
436476
436497
436508
436509
436518
436528
436581
436594
436600
436609
436643
436667
436672
436721
436745
436748
436814
436857
436864
436881
436888
436915
436960
437051
437072
437086
437100
437104
437155
437175
437240
437255
437273
437279
437295
437318
437319
437375
437450
437471
437655
437729
509465
510193
437895
510090
438629
439256
440920
509057
50089
50090
50091
50092
50093
50094
50095
50096
492615
500642
501104
502419
502616
500404
501725
502916
502778
503683
433207
432418
504947
504004
432246
504218
432757
427474
434160
504739
507492
506382
506171
507725
508321
434169
433572
508943
501444
510169
434709
434772
435441
435498
435781
435790
435878
435883
435900
436177
436208
436222
436293
436344
436394
436492
436510
436601
436700
436751
436769
436840
436854
436870
436876
436906
436916
436920
436937
436954
436975
436993
437020
437038
437101
437162
437293
437307
437311
509362
437358
437377
437379
437385
437438
437439
437468
437531
437571
437638
437730
437736
437791
437865
437908
438071
438111
438173
438274
509664
439342
439512
439949
509462
440217
440486
440487
508435
441449
509542
437946
442498
50098
50100
500726
502465
502481
432168
504086
503003
504515
505587
502397
505236
505055
502437
505367
504318
505590
505877
505414
505275
433387
433138
506387
506859
434262
507697
508343
504152
505586
432683
435158
433743
510156
510399
506601
435719
435869
435912
435968
435980
436032
436056
436149
436211
436231
436237
436305
436317
436367
436500
436511
436521
436660
436697
436708
436761
436779
436785
436796
436809
436813
436860
436887
436893
436901
436935
436940
436941
436987
436994
437014
437084
437085
437090
437170
437179
437196
437201
437246
437260
437283
437383
437446
509569
437543
437556
437579
437646
437720
437733
437808
437836
437914
437961
438039
438042
438045
438183
438630
510295
437054
439770
440223
510689
508635
437060
442067
508632
436984
442408
509335
50103
50104
50105
50106
50107
50108
497818
500942
499093
502517
501675
502277
503283
504609
504525
504732
505366
504942
503600
505779
503195
505368
505144
503376
507209
505646
508023
503438
509455
436098
436716
436560
430673
433649
436738
434725
435073
435330
435574
435874
435885
435894
435914
436116
436137
436306
436459
436493
436543
436580
436646
436661
436678
436684
436749
436757
436800
436825
436846
436858
436896
436898
436955
436986
437027
437029
437093
437098
437113
437114
437134
437153
437163
437168
437176
437245
437259
437357
437366
437458
509363
437527
437541
437625
437626
437654
437708
437737
509979
437811
437827
437830
437903
437981
438137
438161
507918
510084
440579
510388
441447
437056
442160
507519
50109
50110
50111
50112
50113
50114
50115
50116
50118
50119
50120
50121
50122
50123
50124
50125
499384
498555
500850
501445
501269
503411
503631
504217
502703
502843
505864
506098
505174
432853
505672
505740
507303
431920
506612
499654
507819
434175
508531
508540
503539
507113
506287
508341
508554
435654
438204
435957
436057
436062
436207
436333
436527
436654
436666
436762
436766
436850
436889
436897
436930
436938
436989
437009
437026
437099
437105
437121
437169
437173
437185
437204
437218
437256
437265
437270
437278
437286
437297
437301
437352
437370
437460
437484
437530
437542
437544
437551
437644
437721
437795
437806
437829
437863
437883
438098
438229
510699
439858
440919
441623
441720
442850
442851
50130
50132
50133
50134
50135
50136
50137
50138
50139
50140
50141
501306
502082
502180
502806
503163
503704
503063
498766
503219
432950
502573
432086
502812
498558
505417
504347
503495
500283
502633
504718
505666
505474
432786
504247
504538
504360
506459
505773
506492
505857
506875
433928
508230
507927
433044
435588
435672
435696
435777
436015
436046
436065
436289
436309
436325
436338
436373
436388
436391
436400
436405
436412
436516
436578
436590
436698
436740
436747
436760
436827
436836
436837
436844
436861
437001
437021
437045
437059
437063
437083
437088
437096
437107
437120
437124
437177
437180
437189
437238
437243
437258
437268
437274
437281
437355
437374
437437
437475
437483
437514
437539
437611
437615
437618
437637
437713
437723
437784
437786
437816
437838
437930
438068
438135
438184
438304
438310
438456
511301
440748
440917
441182
509461
50144
50145
50146
50147
50148
490301
503022
501862
502033
503096
502070
502977
502782
500285
504027
503522
503385
432595
502576
503592
503647
505225
432677
502101
504742
504243
430586
506375
504647
506273
432868
434978
435562
503946
504225
504336
434268
429441
507813
433774
434460
435292
435873
436102
436318
436512
436575
436680
436752
436754
436798
436815
436823
436907
436924
436925
436929
437019
437043
437077
437097
437106
437172
437192
437217
437288
437342
437350
437372
437392
437402
437404
437443
437462
437464
437466
437510
437569
437622
437640
437643
437647
437692
437718
437724
437731
437741
437744
437746
437748
437755
437758
437782
437783
437801
437809
437814
437969
437984
437988
438056
438085
438086
438273
438315
509977
438510
438573
438669
438725
509260
438815
510703
439509
510378
509755
441183
441362
508754
509868
510177
509751
435757
50152
50153
50154
50155
50156
50157
50158
50159
50160
50161
50162
496453
493321
500615
501060
499786
502692
499601
501573
502167
502265
503942
502548
504729
505072
503318
504650
504537
505954
506708
507118
506651
506573
506174
508532
501382
433383
434884
432249
435938
436336
436389
436408
436561
436597
436653
436655
436679
436688
436723
436734
436736
436764
436812
436821
436866
436903
436909
436978
436980
436982
437037
437070
437127
437131
437199
437200
437202
437205
437207
437208
437221
437225
437251
437290
437309
437364
437376
437388
437413
437432
437440
437470
437478
437482
437520
437532
437536
437537
437547
437598
437620
437656
437659
509067
437831
437852
437866
437898
509567
437954
437973
437990
437991
438005
438053
438063
438105
438132
438147
438176
438177
438225
438325
438337
438505
438551
438610
438661
438990
436282
440306
509860
440577
441358
441360
508749
442940
50166
50168
50169
50170
50171
50172
493936
499282
499067
498641
501270
500608
498862
502072
501136
502425
498541
499991
499173
503915
432417
504916
504221
505972
498181
505155
432163
504949
502780
504767
506593
506365
506801
506181
506804
505992
432943
505098
505688
506179
506244
506704
502242
506233
431712
507116
505375
508020
430851
435141
507219
504346
506604
436880
436636
509752
500072
435528
436054
436139
436234
436366
436418
436535
436565
436613
436618
436696
436732
436737
436741
436849
436894
436921
436958
437073
437078
437081
437110
437148
437178
437272
437275
437285
437292
437299
437351
437354
437361
437378
437380
437391
437427
437442
437449
437641
437699
437714
437717
437749
437796
437807
437822
437835
437853
437877
437884
437889
437897
437901
437911
437957
437982
438006
438091
438141
438155
438156
438172
438189
508555
438316
438338
438415
438521
438550
438555
438570
438701
509460
440040
440218
510291
440918
441002
509562
441271
441808
509049
442672
442941
50175
50176
50177
50178
50179
50180
50181
494300
494759
501312
500322
502559
499992
501185
502606
503229
430151
504424
503836
502496
433031
504521
504655
505687
504177
504458
504629
506168
506667
505700
434734
505966
506182
433308
506292
507612
507831
507709
431375
506054
507576
500477
434370
503049
508748
433209
434621
433216
510280
500119
508138
437420
506283
436042
436134
436425
436486
436532
436584
436665
436682
436811
436817
436835
436943
436999
437033
437065
437079
437091
437103
437115
437117
509265
437182
437209
437250
437382
437390
437430
437511
437546
437552
437557
437614
437632
437636
437663
437688
437702
437739
437871
437875
437876
437886
437924
437953
437956
437978
437986
438046
438072
438074
438078
438154
438162
438241
438246
438247
438318
438319
438321
438352
438489
438607
438688
438717
438746
510998
438945
438978
439508
510389
440037
508854
508646
509546
511088
511194
442494
443212
50183
50184
50185
50186
50187
496604
501737
496620
504000
431112
432240
502448
433146
505252
506725
502847
504137
505143
505320
506029
431179
499488
506913
505694
507617
504950
501116
438030
509258
506581
436140
436324
436340
436343
436383
436464
436490
436501
436722
436733
436759
436805
436851
436886
436942
437000
437064
437188
437294
437305
437316
437359
437362
437363
437373
437387
437415
437419
437447
437477
437485
437486
437487
437493
437554
437610
437617
437624
437630
437665
437689
437694
437695
437701
437706
437750
509663
437794
437810
437821
437834
437891
437905
437934
438014
438017
438060
438092
438097
438110
510083
438144
438149
438151
438193
438214
438223
438231
438243
438332
438351
438420
438493
438498
438504
438520
438609
438632
438670
438706
438707
438803
509872
439360
510484
440916
441356
441719
509251
442671
510266
442939
510490
50188
50189
50190
50191
50192
491115
494046
497432
498708
497440
500709
501222
499817
501239
499388
498655
501579
503691
501736
431386
502500
501977
503304
504440
431846
504857
499168
500711
506266
504723
503941
505770
506810
436648
508224
435939
435745
510086
503898
435675
436217
434087
509555
435587
435951
436420
436647
436674
436739
437017
437048
437074
437112
437151
437183
437348
437365
437386
437453
437476
437504
437522
437540
437545
437568
437582
437612
437628
437711
437725
437732
437740
437751
437792
437800
437823
437842
437844
437890
437904
437917
437971
437987
438016
438166
438202
438264
438268
511000
438328
438350
438453
438485
438511
438513
438544
438546
438575
438606
438608
438617
511415
438646
438667
438692
438770
438832
439046
439060
439217
439769
439859
508553
510289
510174
441359
441446
441534
442159
509666
442495
443030
443119
443300
430500
50193
50194
50195
50196
50197
50198
497356
496735
500636
497218
501754
500396
500251
502452
501052
503237
497525
501488
503925
503053
503478
503287
504215
504759
504404
505467
434611
433386
506275
506070
504191
507996
506587
507458
507517
432181
435246
508418
504863
505473
509343
432944
510893
436729
505891
509744
434612
510901
437606
432897
509250
511094
435327
431447
435701
436557
436589
436657
436709
436947
437018
437254
437276
437277
437452
437465
437521
437528
437553
437561
437629
437664
437703
437722
437742
437790
437799
437813
437824
437828
437833
437845
437870
437872
437878
437880
437885
437907
437965
437974
438010
438047
438064
438069
438079
438143
438217
438255
438342
438359
438363
438499
438516
438517
438519
438588
438658
438672
438849
439085
439086
439228
439948
437512
442065
509245
442849
434462
502907
50200
50201
50202
50203
50204
50205
50206
50207
50208
50209
50210
50211
487706
501423
499477
500977
501215
502728
501851
501023
502599
502869
502714
503690
504013
501875
504543
503826
504506
504810
502868
500644
503798
505453
432608
504808
504921
506294
506079
505450
433228
506076
506269
506799
433581
506899
507114
505748
509050
507810
508210
508753
507112
509043
433077
509341
507829
433590
500815
503216
437435
438556
436335
436384
436481
436617
436824
436917
436927
437011
437034
437089
437167
437210
437284
437287
437298
437341
437448
437492
437558
437559
437619
437621
437623
437649
437660
437668
437704
437705
437735
437812
510496
437964
438033
438035
438062
438131
438142
438157
438220
438226
438244
438324
438333
438334
438410
438601
438680
438681
438716
438754
438769
439127
511204
439686
510286
440575
440576
441181
441807
509469
442066
442158
434902
436503
50212
50213
50214
50215
50216
498545
499952
499481
502968
500949
503511
501926
503930
501613
504210
503205
505065
432962
432776
504962
434168
504232
506268
505658
432870
505977
505684
506384
495785
508649
508962
508746
504749
504932
437062
506916
436546
505074
434721
429529
437693
436369
503119
436153
436155
436307
437031
437067
437108
437122
437132
437181
437252
437257
437345
437347
437397
437472
437566
437577
437738
437775
437785
437788
437803
437815
437837
437848
437881
437927
437967
437994
437995
438043
438083
438100
438153
438165
438174
438210
438216
438236
438279
438297
438323
438331
438403
438409
438414
438417
438434
438447
438502
438507
438514
438526
438559
438564
438567
438603
438741
438749
510705
438830
438872
438933
439079
510592
439147
439158
439200
439227
510183
439860
511305
440216
511911
437426
443644
50217
50218
488932
494250
496906
500920
502169
498661
502181
500817
502321
504568
502288
502168
502336
503890
503273
505139
493413
505129
506082
505111
503773
505839
506475
432074
434005
434093
507425
434352
507026
507583
508113
508238
434716
506289
434891
432707
503812
434641
508940
499792
503589
503493
508188
437150
437945
511492
510890
438034
510487
434265
437417
435011
436473
436711
436848
436931
437111
437216
437244
437367
437381
437429
437431
437457
437461
437515
437526
437604
437616
437631
437642
437648
437707
437728
437873
437894
437928
437949
437980
438007
438032
438051
438057
438059
438066
438088
438099
438104
438148
438196
438239
438261
438262
438305
438306
438395
438411
438427
438477
438495
438515
438537
438569
438689
438713
438747
438765
438828
438844
438897
438960
438973
439040
439057
439081
439084
439124
439279
439292
439340
437951
511093
440027
510994
441443
441532
510897
510372
510791
443118
443469
50220
50221
50222
50223
50224
50225
50226
50227
50228
50229
50230
489860
494367
499026
501747
500434
500340
500009
501863
501983
501409
500824
501024
494048
500084
502662
501157
502786
503417
503804
504094
502050
503612
504097
503728
500928
503530
505664
505011
503673
505564
505556
505364
505686
507000
506556
505589
504438
506280
506814
434172
504855
501709
436023
506453
507911
436099
507218
507797
508133
509470
508234
436198
509848
509873
506917
432425
432599
432071
435006
433742
438848
436719
433658
434284
435751
510598
436563
436664
436802
436804
437040
437264
437280
437346
437389
437454
437459
437549
437562
437658
437698
437710
437753
437802
437846
437896
437915
437918
437983
437993
438055
438065
438164
438168
438179
438181
438187
438218
438235
438237
438252
438303
438320
438383
438384
438399
438401
438418
438424
438438
438518
438525
438534
438700
438799
438862
438867
438952
439023
439049
439073
439188
439215
510693
439637
508946
439857
441178
441357
441445
511716
441803
442670
443643
433803
437066
437608
)


// ************************************************************************* //
