/*--------------------------------*- C++ -*----------------------------------*\
| =========                 |                                                 |
| \\      /  F ield         | OpenFOAM: The Open Source CFD Toolbox           |
|  \\    /   O peration     | Version:  2406                                  |
|   \\  /    A nd           | Website:  www.openfoam.com                      |
|    \\/     M anipulation  |                                                 |
\*---------------------------------------------------------------------------*/
FoamFile
{
    version     2.0;
    format      ascii;
    arch        "LSB;label=32;scalar=64";
    class       labelField;
    location    "0.008/lagrangian/dsmc";
    object      origId;
}
// * * * * * * * * * * * * * * * * * * * * * * * * * * * * * * * * * * * * * //


6908
(
398332
399164
399166
400057
400489
400608
400614
401397
401494
401597
401797
401934
402204
402222
402317
402440
402455
402628
402669
402751
402841
402938
402959
403046
403228
403337
403350
403357
403445
403447
403450
403543
403554
403558
403751
403761
403767
403801
403863
403965
404074
404097
404162
404184
404204
404265
404281
404317
404373
404389
404464
404474
404484
404502
404576
404588
404676
404684
404778
404787
404818
404869
404874
404895
404981
404987
404996
405066
405072
405075
405085
405092
405183
405191
405193
405196
405204
405208
405291
405292
405295
405309
405310
405386
405388
405391
405398
405400
405403
405407
405408
405422
405486
405508
405509
405511
405586
405587
405590
405596
405600
405604
405607
405689
405695
405696
405697
405698
405699
405703
405706
405710
405713
405718
405720
405746
405809
405813
405814
405815
405818
405823
405826
405833
405904
405925
405995
405999
406006
406007
406008
406012
406015
406017
406021
406038
406099
406100
406103
406110
406118
406119
406121
406135
406202
406212
406217
406225
406227
406228
406234
406249
406256
406279
406316
406318
406319
406320
406323
406324
406327
406328
406329
406333
406406
406408
406411
406413
406414
406415
406419
406420
406421
406425
406508
406511
406514
406515
406520
406524
406526
406528
406536
406540
406561
406620
406622
406639
406647
406648
406685
406708
406712
406713
406716
406717
406718
406720
406722
406725
406726
406736
406739
406744
406755
406767
406779
406809
406811
406814
406820
406823
406824
406826
406827
406834
406837
406843
406845
406852
406860
406909
406916
406917
406920
406927
406929
406930
406937
406939
406940
406949
406951
406961
406974
407002
407011
407021
407026
407029
407030
407032
407034
407039
407042
407050
407051
407065
407070
407075
407078
407090
407119
407143
407144
407145
407147
407148
407151
407152
407161
407167
407173
407174
407222
407225
407228
407231
407233
407237
407240
407242
407243
407244
407245
407246
407248
407249
407253
407263
407267
407314
407338
407345
407346
407348
407349
407350
407351
407352
407358
407367
407369
407370
407380
407383
407386
407395
407405
407406
407412
407438
407441
407444
407446
407448
407450
407452
407453
407455
407457
407458
407459
407460
407461
407462
407464
407466
407467
407472
407477
407478
407504
407529
407535
407536
407537
407540
407542
407543
407544
407551
407553
407554
407557
407563
407577
407578
407580
407581
407589
407602
407604
407609
407625
407631
407640
407641
407642
407647
407649
407650
407653
407657
407658
407659
407661
407662
407663
407665
407667
407669
407670
407671
407675
407682
407687
407692
407694
407711
407719
407735
407736
407737
407738
407739
407740
407741
407743
407746
407747
407748
407749
407750
407751
407753
407758
407759
407762
407763
407765
407768
407769
407770
407772
407779
407780
407782
407784
407785
407791
407796
407806
407811
407813
407832
407837
407840
407842
407843
407846
407849
407851
407854
407856
407861
407866
407867
407868
407869
407870
407871
407872
407882
407884
407887
407889
407892
407894
407899
407900
407903
407905
407913
407918
407933
407934
407935
407936
407937
407939
407940
407942
407943
407948
407952
407953
407955
407957
407958
407960
407961
407962
407965
407966
407967
407968
407969
407971
407979
407981
407982
407983
407990
407993
407999
408001
408005
408007
408014
408030
408034
408035
408040
408046
408051
408052
408054
408056
408057
408058
408059
408061
408062
408064
408067
408068
408069
408071
408075
408076
408078
408081
408084
408102
408106
408109
408120
408124
408134
408135
408140
408141
408142
408144
408147
408149
408150
408153
408158
408160
408162
408163
408166
408167
408170
408171
408172
408177
408180
408182
408183
408184
408186
408188
408189
408192
408197
408198
408201
408204
408205
408206
408208
408209
408213
408217
408219
408224
408231
408233
408234
408239
408241
408250
408251
408254
408255
408256
408257
408258
408259
408261
408264
408268
408269
408270
408271
408272
408273
408276
408277
408279
408281
408282
408284
408286
408287
408288
408290
408292
408295
408298
408299
408302
408312
408314
408319
408320
408324
408327
408329
408332
408344
408345
408348
408349
408350
408351
408354
408356
408358
408360
408361
408363
408364
408366
408368
408372
408377
408380
408381
408383
408388
408391
408393
408398
408400
408403
408414
408421
408422
408427
408428
408429
408430
408436
408442
408446
408447
408451
408452
408453
408455
408456
408457
408458
408459
408460
408461
408463
408464
408465
408466
408467
408468
408469
408471
408472
408473
408474
408475
408476
408477
408479
408480
408481
408482
408483
408485
408488
408489
408490
408491
408492
408493
408494
408497
408498
408499
408501
408508
408509
408511
408512
408514
408515
408516
408517
408518
408528
408534
408545
408546
408547
408548
408551
408553
408557
408558
408559
408560
408561
408565
408567
408568
408569
408571
408573
408574
408582
408583
408584
408585
408586
408587
408588
408591
408592
408593
408594
408595
408596
408597
408598
408600
408601
408604
408606
408607
408609
408610
408611
408617
408618
408619
408624
408626
408627
408628
408629
408631
408634
408640
408649
408650
408655
350178
408658
408661
408662
408664
408665
408666
408667
408669
408670
408671
408672
408673
408675
408676
408678
408679
408680
408682
408683
408685
408686
408687
408689
408694
408699
408700
408701
408702
408704
408705
408707
408710
408712
408713
408716
408717
408718
408719
408723
408726
408728
408729
408732
408733
408736
408737
408738
408739
408745
408750
408754
408757
408760
408762
349490
408763
408767
408770
408771
408776
408778
408779
408781
408782
408783
408784
408785
408786
408787
408788
408789
408790
408792
408793
408794
408795
408797
408798
408799
408800
408802
408803
408805
408806
408807
408809
408810
408811
408812
408813
408814
408815
408816
408817
408818
408819
408820
408823
408824
408825
408827
408829
408832
408833
408835
408836
408837
408841
408842
408843
408844
408845
408854
408855
408857
408861
408865
408866
408867
408868
408872
408875
408876
408878
408883
408884
408885
408886
408887
408888
408889
408890
408891
408892
408893
408894
408896
408897
408898
408899
408900
408902
408903
408904
408905
408906
408910
408911
408913
408914
408917
408918
408920
408921
408924
408925
408926
408930
408935
408937
408939
408940
408943
408944
408945
408947
408949
408951
408952
408958
408960
408962
408970
408971
350452
408972
408976
408977
408978
408980
408981
408982
408984
408985
408986
408987
408988
408990
408991
408993
408994
408996
408997
408998
408999
409000
409001
409002
409003
409004
409005
409006
409007
409008
409009
409010
409011
409013
409014
409015
409016
409018
409019
409020
409022
409023
409025
409026
409029
409031
409032
409033
409034
409037
409039
409040
409043
409044
409048
409049
409050
409051
409052
409054
409056
409064
409065
409066
409067
409080
409082
409083
409084
409085
409087
409088
409089
409090
409091
409092
409093
409094
409095
409096
409097
409100
409101
409103
409104
409105
409106
409107
409108
409109
409110
409111
409112
409113
409114
409115
409116
409117
409119
409121
409122
409123
409124
409125
409126
409127
409128
409129
409130
409131
409132
409134
409135
409138
409140
409142
409148
409153
409156
409159
409160
409163
409167
409169
409170
409171
350358
350803
409179
409181
409182
409184
409185
409186
409187
409188
409189
409191
409192
409193
409194
409195
409196
409197
409198
409199
409200
409202
409203
409204
409205
409206
409207
409208
409209
409210
409211
409212
409213
409215
409216
409217
409218
409219
409220
409221
409222
409224
409226
409227
409228
409229
409230
409231
409232
409233
409234
409235
409237
409238
409239
409240
409241
409242
409244
409245
409246
409251
409253
409254
409255
409256
409257
409260
409262
409266
409268
409270
348790
409274
409276
409278
409280
409282
409283
409284
409286
409287
409288
409289
409290
409292
409293
409294
409296
409298
409299
409300
409301
409302
409303
409304
409305
409306
409308
409309
409310
409311
409312
409313
409314
409315
409316
409318
409319
409320
409321
409322
409323
409324
409326
409327
409328
409330
409331
409332
409333
409334
409335
409337
409338
409340
409341
409342
409343
409344
409346
409347
409348
409349
409350
409355
409356
409357
409358
409359
409360
409363
409364
409365
409366
409367
409368
409369
409373
409374
409375
401458
409379
409382
409383
409385
409386
409387
409388
409389
409390
409391
409392
409393
409394
409395
409396
409397
409398
409399
409400
409401
409402
409403
409404
409405
409406
409407
409408
409409
409410
409411
409412
409413
409414
409416
409417
409418
409419
409420
409421
409422
409423
409424
409425
409426
409427
409428
409432
409433
409435
409436
409437
409438
409439
409441
409442
409443
409445
409446
409447
409448
409449
409450
409452
409453
409454
409455
409456
409461
409462
409463
409464
409465
409467
409468
409471
409476
409477
409478
409479
409480
409481
409482
409483
409484
409485
409486
409487
409488
409489
409491
409492
409494
409495
409496
409498
409499
409500
409501
409502
409503
409504
409505
409506
409507
409508
409509
409510
409511
409512
409513
409514
409515
409516
409517
409518
409519
409520
409521
409522
409523
409524
409525
409526
409527
409528
409529
409530
409531
409532
409533
409534
409535
409536
409537
409538
409539
409540
409541
409542
409543
409544
409545
409546
409547
409548
409550
409551
409552
409553
409555
409556
409558
409560
409563
409564
409566
409570
409575
350269
409576
409578
409581
409585
409586
409587
409588
409589
409590
409591
409593
409594
409595
409596
409597
409599
409600
409601
409602
409603
409604
409605
409606
409607
409608
409609
409610
409611
409612
409613
409614
409615
409616
409617
409618
409619
409621
409622
409623
409624
409625
409626
409627
409630
409631
409632
409633
409634
409635
409636
409638
409639
409640
409641
409642
409643
409644
409645
409646
409647
409648
409649
409650
409651
409652
409653
409654
409655
409656
409657
409658
409659
409660
409662
409663
409664
409665
409666
409668
409672
409675
350802
351142
351145
409680
409681
409682
409685
409687
409688
409689
409690
409691
409692
409693
409694
409695
409696
409697
409698
409699
409700
409701
409702
409703
409705
409706
409707
409708
409709
409710
409711
409712
409713
409714
409715
409716
409717
409718
409719
409720
409721
409722
409723
409724
409725
409726
409727
409728
409729
409730
409731
409732
409733
409734
409735
409736
409737
409738
409739
409740
409741
409742
409743
409744
409746
409747
409748
409749
409750
409751
409752
409753
409756
409758
409759
409760
409761
409762
409763
409764
409765
409766
409767
409769
409771
409772
409773
409776
409777
409778
409780
409781
350799
350882
351061
351322
409787
409788
409789
409790
409792
409793
409794
409795
409796
409797
409798
409799
409800
409801
409802
409803
409805
409806
409807
409808
409809
409810
409811
409812
409813
409814
409815
409816
409818
409819
409820
409821
409822
409823
409824
409825
409826
409827
409828
409829
409830
409831
409832
409833
409834
409835
409836
409837
409838
409839
409841
409842
409843
409844
409845
409846
409847
409848
409849
409850
409851
409852
409853
409854
409855
409856
409857
409858
409859
409861
409862
409863
409864
409865
409866
409867
409868
409869
409870
409871
409873
409875
409878
409880
409881
409888
409889
409891
409894
409895
409896
409897
409898
409900
409901
409902
409903
409904
409905
409906
409907
409908
409909
409910
409911
409912
409913
409914
409915
409916
409917
409918
409919
409920
409921
409922
409923
409924
409925
409926
409927
409928
409929
409930
409931
409932
409933
409934
409935
409936
409937
409938
409939
409940
409941
409942
409943
409944
409945
409946
409947
409948
409949
409950
409951
409952
409953
409954
409955
409956
409957
409958
409959
409960
409961
409962
409964
409965
409966
409967
409968
409969
409972
409973
409976
409977
350543
351492
351495
409980
409984
409986
409987
409988
409990
409991
409992
409993
409994
409995
409996
409997
409998
409999
410000
410001
410002
410003
410004
410005
410006
410007
410008
410009
410010
410011
410012
410013
410014
410015
410016
410017
410018
410019
410020
410021
410022
410023
410024
410025
410026
410027
410028
410029
410030
410031
410032
410033
410034
410035
410036
410037
410038
410039
410040
410041
410042
410043
410044
410046
410047
410048
410049
410050
410051
410052
410054
410055
410056
410057
410059
410060
410061
410062
410063
410064
410065
410067
410068
410072
410074
410075
410076
410078
410081
410083
350083
410084
410085
410087
410088
410092
410093
410094
410095
410096
410097
410098
410100
410101
410102
410103
410104
410105
410106
410107
410108
410109
410110
410111
410112
410113
410114
410115
410116
410117
410118
410119
410120
410121
410123
410124
410125
410126
410127
410128
410129
410130
410131
410132
410133
410134
410135
410136
410137
410138
410139
410140
410141
410142
410143
410144
410145
410146
410147
410148
410149
410150
410151
410152
410153
410154
410155
410156
410157
410158
410159
410160
410162
410163
410164
410165
410166
410167
410168
410169
410170
410172
410175
410177
410178
410179
410180
410183
410184
410185
410186
410187
410188
410189
410190
410191
410192
410193
410194
350886
410196
410197
410199
410200
410201
410202
410203
410205
410206
410208
410209
410211
410212
410213
410214
410215
410216
410217
410218
410219
410220
410221
410222
410223
410224
410225
410226
410227
410228
410229
410230
410231
410232
410233
410234
410235
410236
410237
410238
410239
410240
410241
410242
410243
410244
410245
410246
410247
410248
410249
410250
410251
410252
410253
410254
410255
410256
410257
410258
410259
410260
410261
410262
410263
410264
410265
410266
410267
410268
410269
410270
410271
410272
410273
410275
410276
410277
410278
410279
410280
410282
410290
410291
351143
410294
410295
410296
410297
410298
410300
410301
410302
410303
410304
410305
410306
410309
410310
410311
410312
410314
410315
410316
410317
410318
410319
410320
410322
410323
410324
410325
410326
410327
410328
410329
410330
410331
410332
410333
410334
410335
410336
410337
410338
410339
410340
410341
410342
410343
410344
410345
410346
410347
410348
410349
410350
410351
410352
410353
410354
410355
410356
410357
410358
410359
410360
410361
410362
410363
410364
410365
410366
410367
410368
410369
410370
410371
410372
410373
410374
410376
410377
410379
410380
410381
410382
410384
410385
410387
410388
410391
410392
410393
350979
351320
351580
351767
410398
410399
410400
410401
410402
410403
410405
410406
410409
410410
410411
410412
410414
410415
410416
410417
410418
410419
410420
410421
410422
410423
410424
410425
410426
410427
410428
410429
410430
410431
410432
410433
410434
410435
410436
410437
410438
410439
410440
410441
410442
410443
410444
410445
410446
410447
410448
410449
410450
410451
410452
410453
410454
410455
410456
410457
410458
410459
410460
410461
410462
410463
410464
410465
410466
410467
410468
410469
410470
410471
410472
410474
410475
410476
410477
410481
410482
410484
410485
410490
410491
410492
410493
410494
410497
410499
349409
350545
409165
410503
410505
410507
410508
410509
410510
410512
410513
410514
410515
410516
410517
410518
410519
410520
410521
410522
410523
410524
410525
410526
410527
410528
410529
410530
410531
410532
410533
410534
410535
410537
410538
410539
410540
410541
410542
410543
410544
410545
410546
410547
410548
410549
410550
410551
410552
410553
410554
410555
410556
410557
410558
410559
410560
410561
410562
410563
410564
410565
410566
410567
410568
410569
410570
410571
410572
410573
410574
410575
410576
410577
410578
410579
410580
410581
410582
410583
410584
410586
410587
410588
410589
410590
410591
410593
410594
410595
410596
410597
350361
351239
410601
410602
410605
410606
410607
410609
410610
410611
410612
410613
410614
410615
410616
410617
410618
410619
410620
410621
410622
410623
410624
410626
410627
410628
410629
410630
410631
410632
410633
410634
410635
410636
410637
410638
410639
410640
410641
410642
410643
410644
410645
410646
410647
410648
410649
410650
410651
410652
410653
410654
410655
410656
410657
410658
410659
410660
410661
410662
410663
410664
410665
410666
410667
410668
410669
410670
410671
410672
410673
410674
410675
410676
410677
410679
410680
410681
410682
410683
410684
410685
410686
410687
410688
410689
410691
410692
410693
410698
410699
410700
410702
352123
410706
410708
410709
410710
410711
410712
410713
410714
410715
410716
410717
410718
410719
410720
410721
410722
410723
410724
410725
410726
410727
410728
410729
410730
410731
410732
410733
410734
410735
410736
410737
410738
410739
410740
410741
410742
410743
410744
410745
410746
410747
410748
410749
410750
410751
410752
410753
410754
410755
410756
410757
410758
410759
410760
410761
410762
410763
410764
410765
410766
410767
410768
410769
410770
410772
410773
410774
410775
410776
410777
410778
410779
410780
410782
410783
410784
410785
410786
410788
410789
410790
410791
410792
410794
410795
410797
410798
410799
351673
410803
410804
410807
410808
410809
410810
410811
410812
410813
410814
410815
410816
410817
410818
410819
410820
410821
410822
410823
410824
410825
410826
410827
410828
410829
410830
410831
410832
410833
410834
410835
410836
410837
410838
410839
410840
410841
410842
410843
410844
410845
410846
410847
410848
410849
410850
410851
410852
410853
410854
410855
410856
410857
410858
410859
410860
410861
410862
410863
410864
410865
410866
410867
410868
410869
410870
410871
410872
410874
410876
410877
410878
410879
410880
410881
410882
410883
410884
410885
410886
410887
410888
410889
410890
410891
410892
410893
410894
410896
410897
410900
410901
410902
410903
410904
350883
351319
351491
410906
410908
410911
410912
410913
410914
410915
410916
410917
410918
410919
410920
410921
410922
410923
410924
410925
410926
410927
410928
410929
410930
410931
410932
410933
410934
410935
410936
410937
410938
410939
410940
410941
410942
410943
410944
410945
410946
410947
410948
410949
410950
410951
410952
410953
410954
410955
410956
410957
410958
410959
410960
410961
410962
410963
410964
410965
410966
410967
410968
410969
410970
410971
410972
410973
410974
410975
410976
410977
410978
410980
410981
410982
410983
410984
410986
410987
410988
410989
410991
410994
410995
410996
410997
410998
411000
411001
411002
411003
411004
411005
411006
411007
411008
411009
349745
349838
351141
351151
411010
411011
411012
411014
411015
411016
411017
411018
411019
411020
411021
411022
411023
411024
411025
411026
411027
411028
411029
411030
411031
411032
411033
411034
411035
411036
411037
411038
411039
411040
411041
411042
411043
411044
411045
411046
411047
411048
411049
411050
411051
411052
411053
411054
411055
411056
411057
411058
411059
411060
411061
411062
411063
411064
411065
411066
411067
411068
411069
411070
411071
411072
411073
411074
411075
411076
411077
411078
411079
411080
411081
411082
411083
411084
411085
411086
411087
411088
411090
411091
411092
411094
411096
411097
411098
411099
411100
411102
411103
411105
411107
411111
411112
350011
351408
352028
352034
411115
411118
411119
411121
411122
411123
411125
411126
411127
411128
411130
411131
411132
411133
411134
411135
411136
411137
411138
411139
411140
411141
411142
411143
411144
411145
411146
411147
411148
411149
411150
411151
411152
411153
411154
411155
411156
411157
411158
411159
411160
411161
411162
411163
411164
411165
411166
411167
411168
411169
411170
411171
411172
411173
411174
411175
411176
411177
411178
411179
411180
411181
411182
411183
411184
411185
411186
411187
411188
411189
411191
411192
411194
411195
411196
411197
411198
411201
411202
411204
411206
351326
408859
411208
411209
411212
411213
411215
411216
411218
411219
411220
411221
411222
411223
411224
411225
411226
411227
411228
411229
411230
411231
411232
411233
411234
411235
411236
411237
411238
411239
411240
411241
411242
411243
411244
411245
411246
411247
411248
411249
411250
411251
411252
411253
411254
411255
411256
411257
411258
411259
411260
411261
411262
411263
411264
411265
411266
411267
411268
411269
411270
411271
411272
411273
411274
411275
411276
411277
411278
411279
411280
411281
411282
411283
411284
411285
411287
411288
411289
411290
411291
411292
411293
411294
411295
411298
411299
411300
411301
411303
411304
411305
411307
411308
411309
411310
411311
411312
411313
411314
411315
411316
350369
350716
352472
411321
411322
411326
411327
411328
411329
411330
411331
411332
411333
411334
411335
411336
411337
411338
411339
411340
411341
411342
411343
411344
411345
411346
411347
411348
411349
411350
411351
411352
411353
411354
411355
411356
411357
411358
411359
411360
411361
411362
411363
411364
411365
411366
411367
411368
411369
411370
411371
411372
411373
411374
411375
411376
411377
411378
411379
411380
411381
411382
411383
411384
411385
411386
411387
411388
411389
411390
411391
411392
411393
411394
411395
411396
411397
411398
411399
411400
411401
411402
411403
411404
411405
411407
411410
411411
411412
411413
411414
411418
411419
352124
411423
411426
411428
411429
411431
411432
411433
411434
411435
411436
411437
411438
411439
411440
411442
411443
411444
411445
411446
411447
411448
411449
411450
411451
411452
411453
411454
411455
411456
411457
411458
411459
411460
411461
411462
411463
411464
411465
411466
411467
411468
411469
411470
411471
411472
411473
411474
411475
411476
411477
411478
411479
411480
411481
411482
411483
411484
411485
411486
411487
411488
411489
411490
411491
411492
411493
411494
411495
411496
411497
411499
411500
411502
411504
411505
411507
411508
411509
351494
411511
411512
411513
411515
411516
411518
411520
411522
411523
411525
411526
411527
411528
411529
411530
411531
411532
411533
411534
411535
411536
411537
411538
411539
411540
411541
411542
411543
411544
411545
411546
411547
411548
411549
411550
411551
411552
411553
411554
411555
411556
411557
411558
411559
411560
411561
411562
411563
411564
411565
411566
411567
411568
411569
411570
411571
411572
411573
411574
411575
411576
411577
411578
411579
411580
411581
411582
411583
411584
411585
411586
411587
411588
411589
411590
411591
411592
411593
411594
411595
411596
411597
411598
411599
411600
411601
411602
411603
411604
411605
411606
411607
411608
411609
411610
411611
411613
411614
411615
411616
351772
351863
411617
411618
411619
411620
411621
411622
411624
411625
411626
411627
411628
411629
411630
411631
411632
411634
411635
411636
411637
411638
411639
411640
411641
411642
411643
411644
411645
411646
411647
411648
411649
411650
411651
411652
411653
411654
411655
411656
411657
411658
411659
411660
411661
411662
411663
411664
411665
411666
411667
411668
411669
411670
411671
411672
411673
411674
411675
411676
411677
411678
411679
411680
411681
411682
411683
411684
411685
411686
411687
411688
411689
411690
411691
411692
411693
411694
411695
411696
411697
411699
411700
411701
411702
411705
411706
411708
411709
411712
411713
411714
411716
411717
411718
411719
411720
411721
350815
351773
410289
352990
411722
411723
411724
411725
411726
411727
411728
411729
411730
411731
411732
411733
411734
411735
411736
411737
411738
411739
411740
411741
411742
411743
411744
411745
411746
411747
411748
411749
411750
411751
411752
411753
411754
411755
411756
411757
411758
411759
411760
411761
411762
411763
411764
411765
411766
411767
411768
411769
411770
411771
411772
411773
411774
411775
411776
411777
411778
411779
411780
411781
411782
411783
411784
411785
411786
411787
411788
411789
411790
411791
411792
411793
411794
411795
411796
411797
411798
411799
411800
411802
411803
411804
411806
411807
411808
411810
411812
411813
411816
411818
411819
411821
411822
411823
411824
411825
411826
411827
349496
351328
351782
352992
411828
411831
411833
411834
411835
411840
411842
411843
411844
411845
411846
411847
411848
411849
411850
411851
411852
411853
411854
411855
411856
411857
411858
411859
411860
411861
411862
411863
411864
411865
411866
411867
411868
411869
411870
411871
411872
411873
411874
411875
411876
411877
411878
411879
411880
411881
411882
411883
411884
411885
411886
411887
411888
411889
411890
411891
411892
411893
411894
411895
411896
411897
411898
411899
411900
411901
411902
411903
411904
411905
411907
411908
411909
411910
411911
411912
411913
411914
411916
411918
411919
411921
411925
411926
411927
411928
411929
411930
411931
411932
411934
351774
351943
411935
411936
411937
411938
411939
411940
411941
411942
411943
411944
411945
411946
411947
411948
411949
411950
411951
411952
411953
411954
411955
411956
411957
411958
411959
411960
411961
411962
411963
411964
411965
411966
411967
411968
411969
411970
411971
411972
411973
411974
411975
411976
411977
411978
411979
411980
411981
411982
411983
411984
411985
411986
411987
411988
411989
411990
411991
411992
411993
411994
411995
411996
411997
411998
411999
412000
412001
412002
412003
412004
412005
412006
412007
412008
412009
412010
412011
412012
412013
412014
412015
412016
412017
412018
412019
412020
412022
412023
412024
412027
412028
412029
412030
412031
412032
352381
353167
412033
412034
412035
412037
412040
412042
412044
412045
412046
412047
412048
412049
412050
412051
412052
412053
412054
412055
412056
412057
412058
412059
412060
412061
412062
412063
412064
412065
412066
412067
412068
412069
412070
412071
412072
412073
412074
412075
412076
412077
412078
412079
412080
412081
412082
412083
412084
412085
412086
412087
412088
412089
412090
412091
412092
412093
412094
412095
412096
412097
412098
412099
412100
412101
412102
412103
412104
412105
412106
412107
412108
412109
412110
412111
412112
412113
412114
412115
412116
412117
412118
412119
412120
412122
412128
412129
412130
412131
412132
352030
353077
412133
412137
412138
412140
412141
412142
412143
412144
412145
412146
412147
412148
412149
412150
412151
412152
412153
412154
412155
412156
412157
412158
412159
412160
412161
412162
412163
412164
412165
412166
412167
412168
412169
412170
412171
412172
412173
412174
412175
412176
412177
412178
412179
412180
412181
412182
412183
412184
412185
412186
412187
412188
412189
412190
412191
412192
412193
412194
412195
412196
412197
412198
412199
412200
412201
412202
412203
412204
412205
412206
412207
412208
412209
412210
412211
412212
412213
412214
412215
412216
412217
412218
412219
412220
412221
412222
412224
412226
412227
412228
412229
412230
412231
412232
412233
412234
412236
412237
412238
351062
351333
351942
352128
410069
409671
412242
412243
412244
412247
412248
412249
412250
412251
412252
412253
412254
412255
412256
412257
412259
412260
412261
412262
412263
412264
412265
412266
412267
412268
412269
412270
412271
412272
412273
412274
412275
412276
412277
412278
412279
412280
412281
412282
412283
412284
412285
412286
412287
412288
412289
412290
412291
412292
412293
412294
412295
412296
412297
412298
412299
412300
412301
412302
412303
412304
412305
412306
412307
412308
412309
412310
412311
412312
412313
412314
412315
412316
412317
412318
412319
412320
412321
412322
412323
412324
412325
412326
412327
412328
412329
412331
412332
412333
412334
412337
412338
412339
349664
407825
352379
412342
412344
412345
412346
412347
412348
412349
412350
412351
412352
412353
412354
412355
412356
412357
412358
412359
412360
412361
412362
412363
412364
412365
412366
412367
412368
412369
412370
412371
412372
412373
412374
412375
412376
412377
412378
412379
412380
412381
412382
412383
412384
412385
412386
412387
412388
412389
412390
412391
412392
412393
412394
412395
412396
412397
412398
412399
412400
412401
412402
412403
412404
412405
412406
412407
412408
412409
412410
412411
412412
412413
412414
412415
412416
412417
412419
412420
412421
412422
412423
412424
412425
412426
412427
412428
412429
412432
412433
412434
412435
412437
412438
412439
412440
412441
349418
351854
351938
351945
352209
352382
353257
353431
412442
412443
412445
412446
412447
412448
412449
412450
412451
412452
412453
412454
412455
412456
412457
412458
412459
412460
412461
412462
412463
412464
412465
412466
412467
412468
412469
412470
412471
412472
412473
412474
412475
412476
412477
412478
412479
412480
412481
412482
412483
412484
412485
412486
412487
412488
412489
412490
412491
412492
412493
412494
412495
412496
412497
412498
412499
412500
412501
412502
412503
412504
412505
412506
412507
412508
412509
412510
412511
412512
412513
412514
412515
412516
412517
412518
412519
412520
412521
412522
412523
412524
412525
412526
412527
412529
412530
412531
412532
412533
412534
412536
412537
412538
412539
412541
350383
353079
411306
353258
353345
353433
412542
412544
412545
412546
412547
412548
412549
412550
412552
412553
412554
412555
412556
412557
412558
412559
412560
412561
412562
412563
412564
412565
412566
412567
412568
412569
412570
412571
412572
412573
412574
412575
412576
412577
412578
412579
412580
412581
412582
412583
412584
412585
412586
412587
412588
412589
412590
412591
412592
412593
412594
412595
412596
412597
412598
412599
412600
412601
412602
412603
412604
412605
412606
412607
412608
412609
412610
412611
412612
412613
412614
412615
412616
412617
412618
412619
412620
412621
412622
412623
412624
412625
412626
412627
412628
412629
412630
412632
412633
412635
412636
412637
412638
412639
412640
412641
350371
352554
352633
352996
353610
353774
412642
412643
412645
412646
412647
412648
412649
412651
412652
412653
412654
412655
412656
412657
412658
412659
412660
412661
412662
412663
412664
412665
412666
412667
412668
412669
412670
412671
412672
412673
412674
412675
412676
412677
412678
412679
412680
412681
412682
412683
412684
412685
412686
412687
412688
412689
412690
412691
412692
412693
412694
412695
412696
412697
412698
412699
412700
412701
412702
412703
412704
412705
412706
412707
412708
412709
412710
412711
412712
412713
412714
412715
412716
412717
412718
412719
412720
412721
412722
412723
412724
412725
412727
412728
412729
412730
412731
412732
412733
412734
412735
412736
412737
412739
412741
412744
412746
412747
351777
353777
412751
412753
412756
412757
412758
412759
412760
412761
412762
412763
412765
412766
412767
412768
412769
412770
412771
412772
412773
412774
412775
412776
412777
412778
412779
412780
412781
412782
412783
412784
412785
412786
412787
412788
412789
412790
412791
412792
412793
412794
412795
412796
412797
412798
412799
412800
412801
412802
412803
412804
412805
412806
412807
412808
412809
412810
412811
412812
412813
412814
412815
412816
412817
412818
412819
412820
412821
412822
412823
412824
412825
412826
412827
412828
412829
412831
412832
412833
412834
412835
412836
412837
412838
412839
412840
412841
412843
412844
349927
353432
412846
412847
412849
412850
412851
412852
412853
412854
412855
412856
412857
412858
412859
412860
412861
412862
412863
412864
412865
412866
412867
412868
412869
412870
412871
412872
412873
412874
412875
412876
412877
412878
412879
412880
412881
412882
412883
412884
412885
412886
412887
412888
412889
412890
412891
412892
412893
412894
412895
412896
412897
412898
412899
412900
412901
412902
412903
412904
412905
412906
412907
412908
412909
412910
412911
412912
412913
412914
412915
412916
412917
412918
412919
412920
412921
412922
412923
412924
412925
412927
412928
412929
412930
412932
412933
412934
412935
412936
412937
412939
412940
412941
412942
412943
412944
412945
412946
351415
351771
351787
352205
352734
350453
353256
353074
412947
412948
412950
412952
412953
412954
412955
412956
412957
412958
412959
412960
412961
412962
412963
412964
412965
412966
412967
412968
412969
412970
412971
412972
412973
412974
412975
412976
412977
412978
412979
412980
412981
412982
412983
412984
412985
412986
412987
412988
412989
412990
412991
412992
412993
412994
412995
412996
412997
412998
412999
413000
413001
413002
413003
413004
413005
413006
413007
413008
413009
413010
413011
413012
413013
413014
413015
413016
413017
413018
413019
413020
413021
413022
413023
413024
413025
413026
413027
413028
413029
413030
413031
413032
413033
413034
413035
413036
413037
413039
413041
413042
413043
413044
413045
350185
351150
352389
353173
413047
413049
413050
413051
413052
413053
413055
413056
413057
413058
413059
413060
413061
413062
413063
413064
413065
413066
413067
413068
413069
413070
413071
413072
413073
413074
413075
413076
413077
413078
413079
413080
413081
413082
413083
413084
413085
413086
413087
413088
413089
413090
413091
413092
413093
413094
413095
413096
413097
413098
413099
413100
413101
413102
413103
413104
413105
413106
413107
413108
413109
413110
413111
413112
413113
413114
413115
413116
413117
413118
413119
413120
413121
413122
413123
413124
413125
413126
413127
413128
413129
413130
413131
413132
413133
413134
413136
413137
413138
413139
413140
413141
413142
413143
413144
413145
413146
413147
413149
413150
413151
413152
413154
413155
413156
350819
351240
351336
350807
353957
412126
413157
413160
413161
413162
413165
413166
413167
413168
413169
413170
413171
413172
413173
413174
413175
413176
413177
413178
413179
413180
413181
413182
413183
413184
413185
413186
413187
413188
413189
413190
413191
413192
413193
413194
413195
413196
413197
413198
413199
413200
413201
413202
413203
413204
413205
413206
413207
413208
413209
413210
413211
413212
413213
413214
413215
413216
413217
413218
413219
413220
413221
413222
413223
413224
413225
413226
413227
413228
413229
413230
413231
413232
413233
413234
413235
413236
413237
413238
413239
413240
413241
413242
413243
413244
413245
413247
413248
413249
413250
413251
413252
413253
413254
349658
352127
353261
352469
353959
354127
413255
413256
413259
413260
413261
413262
413263
413264
413266
413267
413268
413269
413270
413271
413272
413273
413274
413275
413276
413277
413278
413279
413280
413281
413282
413283
413284
413285
413286
413287
413288
413289
413290
413291
413292
413293
413294
413295
413296
413297
413298
413299
413300
413301
413302
413303
413304
413305
413306
413307
413308
413309
413310
413311
413312
413313
413314
413315
413316
413317
413318
413319
413320
413321
413322
413323
413324
413325
413326
413327
413328
413329
413330
413331
413332
413333
413334
413335
413336
413337
413338
413339
413340
413341
413342
413344
413345
413346
413347
413348
413350
413351
413352
413353
413354
413355
403469
351946
351949
352035
352562
353170
353691
353960
354038
413356
413358
413359
413360
413361
413362
413363
413364
413365
413366
413367
413368
413369
413370
413371
413372
413373
413374
413375
413376
413377
413378
413379
413380
413381
413382
413383
413384
413385
413386
413387
413388
413389
413390
413391
413392
413393
413394
413395
413396
413397
413398
413399
413400
413401
413402
413403
413404
413405
413406
413407
413408
413409
413410
413411
413412
413413
413414
413415
413416
413417
413418
413419
413420
413421
413422
413423
413424
413425
413426
413427
413428
413429
413430
413431
413432
413433
413434
413435
413436
413437
413438
413439
413441
413443
413445
413446
413447
352810
353346
353963
413449
413450
413451
413453
413454
413455
413456
413458
413459
413460
413461
413462
413463
413464
413465
413466
413467
413468
413469
413470
413471
413472
413473
413474
413475
413476
413477
413478
413479
413480
413481
413482
413483
413484
413485
413486
413487
413488
413489
413490
413491
413492
413493
413494
413495
413496
413497
413498
413499
413500
413501
413502
413503
413504
413505
413506
413507
413508
413509
413510
413511
413512
413513
413514
413515
413516
413517
413518
413519
413520
413521
413522
413523
413524
413525
413526
413527
413528
413529
413530
413531
413532
413533
413534
413535
413536
413537
413538
413539
413540
413541
413542
413543
413544
413546
413547
413548
413549
413553
413554
413555
413556
413557
413558
413559
413560
413561
413562
413563
413564
413566
413567
350449
352998
353349
410796
409045
353775
353776
413569
413571
413572
413573
413574
413575
413576
413577
413578
413579
413580
413581
413582
413583
413584
413585
413586
413587
413588
413589
413590
413591
413592
413593
413594
413595
413596
413597
413598
413599
413600
413601
413602
413603
413604
413605
413606
413607
413608
413609
413610
413611
413612
413613
413614
413615
413616
413617
413618
413619
413620
413621
413622
413623
413624
413625
413626
413627
413628
413629
413630
413631
413632
413633
413634
413635
413636
413637
413638
413639
413640
413641
413642
413643
413644
413645
413646
413647
413648
413649
413650
413651
413652
413653
413654
413655
413656
413657
413658
413659
413660
413661
413662
413663
413664
413665
413666
413667
349934
408969
409258
353437
411501
413668
413669
413670
413672
413673
413674
413675
413676
413677
413678
413679
413680
413681
413682
413683
413684
413685
413686
413687
413688
413689
413690
413691
413692
413693
413694
413695
413696
413697
413698
413699
413700
413701
413702
413703
413704
413705
413706
413707
413708
413709
413710
413711
413712
413713
413714
413715
413716
413717
413718
413719
413720
413721
413722
413723
413724
413725
413726
413727
413728
413729
413730
413731
413732
413733
413734
413735
413736
413737
413738
413739
413740
413741
413742
413743
413744
413745
413746
413747
413748
413749
413750
413751
413752
413753
413754
413755
413756
413757
413758
413759
413760
413761
413762
413763
413765
413767
413768
413769
413770
413771
351511
351680
409971
413772
413773
413774
413776
413777
413778
413779
413780
413781
413782
413783
413784
413785
413786
413787
413788
413789
413790
413791
413792
413793
413794
413795
413796
413797
413798
413799
413800
413801
413802
413803
413804
413805
413806
413807
413808
413809
413810
413811
413812
413813
413814
413815
413816
413817
413818
413819
413820
413821
413822
413823
413824
413825
413826
413827
413828
413829
413830
413831
413832
413833
413834
413835
413836
413837
413838
413839
413840
413841
413842
413843
413844
413845
413846
413847
413848
413849
413850
413851
413852
413853
413854
413855
413856
413857
413858
413859
413860
413862
413863
413864
413867
413868
413869
413870
413871
413872
352476
353343
354043
349923
413873
413875
413877
413878
413879
413880
413881
413882
413883
413884
413885
413886
413887
413888
413889
413890
413891
413892
413893
413894
413895
413896
413897
413898
413899
413900
413901
413902
413903
413904
413905
413906
413907
413908
413909
413910
413911
413912
413913
413914
413915
413916
413917
413918
413919
413920
413921
413922
413923
413924
413925
413926
413927
413928
413929
413930
413931
413932
413933
413934
413935
413936
413937
413938
413939
413940
413941
413942
413943
413944
413945
413946
413947
413948
413949
413950
413951
413952
413953
413954
413955
413956
413957
413958
413959
413960
413961
413962
413963
413965
413966
413968
413971
413972
413973
413974
413975
413976
413977
413978
413979
413980
351857
351957
352039
352639
352819
412025
409559
413981
413984
413985
413986
413987
413988
413989
413990
413991
413992
413993
413994
413995
413996
413997
413998
413999
414000
414001
414002
414003
414004
414005
414006
414007
414008
414009
414010
414011
414012
414013
414014
414015
414016
414017
414018
414019
414020
414021
414022
414023
414024
414025
414026
414027
414028
414029
414030
414031
414032
414033
414034
414035
414036
414037
414038
414039
414040
414041
414042
414043
414044
414045
414046
414047
414048
414049
414050
414051
414052
414053
414054
414055
414056
414057
414058
414059
414060
414061
414062
414063
414064
414065
414066
414067
414068
414069
414070
414071
414072
414073
414074
414075
414076
414077
414078
414079
414080
414081
405376
351149
351507
353695
354212
354397
411193
414084
414085
414086
414087
414088
414089
414090
414091
414092
414093
414094
414095
414096
414097
414098
414099
414100
414101
414102
414103
414104
414105
414106
414107
414108
414109
414110
414111
414112
414113
414114
414115
414116
414117
414118
414119
414120
414121
414122
414123
414124
414125
414126
414127
414128
414129
414130
414131
414132
414133
414134
414135
414136
414137
414138
414139
414140
414141
414142
414143
414144
414145
414146
414147
414148
414149
414150
414151
414152
414153
414154
414155
414156
414157
414158
414159
414160
414161
414162
414163
414164
414165
414166
414167
414168
414169
414170
414171
414172
414173
351251
351597
351860
352211
352649
353083
353780
354220
414175
414176
414177
414179
414180
414181
414182
414183
414184
414185
414186
414187
414188
414189
414190
414191
414192
414193
414194
414195
414196
414197
414198
414199
414200
414201
414202
414203
414204
414205
414206
414207
414208
414209
414210
414211
414212
414213
414214
414215
414216
414217
414218
414219
414220
414221
414222
414223
414224
414225
414226
414227
414228
414229
414230
414231
414232
414233
414234
414235
414236
414237
414238
414239
414240
414241
414242
414243
414244
414245
414246
414247
414248
414249
414250
414251
414252
414253
414254
414255
414256
414257
414258
414259
414260
414261
414262
414263
414264
414265
414266
414267
414268
414269
414270
414271
414272
414275
414276
351871
352126
352404
354214
354753
355014
350267
350266
414278
414279
414280
414281
414282
414283
414284
414285
414286
414287
414288
414289
414290
414291
414292
414293
414294
414295
414296
414297
414298
414299
414300
414301
414302
414303
414304
414305
414306
414307
414308
414309
414310
414311
414312
414313
414314
414315
414316
414317
414318
414319
414320
414321
414322
414323
414324
414325
414326
414327
414328
414329
414330
414331
414332
414333
414334
414335
414336
414337
414338
414339
414340
414341
414342
414343
414344
414345
414346
414347
414348
414349
414350
414351
414352
414353
414354
414355
414356
414357
414358
414359
414360
414361
414362
414363
414364
414365
414367
414368
414369
414371
414373
414375
414376
414377
406326
352217
352811
353175
353534
411106
354838
351768
414378
414379
414380
414382
414383
414384
414385
414386
414387
414388
414389
414390
414391
414392
414393
414394
414395
414396
414397
414398
414399
414400
414401
414402
414403
414404
414405
414406
414407
414408
414409
414410
414411
414412
414413
414414
414415
414416
414417
414418
414419
414420
414421
414422
414423
414424
414425
414426
414427
414428
414429
414430
414431
414432
414433
414434
414435
414436
414437
414438
414439
414440
414441
414442
414443
414444
414445
414446
414447
414448
414449
414450
414451
414452
414453
414454
414455
414456
414457
414458
414459
414460
414461
414462
414463
414464
414465
414466
414467
414468
414469
414470
414471
414472
414473
414474
414475
414476
414477
414478
414479
414480
401802
351947
352474
352991
354672
354752
414482
414484
414485
414486
414487
414488
414489
414490
414491
414492
414493
414494
414495
414496
414497
414498
414499
414500
414501
414502
414503
414504
414505
414506
414507
414508
414509
414510
414511
414512
414513
414514
414515
414516
414517
414518
414519
414520
414521
414522
414523
414524
414525
414526
414527
414528
414529
414530
414531
414532
414533
414534
414535
414536
414537
414538
414539
414540
414541
414542
414543
414544
414545
414546
414547
414548
414549
414550
414551
414552
414553
414554
414555
414556
414557
414558
414559
414560
414561
414562
414563
414564
414565
414566
414567
414568
414569
414570
414571
414572
414574
414575
414576
414577
414578
400984
404995
351144
353438
354396
354480
354674
354839
350097
348804
350982
350715
414581
414582
414583
414584
414585
414586
414587
414588
414589
414590
414591
414592
414593
414594
414595
414596
414597
414598
414599
414600
414601
414602
414603
414604
414605
414606
414607
414608
414609
414610
414611
414612
414613
414614
414615
414616
414617
414618
414619
414620
414621
414622
414623
414624
414625
414626
414627
414628
414629
414630
414631
414632
414633
414634
414635
414636
414637
414638
414639
414640
414641
414642
414643
414644
414645
414646
414647
414648
414649
414650
414651
414652
414653
414654
414655
414656
414657
414658
414659
414660
414661
414662
414663
414664
414665
414666
414667
414668
414669
414670
414671
414672
414673
414674
414675
414676
414677
414678
414679
414680
414681
414682
414683
414684
414685
414686
406934
352632
412740
351172
414688
414689
414690
414691
414692
414693
414694
414695
414696
414697
414698
414699
414700
414701
414702
414703
414704
414705
414706
414707
414708
414709
414710
414711
414712
414713
414714
414715
414716
414717
414718
414719
414720
414721
414722
414723
414724
414725
414726
414727
414728
414729
414730
414731
414732
414733
414734
414735
414736
414737
414738
414739
414740
414741
414742
414743
414744
414745
414746
414747
414748
414749
414750
414751
414752
414753
414754
414755
414756
414757
414758
414759
414760
414761
414762
414763
414764
414765
414766
414767
414768
414769
414770
414771
414772
414773
414775
414776
414777
414778
414779
414780
414781
414782
414783
414784
414785
414786
414787
352300
354673
351330
414788
414789
414790
414791
414792
414793
414794
414795
414796
414797
414798
414799
414800
414801
414802
414803
414804
414805
414806
414807
414808
414809
414810
414811
414812
414813
414814
414815
414816
414817
414818
414819
414820
414821
414822
414823
414824
414825
414826
414827
414828
414829
414830
414831
414832
414833
414834
414835
414836
414837
414838
414839
414840
414841
414842
414843
414844
414845
414846
414847
414848
414849
414850
414851
414852
414853
414854
414855
414856
414857
414858
414859
414860
414861
414862
414863
414864
414865
414866
414867
414868
414869
414870
414871
414872
414873
414874
414875
414876
414877
414878
414879
414880
414881
414882
414883
414884
414885
414886
414887
414888
414889
414890
414891
414892
414893
414894
414895
410389
410793
352726
353533
354573
354837
355013
350549
350900
408225
350727
350985
355618
414896
414897
414898
414899
414900
414901
414902
414903
414904
414905
414906
414907
414908
414909
414910
414911
414912
414913
414914
414915
414916
414917
414918
414919
414920
414921
414922
414923
414924
414925
414926
414927
414928
414929
414930
414931
414932
414933
414934
414935
414936
414937
414938
414939
414940
414941
414942
414943
414944
414945
414946
414947
414948
414949
414950
414951
414952
414953
414954
414955
414956
414957
414958
414959
414960
414961
414962
414963
414964
414965
414966
414967
414968
414969
414970
414971
414972
414973
414974
414975
414976
414977
414978
414979
414980
414981
414982
414983
414984
414985
414986
414987
414988
414989
414990
414992
414993
414994
414995
414996
350101
350903
352470
352567
352816
353444
353527
354131
354223
409252
350455
355354
414274
414997
414998
414999
415000
415001
415002
415003
415004
415005
415006
415007
415008
415009
415010
415011
415012
415013
415014
415015
415016
415017
415018
415019
415020
415021
415022
415023
415024
415025
415026
415027
415028
415029
415030
415031
415032
415033
415034
415035
415036
415037
415038
415039
415040
415041
415042
415043
415044
415045
415046
415047
415048
415049
415050
415051
415052
415053
415054
415055
415056
415057
415058
415059
415060
415061
415062
415063
415064
415065
415066
415067
415068
415069
415070
415071
415072
415073
415074
415075
415076
415077
415078
415079
415080
415081
415082
415083
415084
415085
415086
415087
415088
415089
415090
415091
415092
415094
415095
415096
415097
415098
350644
351498
351776
352396
352580
353176
410993
410390
350888
354931
355185
415099
415100
415101
415102
415103
415104
415105
415106
415107
415108
415109
415110
415111
415112
415113
415114
415115
415116
415117
415118
415119
415120
415121
415122
415123
415124
415125
415126
415127
415128
415129
415130
415131
415132
415133
415134
415135
415136
415137
415138
415139
415140
415141
415142
415143
415144
415145
415146
415147
415148
415149
415150
415151
415152
415153
415154
415155
415156
415157
415158
415159
415160
415161
415162
415163
415164
415165
415166
415167
415168
415169
415170
415171
415172
415173
415174
415175
415176
415177
415178
415179
415180
415181
415182
415183
415184
415185
415186
415187
415188
415189
415190
415191
415192
415193
415194
415195
415196
415197
415198
415199
415200
415201
415202
415203
415204
415205
415206
402763
350726
350742
352900
353706
354571
354755
408743
348514
355186
350721
355356
351318
415207
415208
415209
415210
415211
415212
415213
415214
415215
415216
415217
415218
415219
415220
415221
415222
415223
415224
415225
415226
415227
415228
415229
415230
415231
415232
415233
415234
415235
415236
415237
415238
415239
415240
415241
415242
415243
415244
415245
415246
415247
415248
415249
415250
415251
415252
415253
415254
415255
415256
415257
415258
415259
415260
415261
415262
415263
415264
415265
415266
415267
415268
415269
415270
415271
415272
415273
415274
415275
415276
415277
415278
415279
415280
415281
415282
415283
415284
415285
415286
415287
415288
415289
415290
415291
415292
415293
415294
415295
415296
415297
415298
415299
415300
415301
415302
415303
415304
415305
415306
415307
405776
351678
351965
410694
408434
354218
355361
350276
351146
351581
)


// ************************************************************************* //
